VTuber ID,Video Type,Title,Publish Time,URL,Thumbnail URL
500bd7cdaaa84adeb894c40ebd7f28ed,upcoming,【AirLife】和我們一起瘋跨年！未央珍藏全員未公開音檔流出？！,1970-01-01T00:00:00Z,https://www.youtube.com/watch?v=XANsQWl9b6M,https://i.ytimg.com/vi/XANsQWl9b6M/mqdefault_live.jpg
f6a4e7aa8d0c4e5cb39d199845ec4d02,upcoming,阿,1970-01-01T00:00:00Z,https://www.youtube.com/watch?v=IVk1fnwu_hU,https://i.ytimg.com/vi/IVk1fnwu_hU/mqdefault_live.jpg
789a7f5d025349b4ace0925f9e17fdd7,upcoming,「Stardust Live」直播,1970-01-01T00:00:00Z,https://www.youtube.com/watch?v=WIzN7RYyjEA,https://i.ytimg.com/vi/WIzN7RYyjEA/mqdefault_live.jpg
78195639f2464c75a84f79d46120e28a,upcoming,【突發】工作臺~你今天叮叮噹了嗎?【姬宮優花】,1970-01-01T00:00:00Z,https://www.youtube.com/watch?v=cUZ8PmLwRc0,https://i.ytimg.com/vi/cUZ8PmLwRc0/mqdefault_live.jpg
554ca19c3d924cacac1f680675b9fdd2,upcoming,原神2.8活動開跑中【圖奇原神掉寶】【玥語ほしぞら】,1970-01-01T00:00:00Z,https://www.youtube.com/watch?v=NP5C-BgllmU,https://i.ytimg.com/vi/NP5C-BgllmU/mqdefault_live.jpg
49196eec11454f589d4d6e52f1b1bbe8,upcoming,【直播】【突發】雜談唱｜啊不就雙十一出來給大家看一下o_o【菜姬】,1970-01-01T00:00:00Z,https://www.youtube.com/watch?v=XxHPezKoUEM,https://i.ytimg.com/vi/XxHPezKoUEM/mqdefault_live.jpg
86154ca2dc964847b37297138aa65b9f,upcoming,薰草突發!【雀魂觀眾場】好久沒打雀魂了!想說馬麻放假跟馬麻一起玩~FT.鬼塚魅華,1970-01-01T00:00:00Z,https://www.youtube.com/watch?v=LD7KsAcbrbc,https://i.ytimg.com/vi/LD7KsAcbrbc/mqdefault_live.jpg
1e0ca2c7a8d7493baa62b792d78e7b07,upcoming,【Q妹】yo 等等10.亂七八糟 在那之前 我有一個小時可以偷~,1970-01-01T00:00:00Z,https://www.youtube.com/watch?v=GtaBjQitX7o,https://i.ytimg.com/vi/GtaBjQitX7o/mqdefault_live.jpg
607a7be9721741c48e2901609c294ada,upcoming,【天穗之咲稻姬-Sakuna: Of Rice and Ruin】聽說是種田模擬器，新手玩家(๑•̀ㅂ•́)و 【#愛吃餅乾的布丁】,1970-01-01T00:00:00Z,https://www.youtube.com/watch?v=MKvk7OVVbN8,https://i.ytimg.com/vi/MKvk7OVVbN8/mqdefault_live.jpg
de6ab52e6aca42d2ab88274244e772fc,upcoming,【雜】咩咩噗噗  - #zzzlive,1970-01-01T00:00:00Z,https://www.youtube.com/watch?v=26e-hi_asjA,https://i.ytimg.com/vi/26e-hi_asjA/mqdefault_live.jpg
2dc29f6b05584c718c60034af9883496,upcoming,【Fallout 4】環境美化嘗試...?【千翎】,1970-01-01T00:00:00Z,https://www.youtube.com/watch?v=Qh0DIbR0w_0,https://i.ytimg.com/vi/Qh0DIbR0w_0/mqdefault_live.jpg
a59b5e9b4b3f423faa754bb0c1c5e9f7,upcoming,【陪我等衣服洗好】辣個最會洗衣服的台V,1970-01-01T00:00:00Z,https://www.youtube.com/watch?v=dYiARgTtpc4,https://i.ytimg.com/vi/dYiARgTtpc4/mqdefault_live.jpg
b5ff000d6dd74683b17965294f1c4bf7,upcoming,【突如其蘭】25.唱啦唱啦哪次沒唱，隨時不提示收台,1970-01-01T00:00:00Z,https://www.youtube.com/watch?v=Y0mQ7MPxIq0,https://i.ytimg.com/vi/Y0mQ7MPxIq0/mqdefault_live.jpg
8a86c4d0f4ce462a92c6bf09c027e432,upcoming,【玩遊戲】【休閒療癒】Sky光·遇 #248,1970-01-01T00:00:00Z,https://www.youtube.com/watch?v=0KLtuJZNBpY,https://i.ytimg.com/vi/0KLtuJZNBpY/mqdefault_live.jpg
4d44c28a73394954a4d1bf2a1b2c162c,upcoming,【OpenAI】新玩具？新機器人？一起跟#OpenAi 說說話！【紅梅】,1970-01-01T00:00:00Z,https://www.youtube.com/watch?v=jN13bbJl3-g,https://i.ytimg.com/vi/jN13bbJl3-g/mqdefault_live.jpg
7dc8617f6004470c8a65a67a9abdf661,upcoming,[Dead by Daylight]該練起來了吧(o ° ω ° O ),1970-01-01T00:00:00Z,https://www.youtube.com/watch?v=bcKHUORTDpI,https://i.ytimg.com/vi/bcKHUORTDpI/mqdefault_live.jpg
81387cdce77a4a9b9338145b28ae9ff6,upcoming,【APEX】邊聊邊玩〈Vtuber〉,1970-01-01T00:00:00Z,https://www.youtube.com/watch?v=N725_OCk1Oo,https://i.ytimg.com/vi/N725_OCk1Oo/mqdefault_live.jpg
1ead15220cb842a79c3922d08d618e31,upcoming,【遊戲台】佩塔是人品型選手,1970-01-01T00:00:00Z,https://www.youtube.com/watch?v=zi09CKiB8kg,https://i.ytimg.com/vi/zi09CKiB8kg/mqdefault_live.jpg
9335c3076be84149abfbef91ac0e9e68,upcoming,Koana 考娜 Live Stream,1970-01-01T00:00:00Z,https://www.youtube.com/watch?v=Ksvkd8Zbx_w,https://i.ytimg.com/vi/Ksvkd8Zbx_w/mqdefault_live.jpg
7f7e1579979c49249dc65783d457e890,upcoming,唱歌背景有一點點施工的聲音應該還好吧,1970-01-01T00:00:00Z,https://www.youtube.com/watch?v=znpDdZQVg0g,https://i.ytimg.com/vi/znpDdZQVg0g/mqdefault_live.jpg
08268c9de16e423381e351aeef8f7ffb,upcoming,【突發觀眾場】跟大家一起改建我家！【#minecraft 】,1970-01-01T00:00:00Z,https://www.youtube.com/watch?v=b89p6U_qiEY,https://i.ytimg.com/vi/b89p6U_qiEY/mqdefault_live.jpg
d576c2396a004f3c8dd91baf14254898,upcoming,「Nanaha ch. 七葉 」直播,1970-01-01T00:00:00Z,https://www.youtube.com/watch?v=UPbr1PkA-cs,https://i.ytimg.com/vi/UPbr1PkA-cs/mqdefault_live.jpg
da3d722ffea34b5b87fbb62c6026cba2,upcoming,【🌙突發】可能邊唱歌邊聊天【月子🌙Moonko】,1970-01-01T00:00:00Z,https://www.youtube.com/watch?v=SuCE93A35Do,https://i.ytimg.com/vi/SuCE93A35Do/mqdefault_live.jpg
0ff25ac169ee4ed584abd2591cb72a59,upcoming,【APEX/雀魂】就一下【水宮蒼留ft.毛火火、秋月】,1970-01-01T00:00:00Z,https://www.youtube.com/watch?v=ZUwBdgBDdNw,https://i.ytimg.com/vi/ZUwBdgBDdNw/mqdefault_live.jpg
1771ef764194489f844009c44fd2df2a,upcoming,【練唱】,1970-01-01T00:00:00Z,https://www.youtube.com/watch?v=ZkXrcIwb2T8,https://i.ytimg.com/vi/ZkXrcIwb2T8/mqdefault_live.jpg
2f966e51210f49ba9dce2ac90e3ada18,upcoming,ʚ Teamfight Tactics ɞ 1116  吃飯飯 乃休閒的下一會棋吧(≖ᴗ≖๑) #Ruriilive,1970-01-01T00:00:00Z,https://www.youtube.com/watch?v=SD9ctGtDLgM,https://i.ytimg.com/vi/SD9ctGtDLgM/mqdefault_live.jpg
c2bbc6bca92c4825b72d635634197e2b,upcoming,「🐯淵夜🐍台灣Vtuber」直播,1970-01-01T00:00:00Z,https://www.youtube.com/watch?v=CAnLWH7zd4U,https://i.ytimg.com/vi/CAnLWH7zd4U/mqdefault_live.jpg
26e2e1583d404f48b879375ef74ae33a,upcoming,【神奇寶貝・紫羅蘭】#01 新地區，出發！,1970-01-01T00:00:00Z,https://www.youtube.com/watch?v=dBqWyQR4Nfw,https://i.ytimg.com/vi/dBqWyQR4Nfw/mqdefault_live.jpg
13992a4fb59649ada3a2adf027b5b35a,upcoming,ღ Michelle ღ❤ test！？,1970-01-01T00:00:00Z,https://www.youtube.com/watch?v=8n15Db0TJPc,https://i.ytimg.com/vi/8n15Db0TJPc/mqdefault_live.jpg
ba795eb1ea0f4fea888b1bfff3d5be86,upcoming,【1201】減班DAY｜臨時避難所,1970-01-01T00:00:00Z,https://www.youtube.com/watch?v=DLTwOQS-N-4,https://i.ytimg.com/vi/DLTwOQS-N-4/mqdefault_live.jpg
d23dbc9d1db64c42821697d1bac8fb66,upcoming,「石咚 sDone ch. //二月底初配信」直播,1970-01-01T00:00:00Z,https://www.youtube.com/watch?v=0Lp_zBRHB10,https://i.ytimg.com/vi/0Lp_zBRHB10/mqdefault_live.jpg
8881d23b0a3c426590c8a2509e363ec1,upcoming,【Minecraft】想做個半自動收割機,1970-01-01T00:00:00Z,https://www.youtube.com/watch?v=3eBLMhoP9N0,https://i.ytimg.com/vi/3eBLMhoP9N0/mqdefault_live.jpg
3a932cc8813343b6bb5d822cb2f53558,upcoming,「Naomi娜歐蜜」直播,1970-01-01T00:00:00Z,https://www.youtube.com/watch?v=dH2P-IMaz8I,https://i.ytimg.com/vi/dH2P-IMaz8I/mqdefault_live.jpg
824c0c36956f4a73bb3ec479dd8e4da8,upcoming,「Sachiko Ch. 清水紗智子【DreamCity所屬】」直播,1970-01-01T00:00:00Z,https://www.youtube.com/watch?v=Jl6QZ6BmLp4,https://i.ytimg.com/vi/Jl6QZ6BmLp4/mqdefault_live.jpg
433b2802b62441a39c721400926d59eb,upcoming,【Minecraft】喔喔喔喔喔好久沒完麥塊了,1970-01-01T00:00:00Z,https://www.youtube.com/watch?v=63x7tSKCCso,https://i.ytimg.com/vi/63x7tSKCCso/mqdefault_live.jpg
734477be3c5d42afbdde5356c6a6e8ee,upcoming,【#雜談  】冒著生命危險寫功課[#雪魚子],1970-01-01T00:00:00Z,https://www.youtube.com/watch?v=teh9mBslmxE,https://i.ytimg.com/vi/teh9mBslmxE/mqdefault_live.jpg
0a000a22ebd84abf860bcd5ef0a5ed60,upcoming,愛神餐館2 #3  雷傳每日大暴死（1/1）:|| 貓排ちゃんฅΦωΦฅ Rainie,1970-01-01T00:00:00Z,https://www.youtube.com/watch?v=fY5esaPzbgY,https://i.ytimg.com/vi/fY5esaPzbgY/mqdefault_live.jpg
5b6584a73478450d9db3f44b918580fd,upcoming,【突發】一回歸就想練唱歌，隨意唱唱而且可能不留檔:3【迦米爾Kamir】,1970-01-01T00:00:00Z,https://www.youtube.com/watch?v=UzHL7R9o7Oo,https://i.ytimg.com/vi/UzHL7R9o7Oo/mqdefault_live.jpg
9cac038aa8324c7bb6970fec818fe4cd,upcoming,格蘭騎士團廣告打怎麼大究盡好不好玩呢？《喵晶院 夢炎》#夢話 #vtuber #新人vtuber #個人勢vtuber,1970-01-01T00:00:00Z,https://www.youtube.com/watch?v=4XItVeQTi70,https://i.ytimg.com/vi/4XItVeQTi70/mqdefault_live.jpg
fd62c955979d4f14b788100154fb26e8,upcoming,雨宮AKASA｜20221126 今天也是充滿困惑的開,1970-01-01T00:00:00Z,https://www.youtube.com/watch?v=DnAkV05Ik44,https://i.ytimg.com/vi/DnAkV05Ik44/mqdefault_live.jpg
daf01d921fcd4d59876e7f574a083aba,upcoming,「落雨生 Ú-sing」直播,1970-01-01T00:00:00Z,https://www.youtube.com/watch?v=-DnVyaWL9Kw,https://i.ytimg.com/vi/-DnVyaWL9Kw/mqdefault_live.jpg
018244f1ad404c9eaa4ddf747c3bafa0,upcoming,【寶可夢 朱／紫】美術與家政，要畢業了！？ (switch),1970-01-01T00:00:00Z,https://www.youtube.com/watch?v=0Z3R99bb8dE,https://i.ytimg.com/vi/0Z3R99bb8dE/mqdefault_live.jpg
de5f8aaf92814bb79eb91adb0efc8f1d,upcoming,【寶可夢-朱】Day.4 突發!希望抓得完18個太晶化屬性的伊布~｜沙沙狐,1970-01-01T00:00:00Z,https://www.youtube.com/watch?v=VL5LEh7mT1M,https://i.ytimg.com/vi/VL5LEh7mT1M/mqdefault_live.jpg
59654ead905a4db2bbcb33812148555f,upcoming,【突發】工作水時數 !?｜南宮崧熠,1970-01-01T00:00:00Z,https://www.youtube.com/watch?v=7T__HroSP0w,https://i.ytimg.com/vi/7T__HroSP0w/mqdefault_live.jpg
b68a37dacfe8468f80f9eaf892a1513b,upcoming,【繪圖台】專業動畫師畫給你看！動畫工程大公開！二日目！【#nanokaLive】,1970-01-01T00:00:00Z,https://www.youtube.com/watch?v=F5ui2urMOVM,https://i.ytimg.com/vi/F5ui2urMOVM/mqdefault_live.jpg
11dd1f817a6b4c80a066aedd8e0fa419,upcoming,【企劃】來一起玩心理測驗，看看我是甚麼樣的鯊魚布偶？？｜艾麗Ellie,1970-01-01T00:00:00Z,https://www.youtube.com/watch?v=c44MO36BrYY,https://i.ytimg.com/vi/c44MO36BrYY/mqdefault_live.jpg
7b58646f89cb4b7cbcdce819499c475f,upcoming,【突發】生存報告與近況報告【露諾莉雅•因卡倫】【異世界種族所屬】,1970-01-01T00:00:00Z,https://www.youtube.com/watch?v=Jtu_p-l1jeM,https://i.ytimg.com/vi/Jtu_p-l1jeM/mqdefault_live.jpg
cbaa062d8a2443b1b2b1efd92d9bd3bb,upcoming,🎀度假小屋公告欄🎀本周週表【伏圓圓Fu_Yuanyuan】#伏圓圓,1970-01-01T00:00:00Z,https://www.youtube.com/watch?v=apggSDst_4E,https://i.ytimg.com/vi/apggSDst_4E/mqdefault_live.jpg
6e15e67ee0fd4acaaf9f7104bfd186bd,upcoming,【墨伊MoY】Muse Dash!,1970-01-01T00:00:00Z,https://www.youtube.com/watch?v=YxQBiEvEwpQ,https://i.ytimg.com/vi/YxQBiEvEwpQ/mqdefault_live.jpg
696e947cd8624e609553d6786d21f11c,upcoming,「Runo Ch. 夢見ルノ(露諾) Vtuber」直播,1970-01-01T00:00:00Z,https://www.youtube.com/watch?v=DOwllf8SoSY,https://i.ytimg.com/vi/DOwllf8SoSY/mqdefault_live.jpg
9060cac0b33549e08fa816d3bf4c4b39,upcoming,突發啦！糖豆人毫無技術台🍀,1970-01-01T00:00:00Z,https://www.youtube.com/watch?v=-bBgRBxTFUA,https://i.ytimg.com/vi/-bBgRBxTFUA/mqdefault_live.jpg
b0e88b4d4e5d41c4b5edd07540dc3637,upcoming,【柚鈴Yuurei / Vsupport】,1970-01-01T00:00:00Z,https://www.youtube.com/watch?v=2_z57UB77zg,https://i.ytimg.com/vi/2_z57UB77zg/mqdefault_live.jpg
6453df4125354e0eaa2e8dcb8b30fdac,upcoming,糖豆人with.媽媽/菇逃,1970-01-01T00:00:00Z,https://www.youtube.com/watch?v=LSUOcfjn3u8,https://i.ytimg.com/vi/LSUOcfjn3u8/mqdefault_live.jpg
2ada3b89962b479bb8dbd2a63bca5da1,upcoming,🎮！突發！🎮 愛睏海拉魯（III）📡,1970-01-01T00:00:00Z,https://www.youtube.com/watch?v=ULVIkEoBZVs,https://i.ytimg.com/vi/ULVIkEoBZVs/mqdefault_live.jpg
61c75f9fbf044b54872197eec7c9bafa,upcoming,「ZT」直播,1970-01-01T00:00:00Z,https://www.youtube.com/watch?v=GiEZxCBH8HE,https://i.ytimg.com/vi/GiEZxCBH8HE/mqdefault_live.jpg
508a96e9b53f47cdba71f2c0bb195cba,upcoming,「山奈 ch.」直播,1970-01-01T00:00:00Z,https://www.youtube.com/watch?v=2ZRwnBrIxO8,https://i.ytimg.com/vi/2ZRwnBrIxO8/mqdefault_live.jpg
e18809f0a5d8461e81607dc3b3d492c5,upcoming,【想幹嘛就幹嘛】我想吃泡麵【悠棉/Yomian】,1970-01-01T00:00:00Z,https://www.youtube.com/watch?v=EVjK3AvNjF0,https://i.ytimg.com/vi/EVjK3AvNjF0/mqdefault_live.jpg
ffa06713ab124015a3826feaed9dc3ae,upcoming,「牧犁MuLi ch.」直播,1970-01-01T00:00:00Z,https://www.youtube.com/watch?v=gI3g6Cur1Rw,https://i.ytimg.com/vi/gI3g6Cur1Rw/mqdefault_live.jpg
8d65d936f3c7411ab8a812d7ebc70cdf,upcoming,【史萊姆農場2】是個新系列欸！有可愛的史萊姆欸！#莉蘭live,1970-01-01T00:00:00Z,https://www.youtube.com/watch?v=BuMhfLWpNlU,https://i.ytimg.com/vi/BuMhfLWpNlU/mqdefault_live.jpg
a3f2963a57094502a10845075cdee88c,upcoming,血滴Inubushi的即時串流,1970-01-01T00:00:00Z,https://www.youtube.com/watch?v=XaYkGCC07FI,https://i.ytimg.com/vi/XaYkGCC07FI/mqdefault_live.jpg
1b8f1c5c6e784ef4930d7e0f1dc35e4e,upcoming,【重大告知】如題【綺綺諾庫諾】,1970-01-01T00:00:00Z,https://www.youtube.com/watch?v=0YtLeZh9DHI,https://i.ytimg.com/vi/0YtLeZh9DHI/mqdefault_live.jpg
32a08f858ffb4d6aba0624647cf8cf2d,upcoming,「米可緹Milk tea」直播,1970-01-01T00:00:00Z,https://www.youtube.com/watch?v=VABh-CjbfNU,https://i.ytimg.com/vi/VABh-CjbfNU/mqdefault_live.jpg
94b3f738cde248e3bf6061f1692d6337,upcoming,《RO仙境傳說：愛如初見》失蹤人口 回歸送你一套80裝，改造陷阱獵人玩玩  查4【灰米Graymi/粵/國語Vtuber】,1970-01-01T00:00:00Z,https://www.youtube.com/watch?v=jrVZQgDf1QM,https://i.ytimg.com/vi/jrVZQgDf1QM/mqdefault_live.jpg
e15c84e0cf1742c3b2a78faf3b16267e,upcoming,＊星鈴直播＊Pokemon帕底亞地區！當然選紫啦～ 有時間就來玩 ^1^,1970-01-01T00:00:00Z,https://www.youtube.com/watch?v=QZd9NtPNvz8,https://i.ytimg.com/vi/QZd9NtPNvz8/mqdefault_live.jpg
183c98a5b67141469d956ff89efe35ec,upcoming,【突發無聲畫畫台】畫GUNDAM原創畫集!! / Alice Tarrandalf ch.【HKVtuber】,1970-01-01T00:00:00Z,https://www.youtube.com/watch?v=EI-AcqBbBcY,https://i.ytimg.com/vi/EI-AcqBbBcY/mqdefault_live.jpg
d2a7b2d142ea4076afcfc7263b9e09fd,upcoming,「蕾雅Rhea Corey Ch.」直播,1970-01-01T00:00:00Z,https://www.youtube.com/watch?v=cbyIBU1khIM,https://i.ytimg.com/vi/cbyIBU1khIM/mqdefault_live.jpg
8f4142c5ead94656b4744b425d800fb8,upcoming,［Arcaea/アーケア］Arcaea 练习/Arcaea Practice/アーケア練習 #44,1970-01-01T00:00:00Z,https://www.youtube.com/watch?v=YZ8GnBytbzQ,https://i.ytimg.com/vi/YZ8GnBytbzQ/mqdefault_live.jpg
2bffdc20e3cb48de9bf46600f62d248e,upcoming,【apex】11/11 光棍节 ❄️【冬夜Toya】【马来西亚Vtuber】,1970-01-01T00:00:00Z,https://www.youtube.com/watch?v=x9L6gEzhKBE,https://i.ytimg.com/vi/x9L6gEzhKBE/mqdefault_live.jpg
a0981cb8e7234c52a2fe52e0be9929b9,upcoming,麻曙君君 Mochi Kyun Ch.  Live Stream,1970-01-01T00:00:00Z,https://www.youtube.com/watch?v=ib6cHyfiHhY,https://i.ytimg.com/vi/ib6cHyfiHhY/mqdefault_live.jpg
a9faef4b712b4649ba60c7e8e262175a,upcoming,[THE DEVIL IN ME PT 2 - PG18] good morning so early ah wake up,1970-01-01T00:00:00Z,https://www.youtube.com/watch?v=N-uQtR5G7mY,https://i.ytimg.com/vi/N-uQtR5G7mY/mqdefault_live.jpg
f5c278ed50af44b6a78e8436020c871f,upcoming,【LAPIN】What's in the red box?【日紫喜/ HishikiMurasaki】,1970-01-01T00:00:00Z,https://www.youtube.com/watch?v=UPkwqWPZTEw,https://i.ytimg.com/vi/UPkwqWPZTEw/mqdefault_live.jpg
2d25a18a83af462a8d4062e162017a1a,upcoming,「咬錢竜エリカ」直播,1970-01-01T00:00:00Z,https://www.youtube.com/watch?v=vmlU11Pn_Mc,https://i.ytimg.com/vi/vmlU11Pn_Mc/mqdefault_live.jpg
6959e8b5a1b547fcbca8516109d58c38,upcoming,Vsvev,2022-11-09T13:17:01Z,https://www.youtube.com/watch?v=izhiLO6ij-A,https://i.ytimg.com/vi/izhiLO6ij-A/mqdefault_live.jpg
8cbdee1cfd644878b7392bd1c996c185,upcoming,[熊熊聊天室] 一起來決定懷特的生命吧(?,2022-11-10T13:26:46Z,https://www.youtube.com/watch?v=fNOuGnFBDZM,https://i.ytimg.com/vi/fNOuGnFBDZM/mqdefault_live.jpg
66097c1553b44a319b2f2ebe78a61d28,upcoming,♢Schedule◈以Twitter公佈為準♢,2022-11-20T10:00:00Z,https://www.youtube.com/watch?v=j9BiwPgqOnQ,https://i.ytimg.com/vi/j9BiwPgqOnQ/mqdefault_live.jpg
8cbdee1cfd644878b7392bd1c996c185,upcoming,[熊熊遊戲室]  就決定是你了! 紫紫的懷特熊熊!,2022-11-21T12:44:58Z,https://www.youtube.com/watch?v=-1NXL2zLtGg,https://i.ytimg.com/vi/-1NXL2zLtGg/mqdefault_live.jpg
f7b1eada802e4ed89c306c6641d243b3,upcoming,【早安電台】每月一次的周日早安台！🌺【緹娜Vtuber】#緹娜的小時光,2022-11-27T00:30:00Z,https://www.youtube.com/watch?v=xQR6rinnRm4,https://i.ytimg.com/vi/xQR6rinnRm4/mqdefault_live.jpg
fbfe453800444cdd8a35eb8abf365f32,upcoming,【葉月雪希嚕 | 遊戲隨便玩】 |  隨便聊聊  2022.11.27 #VtuberTW,2022-11-29T14:00:19Z,https://www.youtube.com/watch?v=cZeEoPjJoDo,https://i.ytimg.com/vi/cZeEoPjJoDo/mqdefault_live.jpg
8cbdee1cfd644878b7392bd1c996c185,upcoming,"[熊熊遊戲室]  冠軍之路,我來了!! 寶可夢 紫",2022-11-30T12:44:26Z,https://www.youtube.com/watch?v=CIbWCjlrcMk,https://i.ytimg.com/vi/CIbWCjlrcMk/mqdefault_live.jpg
d3ab0c49fb8947019bced618b57965e8,upcoming,【Prison Simulator】監獄大佬在此【安納斯塔西婭│HKvtuber】,2022-12-01T15:00:00Z,https://www.youtube.com/watch?v=daorrNsB_dw,https://i.ytimg.com/vi/daorrNsB_dw/mqdefault_live.jpg
64dc8c2de5de4c43906e515ec03f79c6,upcoming,【遊欺王子開講】BL術語有那那那那麼多！骨科／三人行／CP／ABO／中心向／上升真人？一次說給你們聽！,2022-12-02T14:00:00Z,https://www.youtube.com/watch?v=98HXfVepjyU,https://i.ytimg.com/vi/98HXfVepjyU/mqdefault_live.jpg
a81658b798ed49b2a710295d1ecf95be,upcoming,我ㄉ噴火龍【寶可夢朱紫】,2022-12-02T19:00:00Z,https://www.youtube.com/watch?v=TMJLulmuegw,https://i.ytimg.com/vi/TMJLulmuegw/mqdefault_live.jpg
575d15d21f7240e1ad72935bf7fa0465,upcoming,🍡【連動｜少女的甜點工坊】線下手作時間 ♡ 跟可可愛愛花夕醬出門約會 ♡ 【夏羽由里｜ft.花夕】,2022-12-05T07:00:00Z,https://www.youtube.com/watch?v=Lq_Bp_2xz_4,https://i.ytimg.com/vi/Lq_Bp_2xz_4/mqdefault_live.jpg
a00240316f524d218d889d00a8b42721,upcoming,【Pokemon紫 #5】變強後把剩下的道館橫推過去吧！【星野流星/HKVtuber】,2022-12-05T15:30:00Z,https://www.youtube.com/watch?v=slGoQKRce6U,https://i.ytimg.com/vi/slGoQKRce6U/mqdefault_live.jpg
bb21226dc1db41e294f545133948115b,live,12/08【愛絲娜祈】明天要去南方澳好麻煩˙喔🔥南方澳不重要重要的是我感冒不想出門🔥【TW/JP/EN】,2022-12-07T01:40:56Z,https://www.twitch.tv/ice_nagi,https://static-cdn.jtvnw.net/previews-ttv/live_user_ice_nagi-{width}x{height}.jpg
1a95bb88e451498ca3491b69af964588,live,12/8 加班D13•ᴗ• | !加班 !生日活動 !斗內影片 !陪玩 |,2022-12-07T10:00:45Z,https://www.twitch.tv/hsuanhsuandesu,https://static-cdn.jtvnw.net/previews-ttv/live_user_hsuanhsuandesu-{width}x{height}.jpg
8b027d3a3f374c9c8398b6dd751e5018,live,12/08 遊戲台 有聲不正常｜ !抽獎 !甜點,2022-12-07T11:21:27Z,https://www.twitch.tv/lisheng_tw,https://static-cdn.jtvnw.net/previews-ttv/live_user_lisheng_tw-{width}x{height}.jpg
d23dbc9d1db64c42821697d1bac8fb66,upcoming,#63【最終指令】這遊戲好長阿 有夠划【石咚】,2022-12-07T12:30:00Z,https://www.youtube.com/watch?v=FwECRfV5994,https://i.ytimg.com/vi/FwECRfV5994/mqdefault_live.jpg
e32b6351f1684034955171b93b1c5e63,live,【粉貓貓】12/8 (上班去~) TGM Day.5 繼續練習穩定度 再來多點3♥((X | (中文/En)  (中文/En),2022-12-07T12:48:43Z,https://www.twitch.tv/pinkcat_vt,https://static-cdn.jtvnw.net/previews-ttv/live_user_pinkcat_vt-{width}x{height}.jpg
8044e4d538ab4e16b1952c8e42dee12e,upcoming,[ #寶可夢朱 2 ] 大家一起來替阿芙收服後宮吧! [ 響/HIBIKI ],2022-12-07T13:30:00Z,https://www.youtube.com/watch?v=LuT5H8MBYmg,https://i.ytimg.com/vi/LuT5H8MBYmg/mqdefault_live.jpg
42844ee6e0cc47938829b43a3101b9bb,live,12/7【加班台】今天破關萊莎2【露莎米娜 Lusamina】,2022-12-07T14:22:15Z,https://www.twitch.tv/lusaminach,https://static-cdn.jtvnw.net/previews-ttv/live_user_lusaminach-{width}x{height}.jpg
70d5f64a7e324d7584d7e5116d6dc5a2,upcoming,11/28-12/04 本週週表喲(❀❛ᴗ❛)✧,2022-12-07T15:00:00Z,https://www.youtube.com/watch?v=rhNlT5pnQyk,https://i.ytimg.com/vi/rhNlT5pnQyk/mqdefault_live.jpg
9e64bba43928414884503de36f805c48,live,12/8 畫畫>玩遊戲 !畫畫 !點心 | !杯數 !天數 !YT !BTTV !易飛 !椅子 !夢想盃,2022-12-07T15:42:02Z,https://www.twitch.tv/wen620,https://static-cdn.jtvnw.net/previews-ttv/live_user_wen620-{width}x{height}.jpg
3e48227b123a4137a0cf1755b1142a6c,upcoming,【周表】快樂周表處 | 日光hachi,2022-12-07T16:35:00Z,https://www.youtube.com/watch?v=2Xu7SvWIfaI,https://i.ytimg.com/vi/2Xu7SvWIfaI/mqdefault_live.jpg
3809ec8a42634d11aa1b7b8f99755c6a,live,【花花】 12/1  ~? 終極生日加班台 94要加到死 ✤ 生日活動在DC 累積滿額換好禮還有抽獎唷 ✤  !周邊  ✤ !LINE貼圖 ✤ !YT ✤ !委託,2022-12-07T19:27:40Z,https://www.twitch.tv/mayberuu,https://static-cdn.jtvnw.net/previews-ttv/live_user_mayberuu-{width}x{height}.jpg
9ca05592c52f42649191751f18cb70e6,live,【中文/ENG/日本語】12/8 隨筆日誌(PC) - 一大早起來打遊戲 |  訂閱77 | 可以砸砸 | Live2D募款中,2022-12-07T22:15:29Z,https://www.twitch.tv/sinonyuki,https://static-cdn.jtvnw.net/previews-ttv/live_user_sinonyuki-{width}x{height}.jpg
ad2a1148ff4747229694f9aa2c3645d9,upcoming,【早安你好】一起來吃早餐聊天，我想喝熱熱鮮奶茶🪶｜ #鶇 #Tsugumi,2022-12-07T23:00:00Z,https://www.youtube.com/watch?v=QwbaTZwZJTU,https://i.ytimg.com/vi/QwbaTZwZJTU/mqdefault_live.jpg
17946118c2d641819c847aba0c491e13,live,【九笙】起床ㄌ！！！-1208,2022-12-07T23:04:19Z,https://www.twitch.tv/kyusho999,https://static-cdn.jtvnw.net/previews-ttv/live_user_kyusho999-{width}x{height}.jpg
c51f84b3ec9c4501a364a6a4982fa284,live,【中文/English】P出了 O看情況 無聊打逸仙牌 !無為 !排位 !上分守則 !隊友 點歌打!sr｜🌪風絮 FengXu,2022-12-08T04:24:39Z,https://www.twitch.tv/fengxu_vt,https://static-cdn.jtvnw.net/previews-ttv/live_user_fengxu_vt-{width}x{height}.jpg
ec1dec0e956c41ea97dfcebe96bc41b4,live,【天天】繼續蓋..  !層級三簽名板 ▏噗.毛 ▏,2022-12-08T04:29:48Z,https://www.twitch.tv/tian_0301,https://static-cdn.jtvnw.net/previews-ttv/live_user_tian_0301-{width}x{height}.jpg
7754a4ea82814b7fbbecfcf459382001,live,【♡QMI玖実♡】12/8|❣ 【加班台】記算囉 抽獎卷換 ❣| R6時間到惹會怕不會長大♡{ @ꈍꈊꈍ@ }♡,2022-12-08T05:15:34Z,https://www.twitch.tv/qmi_uwumai0612,https://static-cdn.jtvnw.net/previews-ttv/live_user_qmi_uwumai0612-{width}x{height}.jpg
aef2ed42d49343f28394b6335695b5ac,live,12/8，還不開麥克風,2022-12-08T06:09:30Z,https://www.twitch.tv/yuncream,https://static-cdn.jtvnw.net/previews-ttv/live_user_yuncream-{width}x{height}.jpg
aef2ed42d49343f28394b6335695b5ac,live,12/8，常常會沒有注意到YT的聊天室，可以到Twitch支持我或大家聊天喔！,2022-12-08T06:09:39Z,https://www.youtube.com/watch?v=Y0dUP-uiwuo,https://i.ytimg.com/vi/Y0dUP-uiwuo/mqdefault_live.jpg
b49c2970f97b4fd4a6762b3e9ba94f8e,live,【 !加班 】Day 03｜Live2D工作 > 可能寶可夢 > 3D暈 > 楓之谷 > 洗洗睡｜,2022-12-08T06:17:43Z,https://www.twitch.tv/kisaragiyuzu220,https://static-cdn.jtvnw.net/previews-ttv/live_user_kisaragiyuzu220-{width}x{height}.jpg
a0467c81a3014fbf83029acffe5b1d3f,live,好玩遊戲每天要玩 【倒楣穿山甲鈉鉀】,2022-12-08T06:25:58Z,https://www.twitch.tv/hlinak9527,https://static-cdn.jtvnw.net/previews-ttv/live_user_hlinak9527-{width}x{height}.jpg
a17fcdf32a124beba3fba16299aed2b3,live,12/8 木村之龍 💗 審判之眼→艾爾登法環｜禁止劇透暴雷｜!委託 !YT !歌單 !VPN !戒嚴,2022-12-08T06:43:53Z,https://www.twitch.tv/chikayan,https://static-cdn.jtvnw.net/previews-ttv/live_user_chikayan-{width}x{height}.jpg
c759230b6e444d238f7611725262644a,live,冷冷的 還爬不上金1 打LOL了啦QQ~ 要來陪陪我嗎~ʕ•ᴥ•ʔ,2022-12-08T06:47:18Z,https://www.twitch.tv/ozielkumayao3o,https://static-cdn.jtvnw.net/previews-ttv/live_user_ozielkumayao3o-{width}x{height}.jpg
31f4c00be9eb41a1a6be0356614048fd,live,[Drops On]【新人Vtuber】空飛べるだよ。。欲しくない！？,2022-12-08T07:00:30Z,https://www.twitch.tv/yee_shen,https://static-cdn.jtvnw.net/previews-ttv/live_user_yee_shen-{width}x{height}.jpg
c41044006a014ed28107f33221a7de98,live,【PAINTING】1208作業台試營運【AsaIfrit】 #asalive,2022-12-08T07:01:42Z,https://www.youtube.com/watch?v=fBl_QwClzg8,https://i.ytimg.com/vi/fBl_QwClzg8/mqdefault_live.jpg
0979940d57534fc0948e24369aa495c5,live,下雨欸. // 08.12,2022-12-08T07:15:20Z,https://www.twitch.tv/draykate,https://static-cdn.jtvnw.net/previews-ttv/live_user_draykate-{width}x{height}.jpg
7a88afc5eb644d76b35ed4ca968259bb,live,工作很少說話 閒聊自便 注意規定  | 💛天毛,2022-12-08T07:42:57Z,https://www.twitch.tv/babu_desu,https://static-cdn.jtvnw.net/previews-ttv/live_user_babu_desu-{width}x{height}.jpg
512b64ec20174d018540516e9edf2b2f,live,【拆分live2d動畫】Vtuber兒子！鳥羽樂奈工作時間【Ainomori靛之森】【Eromori裏之森】,2022-12-08T07:53:06Z,https://www.youtube.com/watch?v=z-ZMhfl6pPg,https://i.ytimg.com/vi/z-ZMhfl6pPg/mqdefault_live.jpg
e26b16580ca84dcb9023572ee469647f,live,ʚ漓雪ɞ  -  ʚ12/08ɞ ∥ 陪我聊天嘛，快來陪我聊天啦w,2022-12-08T07:57:51Z,https://www.twitch.tv/rinrixue,https://static-cdn.jtvnw.net/previews-ttv/live_user_rinrixue-{width}x{height}.jpg
cf506fa1dffe441eadad8010f3f7725c,live,【500追耐久！！】已經變成麥塊的形狀了  !dc !yt,2022-12-08T08:01:26Z,https://www.twitch.tv/yumuamagi,https://static-cdn.jtvnw.net/previews-ttv/live_user_yumuamagi-{width}x{height}.jpg
7c147c43030b44b9ae244d82c387c82a,live,【PUBG/FORTNITE/OW2】懷舊系列，乃參加我以前玩過的槍戰遊戲吧！【參加型】,2022-12-08T08:31:06Z,https://www.youtube.com/watch?v=bUwuGArsTCc,https://i.ytimg.com/vi/bUwuGArsTCc/mqdefault_live.jpg
3a932cc8813343b6bb5d822cb2f53558,live,【12/8】出門運動吃飯 #明晚21:00初配信 #訂閱免廣告 !抽獎 【VTuber/ 娜歐蜜】,2022-12-08T08:47:08Z,https://www.twitch.tv/naomi21625,https://static-cdn.jtvnw.net/previews-ttv/live_user_naomi21625-{width}x{height}.jpg
607a7be9721741c48e2901609c294ada,upcoming,我們一起吃飯  ft 宵夜,2022-12-08T08:54:27Z,https://www.youtube.com/watch?v=GCktVjuV_80,https://i.ytimg.com/vi/GCktVjuV_80/mqdefault_live.jpg
2d95e2e1191046b1bb35697b37bda595,live,{寶可夢朱紫}#20  來看看今天會不會出貨❄️,2022-12-08T09:05:34Z,https://www.youtube.com/watch?v=bJlTHHJ7S7k,https://i.ytimg.com/vi/bJlTHHJ7S7k/mqdefault_live.jpg
626750f4e7a745619c171c44fb1efcc0,live,寶可夢朱紫 #10 團體戰&冰隊色違挑戰【天使Vtuber小雪Yukichan】,2022-12-08T09:08:30Z,https://www.youtube.com/watch?v=wy72lpjGXlM,https://i.ytimg.com/vi/wy72lpjGXlM/mqdefault_live.jpg
7e8a980a0df847dca63486f95fd619de,live,【遊戲】飛雪 飛雪 fake shi..,2022-12-08T09:18:55Z,https://www.twitch.tv/duuubird,https://static-cdn.jtvnw.net/previews-ttv/live_user_duuubird-{width}x{height}.jpg
2ce65a2b0dd14d80afc6dd18b440bc06,live,【活動】活動用忠誠點數 無料放送(新追隨者募集中),2022-12-08T09:34:51Z,https://www.twitch.tv/kurosaki_renta_ch,https://static-cdn.jtvnw.net/previews-ttv/live_user_kurosaki_renta_ch-{width}x{height}.jpg
a960b283b1124f44bc4bf2a16199977a,live,抓抓色違 打打洞 可以交換,2022-12-08T09:42:46Z,https://www.twitch.tv/muiii0x0,https://static-cdn.jtvnw.net/previews-ttv/live_user_muiii0x0-{width}x{height}.jpg
160f90709224412f9cfc2aaa88e89a57,live,【Titanfall 2】一個步槍兵 泰坦全靠撿【白秋澤】,2022-12-08T09:54:44Z,https://www.youtube.com/watch?v=LrcarWIpk3w,https://i.ytimg.com/vi/LrcarWIpk3w/mqdefault_live.jpg
a6815e229f914db2a936ad70c285cea2,live,【小月月】伺服器連動 Day 4 | ft.很多很多人 !成員,2022-12-08T09:57:22Z,https://www.twitch.tv/small_moonmoon,https://static-cdn.jtvnw.net/previews-ttv/live_user_small_moonmoon-{width}x{height}.jpg
5f9ded46df28474bbd1470d761700f30,upcoming,玩玩遊戲，聊聊天 / Game and Chill 😈,2022-12-08T10:00:00Z,https://www.twitch.tv/fuyukisakura,
038ee6280ef742bcad8450ad52049944,live,【寶可夢 紫】今天可能補一下圖鑑吧。哈魯雅道館再開part.3，歡迎來踢館！是什麼活動又是什麼規則，都在說明欄位唷【緋尹夜Haruya】,2022-12-08T10:00:14Z,https://www.youtube.com/watch?v=wvm4bjwZo0Q,https://i.ytimg.com/vi/wvm4bjwZo0Q/mqdefault_live.jpg
df0c2ce19ccf4e26ac1a18065f85dacc,live,【晚餐台】又要來吃麥當勞新品！！感覺好好吃！！｜花咲くれは,2022-12-08T10:00:36Z,https://www.youtube.com/watch?v=ukNMGSUta8A,https://i.ytimg.com/vi/ukNMGSUta8A/mqdefault_live.jpg
4a64836a88024358a7401530fed8e0f8,live,【EPO】12/8🍎遊戲｜街頭侵匹拉復活！｜12/11-CWT第二日J13 !通販,2022-12-08T10:02:19Z,https://www.twitch.tv/epo_live,https://static-cdn.jtvnw.net/previews-ttv/live_user_epo_live-{width}x{height}.jpg
f220baaf52864d7eba4b39877bc2afd2,live,【今天糜波EP.1】關於旅遊那些事  -12/08,2022-12-08T10:05:40Z,https://www.twitch.tv/maylay_0401,https://static-cdn.jtvnw.net/previews-ttv/live_user_maylay_0401-{width}x{height}.jpg
b6519fbc0d6941d4b43ce1742a14b0b2,live,小年糕 / !拍立得 !IG 請追隨我( ﾟ▽ﾟ)/ 1208,2022-12-08T10:06:19Z,https://www.twitch.tv/nian_gao_3618,https://static-cdn.jtvnw.net/previews-ttv/live_user_nian_gao_3618-{width}x{height}.jpg
f84598913e654789a80556fd38388dfb,live,【野熊】12/8  藍色監獄超好看:> 晚點練個永恆杯 !隊友,2022-12-08T10:07:22Z,https://www.twitch.tv/bearwb,https://static-cdn.jtvnw.net/previews-ttv/live_user_bearwb-{width}x{height}.jpg
ba562aad440d483e988d3ce7e7217c94,live,[貓宮香草]  12/8 油油試毒時間    !DC,2022-12-08T10:18:59Z,https://www.twitch.tv/vanilla_shironeko,https://static-cdn.jtvnw.net/previews-ttv/live_user_vanilla_shironeko-{width}x{height}.jpg
8b69d6c508194b93b14fc056038160ab,live,【寶可夢 朱/紫】今天繼續弄隊伍邊想道館名字，歡迎進來幫忙測試隊伍【ReLive二期生】#Relive Project #七系一系Vtuber,2022-12-08T10:22:33Z,https://www.twitch.tv/relive_bang,https://static-cdn.jtvnw.net/previews-ttv/live_user_relive_bang-{width}x{height}.jpg
1937fa889b474d339713d1117f435018,live,晚上隨便玩,2022-12-08T10:24:33Z,https://www.twitch.tv/vtalisa,https://static-cdn.jtvnw.net/previews-ttv/live_user_vtalisa-{width}x{height}.jpg
e810dcd23c334fd184d254718517764e,live,【Cyberpunk 2077】終局【香港Vtuber】,2022-12-08T10:26:11Z,https://www.youtube.com/watch?v=Lm-tDKgH10c,https://i.ytimg.com/vi/Lm-tDKgH10c/mqdefault_live.jpg
2ea9fee301f94b70bc5ed51d628006a9,live,【雜談】晚餐台!一齊食食食!【紫弘丨香港Vtuber】,2022-12-08T10:28:21Z,https://www.youtube.com/watch?v=oNg0ocldPvg,https://i.ytimg.com/vi/oNg0ocldPvg/mqdefault_live.jpg
a84b1b6deabc462b9cf994fd02304b5b,live,【漆彈練習!】【Uriah 烏萊 ft.莫宰羊】,2022-12-08T10:29:25Z,https://www.twitch.tv/uriah0616,https://static-cdn.jtvnw.net/previews-ttv/live_user_uriah0616-{width}x{height}.jpg
339b4a73ce92470c97b1626405d5eb5b,live,魔力寶貝:新世界 開服首日 一起同樂 20年週年全面升級【外星系VTYPE雲嫣】,2022-12-08T10:39:55Z,https://www.youtube.com/watch?v=GaJ9NYfBPp8,https://i.ytimg.com/vi/GaJ9NYfBPp8/mqdefault_live.jpg
bb56715066e548c297232372a16ab083,live,【閃銀】今天竟然邀請到石虎菲爾陪我打塔科夫!!,2022-12-08T10:41:21Z,https://www.twitch.tv/bright_sliver,https://static-cdn.jtvnw.net/previews-ttv/live_user_bright_sliver-{width}x{height}.jpg
6c7336d4605540c6871de5f96874129c,live,冬眠小豬說嗨囉 ♥ I 掛台抽電競產品 I !聖誕 !活動 !聊天室,2022-12-08T10:41:45Z,https://www.twitch.tv/meime033,https://static-cdn.jtvnw.net/previews-ttv/live_user_meime033-{width}x{height}.jpg
ea2b16c153d34b2d900cefbffcb07bff,live,過聖誕和情人節活動了( !DC))(歡迎支持餵我吃鰻魚飯),2022-12-08T10:50:30Z,https://www.twitch.tv/chkuga0820,https://static-cdn.jtvnw.net/previews-ttv/live_user_chkuga0820-{width}x{height}.jpg
72a83f60773546dba886008320809d70,live,12/08  從今天起我也會像貓咪一樣拱背了 ❤,2022-12-08T10:52:21Z,https://www.youtube.com/watch?v=KpJnKBpKlNM,https://i.ytimg.com/vi/KpJnKBpKlNM/mqdefault_live.jpg
490a48eedc944f9cb74501e6eefeb04d,live,"🔴【茶館開店啦】：大家, 我終於在菩提樹下「蹭」仙了! (MINECRAFT or APEX)",2022-12-08T10:52:35Z,https://www.twitch.tv/muqingofficial,https://static-cdn.jtvnw.net/previews-ttv/live_user_muqingofficial-{width}x{height}.jpg
4b6b055ada4d4f0ab63b7ad02a3fa3ef,live,【#寶可夢朱紫】重新開始故事！！！！#9【#寶可夢紫】｜Rumi/懶貓子,2022-12-08T10:54:22Z,https://www.youtube.com/watch?v=xpTfDsmGNPo,https://i.ytimg.com/vi/xpTfDsmGNPo/mqdefault_live.jpg
77f4700c452c4200a4e62effa2884b4a,live,【Apex Legends】中文／Eng／日本語 吹一個小時好累啊！,2022-12-08T10:56:06Z,https://www.twitch.tv/kanon_0323,https://static-cdn.jtvnw.net/previews-ttv/live_user_kanon_0323-{width}x{height}.jpg
53707f0116dc4fca8614ac7139e40b83,live,【100種職場心得】很多人踏入職場的第一份工作！【Zombie Di ch. 喪屍迪】#台灣vtuber,2022-12-08T10:57:02Z,https://www.youtube.com/watch?v=4X7ZSCKvnxs,https://i.ytimg.com/vi/4X7ZSCKvnxs/mqdefault_live.jpg
828ab4c66f5f43f298d237374a266b7e,live,【璃璃兒】 12/08 隨便聊聊｜來不及準備活動QQ,2022-12-08T10:57:29Z,https://www.twitch.tv/0lilier0,https://static-cdn.jtvnw.net/previews-ttv/live_user_0lilier0-{width}x{height}.jpg
cc85e4120c0746b7925c898a963f0747,live,#繪圖台 繼續來趕圖 我跟買家說最快一個禮拜完稿 是不是太立旗了(ˊ・ω・ˋ),2022-12-08T10:57:45Z,https://www.youtube.com/watch?v=gXb4Q6Fx8q0,https://i.ytimg.com/vi/gXb4Q6Fx8q0/mqdefault_live.jpg
c6d51e51df5a49f28bf25901f78a955b,live,【Pinolo】繪圖雜談 / 開到9點,2022-12-08T10:58:44Z,https://www.twitch.tv/konnopinolo,https://static-cdn.jtvnw.net/previews-ttv/live_user_konnopinolo-{width}x{height}.jpg
5db725f32b5e4e1380ad64110b88c91d,live,【原神】雷神任務Ing 不要歪到七七什麼都可以,2022-12-08T10:58:48Z,https://www.twitch.tv/shirahamaakine,https://static-cdn.jtvnw.net/previews-ttv/live_user_shirahamaakine-{width}x{height}.jpg
5db725f32b5e4e1380ad64110b88c91d,live,【原神】雷神任務Ing 不要歪到七七什麼都可以,2022-12-08T10:59:02Z,https://www.youtube.com/watch?v=fPMicuQqgUM,https://i.ytimg.com/vi/fPMicuQqgUM/mqdefault_live.jpg
86154ca2dc964847b37297138aa65b9f,live,❣夢野 薰草❣【舞曲歡唱】找了許多人類的舞曲來挑戰~一起在歡快的曲子搖擺身體吧!,2022-12-08T10:59:47Z,https://www.youtube.com/watch?v=erZgz7hXJsM,https://i.ytimg.com/vi/erZgz7hXJsM/mqdefault_live.jpg
36f4fa8dbd7740c3ae5ac02b890fa502,upcoming,Vtuber養成計畫：人生放送中,2022-12-08T11:00:00Z,https://www.twitch.tv/dr1090a,
1edf4940878546569e52dd06c95b8581,live,【加班台#15】連動 | 解任務、打素材準備破關，魔物獵人世界:冰原 ! - 雪莉·啵啵 ft.​ @ShapyXavier @wintermelon1107 @MV47,2022-12-08T11:00:15Z,https://www.youtube.com/watch?v=VEWWXEBIC7Y,https://i.ytimg.com/vi/VEWWXEBIC7Y/mqdefault_live.jpg
0715c3b900ad423fa1b981cf4fc15c8f,live,《遊戲》靜悄悄的收割人頭?真的不會被發現嗎?!,2022-12-08T11:00:15Z,https://www.youtube.com/watch?v=iGg08e-zSIQ,https://i.ytimg.com/vi/iGg08e-zSIQ/mqdefault_live.jpg
8d65d936f3c7411ab8a812d7ebc70cdf,live,【雀魂麻將】好欸！只會斷么九怎麼辦啦！#莉蘭live,2022-12-08T11:00:15Z,https://www.twitch.tv/lilan_vtuber,https://static-cdn.jtvnw.net/previews-ttv/live_user_lilan_vtuber-{width}x{height}.jpg
9b5ec085252a4f6e9ba04cac0ad49e65,live,【隻狼】 不知道第幾次的阿公打倒挑戰  #無點歌 #有砸砸 【賽琳Serlin】,2022-12-08T11:00:22Z,https://www.twitch.tv/serlin0312,https://static-cdn.jtvnw.net/previews-ttv/live_user_serlin0312-{width}x{height}.jpg
36beb36f581f44d393dcf0af2b194789,live,【沃夫曼】12/8 鼻子癢 | #Shirtmysurvivor,2022-12-08T11:00:25Z,https://www.twitch.tv/lswoofman,https://static-cdn.jtvnw.net/previews-ttv/live_user_lswoofman-{width}x{height}.jpg
3bcfb277595f489ba52734d6f21c08e1,live,【畢業直播】還有一些話 想對你說......【清水望歌】,2022-12-08T11:00:36Z,https://www.youtube.com/watch?v=B8udexkkTZA,https://i.ytimg.com/vi/B8udexkkTZA/mqdefault_live.jpg
8d65d936f3c7411ab8a812d7ebc70cdf,live,【雀魂麻將】好欸！只會斷么九怎麼辦啦！#莉蘭live,2022-12-08T11:00:48Z,https://www.youtube.com/watch?v=W_BbB0laJfo,https://i.ytimg.com/vi/W_BbB0laJfo/mqdefault_live.jpg
6c64c089b4ad4db991cb5a4648fa4bb7,live,《奧菈》挑戰第八天!今天有一點累累的，昨天睡太少｜12月繪圖挑戰｜- DAY8 -,2022-12-08T11:00:55Z,https://www.youtube.com/watch?v=T9juBOTHDXY,https://i.ytimg.com/vi/T9juBOTHDXY/mqdefault_live.jpg
8267ea37c12a471a8a038f501832e099,live,【雜談】萊，這杯鵝請 - 同日出道好兄弟，瑟瑟御姊又知性【萊菈 希格娜斯】,2022-12-08T11:00:58Z,https://www.youtube.com/watch?v=OROUr5E-vu0,https://i.ytimg.com/vi/OROUr5E-vu0/mqdefault_live.jpg
b126053a1356460ebf85a874a6a55aca,live,賴清德參選黨主席，民進黨內大戰繼續｜王鴻薇遭恐嚇案破案，傻子們不肯道歉 🍓 20221208　#高雄林小姐 #Vtuber​​​​ #台灣Vtuber​​​ #台V,2022-12-08T11:00:59Z,https://www.youtube.com/watch?v=fzFPA4wdNps,https://i.ytimg.com/vi/fzFPA4wdNps/mqdefault_live.jpg
d15b3fadead04e7399faaeb47fdf37f9,live,【寶可夢 - 朱】趁衝破兩寶主的勢頭~來衝擊剩下的寶主吧!!!🐾🐺古林沃夫🐺🐾,2022-12-08T11:01:01Z,https://www.youtube.com/watch?v=MBZnPQPkWTE,https://i.ytimg.com/vi/MBZnPQPkWTE/mqdefault_live.jpg
95553ad3f0164163af8fd42dae571ddd,live,【畫畫嗎？】200追有抽獎！( ͡°ᴥ ͡° ʋ)【花生】ft.︳!yt  !dc !ig  !推特 !委託 !st !歐付寶,2022-12-08T11:01:15Z,https://www.twitch.tv/peanut_tw_,https://static-cdn.jtvnw.net/previews-ttv/live_user_peanut_tw_-{width}x{height}.jpg
6e06a47d706d4babb3eef9568e97f058,live,【最後指令】據說原本想要一次打到通的最後指令｜艾登魯那・諾克斯,2022-12-08T11:01:18Z,https://www.youtube.com/watch?v=Ua7T4LqsYGQ,https://i.ytimg.com/vi/Ua7T4LqsYGQ/mqdefault_live.jpg
98187e2cc8c34f5d8e0853bffc1a30c9,live,【每周復健雜談】不會講話啦！嘴ㄆㄧㄚˊ啦！！【早苗SANAE】,2022-12-08T11:01:36Z,https://www.youtube.com/watch?v=rg0G-TXPDzs,https://i.ytimg.com/vi/rg0G-TXPDzs/mqdefault_live.jpg
f1b5f88144e14bd188e17b2f98303713,live,年末坦白大會，其實我是… | 亞洛赫,2022-12-08T11:02:17Z,https://www.youtube.com/watch?v=bh6vc3C3nQA,https://i.ytimg.com/vi/bh6vc3C3nQA/mqdefault_live.jpg
48fd85a178c24579ac7d8f43f1e5bc39,live,【雜談】💙來分享襪襪們的職業💙【PARASESORA】,2022-12-08T11:03:40Z,https://www.youtube.com/watch?v=_9l4Sj_XMhw,https://i.ytimg.com/vi/_9l4Sj_XMhw/mqdefault_live.jpg
fe1bd62313574733ab86c1a56b7143ab,live,我再也不想減重了QQ !棉花糖,2022-12-08T11:07:27Z,https://www.twitch.tv/sumisakura0922,https://static-cdn.jtvnw.net/previews-ttv/live_user_sumisakura0922-{width}x{height}.jpg
1c2de2bbc8ec43c49a84e3b3e67c8ca9,live,【真.突.雜談】拿到了新武器❗️😎✨【莉莉埃絲忒☆120🥳💗】,2022-12-08T11:08:21Z,https://www.youtube.com/watch?v=kE76-3ZLI6A,https://i.ytimg.com/vi/kE76-3ZLI6A/mqdefault_live.jpg
6908430ccb204a1b9d95ee7a1711cae3,live,【蘆葦🌾】12/8 沒睡飽 玩一下下,2022-12-08T11:08:31Z,https://www.twitch.tv/luweibaby,https://static-cdn.jtvnw.net/previews-ttv/live_user_luweibaby-{width}x{height}.jpg
a8bee4c680a54cf29b34d90bf7230ab1,live,【JP+CN】明日の朝アニロイ配信するよん～明天早上會開小動物台喔～,2022-12-08T11:08:41Z,https://www.twitch.tv/kohi0501,https://static-cdn.jtvnw.net/previews-ttv/live_user_kohi0501-{width}x{height}.jpg
8064b5c85fc64d10ae3e9d3a4c0dfd8f,live,【廟口石頭村】hahamida | 翠果把他的嘴給我掌爛ヽ(・∀・)ﾉ,2022-12-08T11:11:21Z,https://www.twitch.tv/hahacocm,https://static-cdn.jtvnw.net/previews-ttv/live_user_hahacocm-{width}x{height}.jpg
626750f4e7a745619c171c44fb1efcc0,live,寶可夢朱紫 #10 團體戰&冰隊色違挑戰【天使Vtuber小雪Yukichan】,2022-12-08T11:12:44Z,https://www.twitch.tv/hosinoyasetsu,https://static-cdn.jtvnw.net/previews-ttv/live_user_hosinoyasetsu-{width}x{height}.jpg
32b83b466c11418bb380623a95944302,live,【無界V】我發現大家比較喜歡看沒營養的東西,2022-12-08T11:13:05Z,https://www.twitch.tv/mao_mukai,https://static-cdn.jtvnw.net/previews-ttv/live_user_mao_mukai-{width}x{height}.jpg
12ece01ae7004e9195e79309f0cdae40,live,▶ 我等等要上廁所！ ⎚ 我有開！？  ( • ̀ω •́  ),2022-12-08T11:13:37Z,https://www.twitch.tv/monkeykii,https://static-cdn.jtvnw.net/previews-ttv/live_user_monkeykii-{width}x{height}.jpg
899208f999aa4121ae2b67abb3190674,live,工作聊天，今日無點歌,2022-12-08T11:13:38Z,https://www.twitch.tv/sebiarash,https://static-cdn.jtvnw.net/previews-ttv/live_user_sebiarash-{width}x{height}.jpg
970ee869c72747eeb83f71f3c533fab3,live,7/29~12/8⭐鬼門開加班工作台⭐一週年趕工預備! APAPAPAPAPA | !加班 !名由神 !DC !欠揍 !插香 !跳針| #白音悠玄 #vtuber #加班台,2022-12-08T11:14:31Z,https://www.twitch.tv/youxuan_ghost,https://static-cdn.jtvnw.net/previews-ttv/live_user_youxuan_ghost-{width}x{height}.jpg
f88d85aeb79a429e9751db330f469df1,live,【鹿娜】肝個活動,2022-12-08T11:15:28Z,https://www.twitch.tv/lunaluna2021,https://static-cdn.jtvnw.net/previews-ttv/live_user_lunaluna2021-{width}x{height}.jpg
95694a64c0fe4b5c987344f1edcec826,live,« ◌̌Game » 突發一下，好耶,2022-12-08T11:16:11Z,https://www.twitch.tv/mendydrowsy,https://static-cdn.jtvnw.net/previews-ttv/live_user_mendydrowsy-{width}x{height}.jpg
31073a45106c442cbe11fd4368e162fe,live,"12/8 打牌打牌,還不來打牌  !DC !雀魂",2022-12-08T11:17:56Z,https://www.twitch.tv/momiji72270666,https://static-cdn.jtvnw.net/previews-ttv/live_user_momiji72270666-{width}x{height}.jpg
7a582137181d4ccca797d9ef184da165,live,{ 娛樂台 }  12/8 大家晚上好,2022-12-08T11:22:30Z,https://www.twitch.tv/kejiouo,https://static-cdn.jtvnw.net/previews-ttv/live_user_kejiouo-{width}x{height}.jpg
7add80a4b83d4cd6bac05dac9b21ec4c,live,今晚是姊姊之夜~ 準時放飯！,2022-12-08T11:22:43Z,https://www.youtube.com/watch?v=0Tw5C4SekKg,https://i.ytimg.com/vi/0Tw5C4SekKg/mqdefault_live.jpg
a3a1caa89669445db63f22b9a3af88b0,live,| (°∀°)v 耶 | 12/08 哇庫哇庫 ! 小酌開台 失言注意*,2022-12-08T11:23:09Z,https://www.twitch.tv/yukinoyamori,https://static-cdn.jtvnw.net/previews-ttv/live_user_yukinoyamori-{width}x{height}.jpg
1e308a8971814a3097369ceb517fc47d,live,【聯盟戰棋】VTUBER遊姆 今天先練習個摸摸看,2022-12-08T11:24:39Z,https://www.twitch.tv/3mounthgirl,https://static-cdn.jtvnw.net/previews-ttv/live_user_3mounthgirl-{width}x{height}.jpg
0556043dbbd84b3b842f7d4bc724ba52,live,(阿爾克納)  12/8 突發 APEX  落地成盒拉   我是菜雞QWQ with 夜玉,2022-12-08T11:26:04Z,https://www.twitch.tv/arcena0829,https://static-cdn.jtvnw.net/previews-ttv/live_user_arcena0829-{width}x{height}.jpg
d8b5835bc6aa46119cc7ddd4447e780f,live,1208【咘小星】⎝༼ ◕Д ◕ ༽⎠!委託 !貼圖 !調查 !週年,2022-12-08T11:28:57Z,https://www.twitch.tv/ssstar_180,https://static-cdn.jtvnw.net/previews-ttv/live_user_ssstar_180-{width}x{height}.jpg
b115a7f57f664800a9f71a25eaf73b92,live,【歌回】700訂閱歌回！謝謝大家的愛！！樂茄沒梗了所以只能唱舊東西了～🍆 【賽樂茄.Cerengia／Vtuber】,2022-12-08T11:29:13Z,https://www.youtube.com/watch?v=dfLL6Aox258,https://i.ytimg.com/vi/dfLL6Aox258/mqdefault_live.jpg
de81b740d66c439685aa37491d27efc4,upcoming,固定直播日,2022-12-08T11:30:00Z,https://www.twitch.tv/lmpaper,
aef2ed42d49343f28394b6335695b5ac,upcoming,,2022-12-08T11:30:00Z,https://www.twitch.tv/yuncream,
d8b5835bc6aa46119cc7ddd4447e780f,upcoming,這是魔法師【咘小星】每週召喚小精靈的固定時段⎝༼ ◕Д ◕ ༽⎠（如有變故以DC群為主）,2022-12-08T11:30:00Z,https://www.twitch.tv/ssstar_180,
031da54f73f94adf8159ef0d3bfeb52b,live,【NotCASE】在劍魂的世界與VT朋友一起冒險吧！！（SOULCALIBUR VI）,2022-12-08T11:30:04Z,https://www.youtube.com/watch?v=WL-tPVMbPNE,https://i.ytimg.com/vi/WL-tPVMbPNE/mqdefault_live.jpg
0f11420beab0442eae0208ac63d4474c,live,【雜談】我不知道但是【夏白櫻】,2022-12-08T11:30:23Z,https://www.youtube.com/watch?v=jUA_qElPjko,https://i.ytimg.com/vi/jUA_qElPjko/mqdefault_live.jpg
dee8efe8990e458c915e4f6a6a16b49f,live,【超渡時間】\|/ 節奏木魚，潮的一匹 \|/,2022-12-08T11:31:09Z,https://www.youtube.com/watch?v=OL952oETZ7s,https://i.ytimg.com/vi/OL952oETZ7s/mqdefault_live.jpg
508a96e9b53f47cdba71f2c0bb195cba,live,【加班台】瑟瑟泳裝限定拍立得簽名(๑´ㅂ`๑)下周會更改主題！綠界跟payapl可以用啦~目標是賣掉40張，山奈可以嗎？,2022-12-08T11:32:22Z,https://www.twitch.tv/yamana2022,https://static-cdn.jtvnw.net/previews-ttv/live_user_yamana2022-{width}x{height}.jpg
943129b96d2341bcb7b25a66c9da2354,live,【魔王城】潛淵症 !開船 !DC,2022-12-08T11:33:22Z,https://www.twitch.tv/harnaisxsumire,https://static-cdn.jtvnw.net/previews-ttv/live_user_harnaisxsumire-{width}x{height}.jpg
b6a105f12b904256ba356935ae46657f,live,誰說不冷的/記得裝7TV♫~喵ฅ^._.^ฅ,2022-12-08T11:36:20Z,https://www.twitch.tv/shiroganemomo,https://static-cdn.jtvnw.net/previews-ttv/live_user_shiroganemomo-{width}x{height}.jpg
de81b740d66c439685aa37491d27efc4,live,恐怖真人互動式電影遊戲 (不知道好不好玩就是了),2022-12-08T11:36:35Z,https://www.twitch.tv/lmpaper,https://static-cdn.jtvnw.net/previews-ttv/live_user_lmpaper-{width}x{height}.jpg
c9ece3513c804b3db003cd8fca683857,live,【APEX單排上白金之旅#5/殘酷APEX點餐】我跟你說啦，輕輕鬆鬆!!!!【薇妮 Winnie🐾】,2022-12-08T11:37:30Z,https://www.youtube.com/watch?v=1NBBuAj5mRQ,https://i.ytimg.com/vi/1NBBuAj5mRQ/mqdefault_live.jpg
28a930938667442288010b333937e2ab,live,"寶可夢好玩！繼續跑進度，今晚要""用""哪一隻呢？Youtube目標一萬訂《焦兒》!YT",2022-12-08T11:38:09Z,https://www.twitch.tv/joerze,https://static-cdn.jtvnw.net/previews-ttv/live_user_joerze-{width}x{height}.jpg
2d3deb7610dd4329ba77597dfdd13043,live,【玉子】黑箱集: 心中魔 FT.亞樂ヽ(・×・´)ゞ [聖誕の月]訂閱徽章更新!,2022-12-08T11:40:56Z,https://www.twitch.tv/siumobbb,https://static-cdn.jtvnw.net/previews-ttv/live_user_siumobbb-{width}x{height}.jpg
521d3e3d5e6e410aababfb8f290749b6,live,閒來沒事打Apex,2022-12-08T11:41:05Z,https://www.twitch.tv/fuyuhiro_vtuber,https://static-cdn.jtvnw.net/previews-ttv/live_user_fuyuhiro_vtuber-{width}x{height}.jpg
f99b7c49c1c8472681987ac2d1ff87bc,live,【中/Eng/日】我來贖罪了QQ 八點跟杏仁咪嚕還有法元明菜一起打Apex !午餐幫 !日程 !VPN,2022-12-08T11:41:08Z,https://www.twitch.tv/restiafps,https://static-cdn.jtvnw.net/previews-ttv/live_user_restiafps-{width}x{height}.jpg
c2777df3c8d341f4a1f0bb9cda8d9365,live,【柒夜】<作業台> 12/8 繪渣開始畫畫,2022-12-08T11:42:25Z,https://www.twitch.tv/sevennightouo,https://static-cdn.jtvnw.net/previews-ttv/live_user_sevennightouo-{width}x{height}.jpg
3e41189706dd483db4e407c295b058ce,live,【Ayane】GTA5 單機劇情模式 #12 (゜∀。)不要暴雷餒【中文/日本語】,2022-12-08T11:43:13Z,https://www.twitch.tv/ayane1019,https://static-cdn.jtvnw.net/previews-ttv/live_user_ayane1019-{width}x{height}.jpg
3e41189706dd483db4e407c295b058ce,live,【Ayane】GTA5 單機劇情模式 #12 (゜∀。)不要暴雷餒【中文/日本語】,2022-12-08T11:43:19Z,https://www.youtube.com/watch?v=X8sjOh2JVUA,https://i.ytimg.com/vi/X8sjOh2JVUA/mqdefault_live.jpg
9ff652451cbd4ad098bf20dd9748ce12,live,加班台 | 來看看新直播平台 | !加班規則 | !加班 |Ft.|,2022-12-08T11:44:07Z,https://www.twitch.tv/acs166,https://static-cdn.jtvnw.net/previews-ttv/live_user_acs166-{width}x{height}.jpg
21d69425cef1457180b1857cb6f8a6b6,live,【例行直播】勝利女神會給我SSR嗎!? 妮姬→fgo,2022-12-08T11:45:49Z,https://www.twitch.tv/srkurahine,https://static-cdn.jtvnw.net/previews-ttv/live_user_srkurahine-{width}x{height}.jpg
3e86fddd8145474691e77ba761a6b2a5,live,12/8 伐伐伐伐木工｜百追感謝♡ 忠誠獎勵兌換✨,2022-12-08T11:46:19Z,https://www.twitch.tv/yinyin_neko,https://static-cdn.jtvnw.net/previews-ttv/live_user_yinyin_neko-{width}x{height}.jpg
21d69425cef1457180b1857cb6f8a6b6,live,【例行直播】勝利女神會給我SSR嗎!? 妮姬→fgo,2022-12-08T11:46:27Z,https://www.youtube.com/watch?v=YAi9iFGMUwk,https://i.ytimg.com/vi/YAi9iFGMUwk/mqdefault_live.jpg
b0b2b517ea67432981e41a49aa88bc67,live,《冰の直播》FurPaws賽！！日麻大賽！pawsA組的冰玖！加油喵！！,2022-12-08T11:46:31Z,https://www.twitch.tv/binjiu0108,https://static-cdn.jtvnw.net/previews-ttv/live_user_binjiu0108-{width}x{height}.jpg
f6a4e7aa8d0c4e5cb39d199845ec4d02,live,【APEX】破冰現場，瑞斯蒂亞與法元明菜的分手擂台(？)主持人杏仁咪嚕,2022-12-08T11:49:08Z,https://www.youtube.com/watch?v=1melRmJDfoU,https://i.ytimg.com/vi/1melRmJDfoU/mqdefault_live.jpg
d9e5219a4cd84ac59bc35faa94729f01,live,【CBL冬季賽官方轉播】BPJT vs AR丨NOP vs NM丨 希比 Hebe,2022-12-08T11:50:01Z,https://www.twitch.tv/hebemegami,https://static-cdn.jtvnw.net/previews-ttv/live_user_hebemegami-{width}x{height}.jpg
d9e5219a4cd84ac59bc35faa94729f01,live,【CBL冬季賽官方轉播】BPJT vs AR丨NOP vs NM丨 希比 Hebe,2022-12-08T11:50:15Z,https://www.youtube.com/watch?v=aw1C-jN7HkQ,https://i.ytimg.com/vi/aw1C-jN7HkQ/mqdefault_live.jpg
58bb51ba1bba485a98cbf859fb5687f4,live,下棋 ft玥玥 指令:!dc !活動 !數學 !-1 !唱歌,2022-12-08T11:52:43Z,https://www.twitch.tv/zhanxi0225,https://static-cdn.jtvnw.net/previews-ttv/live_user_zhanxi0225-{width}x{height}.jpg
c6dab598fcee4b6b9bff76d2e8ffc8e6,live,诶嘿 突發,2022-12-08T11:54:38Z,https://www.twitch.tv/garmdoghehe,https://static-cdn.jtvnw.net/previews-ttv/live_user_garmdoghehe-{width}x{height}.jpg
c6dab598fcee4b6b9bff76d2e8ffc8e6,live,🔴【戰南北!刻板印象台】台灣全縣市刻板印象台!!來看狗狗吸仇恨囉!! #台灣vtuber,2022-12-08T11:54:41Z,https://www.youtube.com/watch?v=equ9Z24cWp0,https://i.ytimg.com/vi/equ9Z24cWp0/mqdefault_live.jpg
5b40a93fac8646f48fca66add3d3642c,live,【寶可夢：紫｜Pokémon Violet】#5 跟我不想承認是勁敵的勁敵打架【黑伊白】,2022-12-08T11:55:21Z,https://www.youtube.com/watch?v=3GcwNS5S0qE,https://i.ytimg.com/vi/3GcwNS5S0qE/mqdefault_live.jpg
d39880395a4b4f3d980819da82cbd90f,live,[221208] 初見日麻,2022-12-08T11:56:04Z,https://www.twitch.tv/ch1n_haneda,https://static-cdn.jtvnw.net/previews-ttv/live_user_ch1n_haneda-{width}x{height}.jpg
61c75f9fbf044b54872197eec7c9bafa,live,繼續MINECRAFT作死日常~,2022-12-08T11:56:15Z,https://www.youtube.com/watch?v=KaW6acMWBA0,https://i.ytimg.com/vi/KaW6acMWBA0/mqdefault_live.jpg
7441319fa18e4556a8ee9ef4e6396ee0,live,【遊戲直播】寶可夢 朱/紫★12/08 孵蛋89顆，會有異色的哥德小童嗎？【咲紗露世】,2022-12-08T11:56:26Z,https://www.youtube.com/watch?v=qgkRVfJlw60,https://i.ytimg.com/vi/qgkRVfJlw60/mqdefault_live.jpg
3034b51ec8ad439fa7033773a72a5c4a,live,【阿弦】1208｜今天真的要工作  ฅ•ω•ฅ   !預購【生日紀念週邊預購中】,2022-12-08T11:57:09Z,https://www.twitch.tv/luxian1215,https://static-cdn.jtvnw.net/previews-ttv/live_user_luxian1215-{width}x{height}.jpg
d4b4a16e0ccc4bb49ff82c8584e6ed79,live,【#港Bro電台】全新單元: #港Girl電台 阿御姐姐手把手，帶你來做心理測驗【六月草🌱｜史萊貓レン｜@御飯糰 阿御 Onigiri Ch.】,2022-12-08T11:57:17Z,https://www.youtube.com/watch?v=Ww52ts9__q0,https://i.ytimg.com/vi/Ww52ts9__q0/mqdefault_live.jpg
96be1e561acd4a75817c6424d9d4f9f0,live,【該死的健身還】12/08｜最多30分鐘不能再多｜【希爾艾姆】!dc !台規 !link !playone,2022-12-08T11:57:24Z,https://www.twitch.tv/hirum0405,https://static-cdn.jtvnw.net/previews-ttv/live_user_hirum0405-{width}x{height}.jpg
e41bf48a09d64e4aa3d96064a9a63b08,live,【死神牧師禮拜】 拿戈瑪第經集-諾斯底啟示錄-《我們偉大能力的概念》 朗讀雜談,2022-12-08T11:57:52Z,https://www.youtube.com/watch?v=GFI6YWyugFs,https://i.ytimg.com/vi/GFI6YWyugFs/mqdefault_live.jpg
b8c13d7702844995a0b4a66eda4d31bc,live,【創世神】百物宿舍釣蝦場還沒開幕拉~不要鬧了！！！【白芙音BaiFuYin】,2022-12-08T11:58:25Z,https://www.youtube.com/watch?v=N967_HqpBVA,https://i.ytimg.com/vi/N967_HqpBVA/mqdefault_live.jpg
6c3eeb48b7764f11804ff8110d5d990b,live,【The Evil Within 2】我願意 【虎靈】,2022-12-08T11:59:05Z,https://www.youtube.com/watch?v=Di2Ko6tY2z8,https://i.ytimg.com/vi/Di2Ko6tY2z8/mqdefault_live.jpg
46fbbed7900f4e84bd73e0bb85a3598a,live,【寶可夢 朱】黃昏狼人就應該是藍色的。,2022-12-08T11:59:21Z,https://www.youtube.com/watch?v=POFj0asAdNA,https://i.ytimg.com/vi/POFj0asAdNA/mqdefault_live.jpg
d6c4708f6eb94ac6ad7668363b132248,live,【遭遇】健身房裡色氣滿滿的大姊姊？？,2022-12-08T11:59:37Z,https://www.youtube.com/watch?v=ezGnslYKmds,https://i.ytimg.com/vi/ezGnslYKmds/mqdefault_live.jpg
681d6864cd6643cfb339f18efe70c035,live,【夜雪】我為他們唱出我最初的感嘆，他們卻聽不見我後來的歌吟 ❆ 2022.12.08,2022-12-08T11:59:39Z,https://www.twitch.tv/lanuit_yuki,https://static-cdn.jtvnw.net/previews-ttv/live_user_lanuit_yuki-{width}x{height}.jpg
0641a9c8b9a94994aaa33e0c86fef75b,live,【恐遊-IKai】好像有點久沒玩恐怖遊戲ㄌ,2022-12-08T11:59:48Z,https://www.twitch.tv/kuromu_oxo,https://static-cdn.jtvnw.net/previews-ttv/live_user_kuromu_oxo-{width}x{height}.jpg
090be1be8d29429183e190e22fc4be22,live,來當打工仔+聊天【Ness9s奈斯糖】,2022-12-08T11:59:52Z,https://www.twitch.tv/ness9s1222,https://static-cdn.jtvnw.net/previews-ttv/live_user_ness9s1222-{width}x{height}.jpg
c72226925ba94855b9fcc88fc2a25acc,live,【#歌雜 】隨心唱💖粵語限定 ! 【綽貓喵 /HKVtuber】,2022-12-08T11:59:54Z,https://www.youtube.com/watch?v=Ib1JSykU7LA,https://i.ytimg.com/vi/Ib1JSykU7LA/mqdefault_live.jpg
090be1be8d29429183e190e22fc4be22,upcoming,試試看這ㄍ功能【Ness9s奈斯糖】,2022-12-08T12:00:00Z,https://www.twitch.tv/ness9s1222,
6d61885259b744a28c7b92c0785e8fe9,upcoming,,2022-12-08T12:00:00Z,https://www.twitch.tv/vegbao,
9e3222bedec44f1a8fecdc237c020cbd,upcoming,Apex Legends 實況開始，集合！,2022-12-08T12:00:00Z,https://www.twitch.tv/winter4t2h,
854282eb3f32406aa85dd53f14748228,upcoming,LOL 召喚峽谷,2022-12-08T12:00:00Z,https://www.twitch.tv/s17116222,
6159040406fc4e6cb73dbf9734717703,upcoming,,2022-12-08T12:00:00Z,https://www.twitch.tv/drizzlingnight,
febd22ec0bec4ecdbcd383be8c2694c3,upcoming,會開台ㄛ,2022-12-08T12:00:00Z,https://www.twitch.tv/mochi_momo_,
a7bb915cc1a0474080d7dbf6d245daf4,upcoming,日常幹话台 【CN/EN】,2022-12-08T12:00:00Z,https://www.twitch.tv/tatsuya_rei,
95fa8eef249d4edca59594271fedc487,live,【雜談】稍微聊一下憤青阿樹-晨樹/巷口工作室,2022-12-08T12:00:03Z,https://www.youtube.com/watch?v=ST8mlFzdo24,https://i.ytimg.com/vi/ST8mlFzdo24/mqdefault_live.jpg
9e351b7cdabd45c49c64074bc7d947ce,live,【寂靜之音】Episode 46 | 反抗神之女 | 克蘇魯神話TRPG | PL：浠、祈菈、契夏、歐貝爾,2022-12-08T12:00:06Z,https://www.youtube.com/watch?v=AnUgwKy4cKI,https://i.ytimg.com/vi/AnUgwKy4cKI/mqdefault.jpg
6c872a4043b84e4493877a42af684d1d,live,「宇宙歌枠」#58 夢幻連動コラボ歌枠 Singing Stream【銀河Galaxy ft. @jinbee_v 】,2022-12-08T12:00:07Z,https://www.youtube.com/watch?v=VmWrq_pTO_M,https://i.ytimg.com/vi/VmWrq_pTO_M/mqdefault_live.jpg
13f9e814151e487aa60c4f50a4a23a27,live,【世界計畫】台服日常打歌練歌台 團體對戰最後一天啦！【娜比Naby】,2022-12-08T12:00:08Z,https://www.youtube.com/watch?v=h-Sr1di_ICE,https://i.ytimg.com/vi/h-Sr1di_ICE/mqdefault_live.jpg
976e0cf401784d3f874dc85b2b2c5839,live,［APEX］我來當補師ㄉ ft. 夏伊拉、麋鹿［ReliveLupo］,2022-12-08T12:00:08Z,https://www.youtube.com/watch?v=-KF4MEJK_cY,https://i.ytimg.com/vi/-KF4MEJK_cY/mqdefault_live.jpg
506d9c6fdbd34c8aa5fda64d90d96ac2,live,【APEX】白金之路有你有窩,2022-12-08T12:00:10Z,https://www.youtube.com/watch?v=0q3otWjLOYk,https://i.ytimg.com/vi/0q3otWjLOYk/mqdefault_live.jpg
090be1be8d29429183e190e22fc4be22,live,《貓次郎》#01 便利超商打工仔與貓的相遇❤️｜Ness9s奈斯糖,2022-12-08T12:00:13Z,https://www.youtube.com/watch?v=wswbtqYk6y4,https://i.ytimg.com/vi/wswbtqYk6y4/mqdefault_live.jpg
683db9d9b58f4dd883966c82581a7b60,live,【廣播電台】說話要怎麼說得好又說得巧？成為人人愛的聊天對象呢？ 第十三回來賓：@YakushijiAkira   *【蓓卡 Becca】,2022-12-08T12:00:15Z,https://www.youtube.com/watch?v=4u40LgOTyG0,https://i.ytimg.com/vi/4u40LgOTyG0/mqdefault_live.jpg
2f8e1c93b1dc41c8a642ffed7669a455,live,【雀魂連動】今天該有個和牌動畫的對吧【露諾夜雪】,2022-12-08T12:00:28Z,https://www.youtube.com/watch?v=PGAfbZhLvUw,https://i.ytimg.com/vi/PGAfbZhLvUw/mqdefault_live.jpg
adc9d30b5940427e96ae92238f0f8b83,live,【遊戲】one hand clapping#2 靠聲音走遍天下辣【火野貝 hinokai】,2022-12-08T12:00:30Z,https://www.youtube.com/watch?v=v2I52btNAa8,https://i.ytimg.com/vi/v2I52btNAa8/mqdefault_live.jpg
0641a9c8b9a94994aaa33e0c86fef75b,live,【恐遊-IKai】好像有點久沒玩恐怖遊戲ㄌ【庫洛姆Kuromu】#台灣Vtuber​​,2022-12-08T12:00:31Z,https://www.youtube.com/watch?v=TY5xB7pbPPI,https://i.ytimg.com/vi/TY5xB7pbPPI/mqdefault_live.jpg
7731172cfcaa4e668762473a7b9d509a,live,【Minecraft】  一觸即發!! FT. 育家,2022-12-08T12:00:34Z,https://www.twitch.tv/hoshi_2290,https://static-cdn.jtvnw.net/previews-ttv/live_user_hoshi_2290-{width}x{height}.jpg
823a2ba9114a4d6f8b414197f28e52e6,live,🐺【芙露】中/Eng 12/8🌙歌回｜我唱你聽還可以聊聊 ❤,2022-12-08T12:00:35Z,https://www.twitch.tv/furu_1011,https://static-cdn.jtvnw.net/previews-ttv/live_user_furu_1011-{width}x{height}.jpg
8881d23b0a3c426590c8a2509e363ec1,live,【雀魂】不想輸阿！！！ft.Four_404、伊沢悠人、露諾夜雪,2022-12-08T12:00:38Z,https://www.twitch.tv/bridget013,https://static-cdn.jtvnw.net/previews-ttv/live_user_bridget013-{width}x{height}.jpg
d35707348d554507a98f97eb59230efc,live,【配音】找戲精一起來為CCC創作集漫畫配音！ft.布魯斯Proose【天櫻咲樂/VTuber】,2022-12-08T12:00:44Z,https://www.youtube.com/watch?v=etRjEhFiJLw,https://i.ytimg.com/vi/etRjEhFiJLw/mqdefault_live.jpg
60602526ae1d48688c23a74b3cb527e8,live,【Pokemon】寶可夢紫02｜我打不贏我就爛( ´•̥̥̥ω•̥̥̥` )不是旅途才剛開始嗎,2022-12-08T12:00:46Z,https://www.youtube.com/watch?v=75wSQq-WVSU,https://i.ytimg.com/vi/75wSQq-WVSU/mqdefault_live.jpg
18bbec69edfe48bab0f650aa5a8815e3,live,【惡靈古堡8 DLC】霸凌仔甚麼的最討人厭了【Fuchi_Shiro】,2022-12-08T12:01:02Z,https://www.youtube.com/watch?v=oCGZIU6EUCA,https://i.ytimg.com/vi/oCGZIU6EUCA/mqdefault_live.jpg
e350c8b7e41045419ee1ac73bc78921b,live,【Apex】女人要狠，地位才穩。 ft. 麋鹿、Lupo【夏伊拉Shyla】#apex #apexlegends,2022-12-08T12:01:04Z,https://www.youtube.com/watch?v=pV1E2ZA6Vb4,https://i.ytimg.com/vi/pV1E2ZA6Vb4/mqdefault_live.jpg
bb08b8a2a44746499cbe1be1932fa5f9,live,【遊戲直播】Unpacking你的整理小能手嗚比已上線！#嗚比與沙鍋 #台V,2022-12-08T12:01:07Z,https://www.youtube.com/watch?v=GziKF-Wix2Q,https://i.ytimg.com/vi/GziKF-Wix2Q/mqdefault_live.jpg
757f1b20f7bd459ebd8949da907dceea,live,【Surgeon Simulator  手術模擬器】狐狸究竟會不會醫死人?【稻荷七櫻Nao】,2022-12-08T12:01:09Z,https://www.youtube.com/watch?v=N6_93rEYGu8,https://i.ytimg.com/vi/N6_93rEYGu8/mqdefault_live.jpg
3f12c2866e564c3086183c6e75ef79eb,live,#8【寶可夢：紫】虫萊館主先會會你們~晚點打級別對戰 【ReLive_安提·萊特】,2022-12-08T12:01:10Z,https://www.youtube.com/watch?v=5JCVcjZ9zE0,https://i.ytimg.com/vi/5JCVcjZ9zE0/mqdefault_live.jpg
681d6864cd6643cfb339f18efe70c035,live,【夜雪】我為他們唱出我最初的感嘆，他們卻聽不見我後來的歌吟 ❆ 2022.12.08,2022-12-08T12:01:16Z,https://www.youtube.com/watch?v=OOWAXajrKrY,https://i.ytimg.com/vi/OOWAXajrKrY/mqdefault_live.jpg
e9047e02eb6340ff940114f754c76875,live,【黑相集：稀望鎮】這三小鬼地方!? ep.01 ft. 拾參 【街狼灰焰】,2022-12-08T12:01:18Z,https://www.youtube.com/watch?v=xhPIqBOQy20,https://i.ytimg.com/vi/xhPIqBOQy20/mqdefault_live.jpg
17c335762a694402b8cb9a96b2865572,live,黑相集:稀望鎮01 | 快逃 FT.@machiogamikaiench.5731,2022-12-08T12:01:19Z,https://www.youtube.com/watch?v=Rei_bBL8EiA,https://i.ytimg.com/vi/Rei_bBL8EiA/mqdefault_live.jpg
5d1f5182f62642a8a2e3ae5d3ead1014,live,【#港BRO電台】港bro電台來囉~诶?等等今天怎麼怪怪的? #港Girl電台 來做心理測驗吧~ft.@suraimurench. 【#御飯糰阿御#六月草】,2022-12-08T12:01:23Z,https://www.youtube.com/watch?v=i8yWetR4yJ4,https://i.ytimg.com/vi/i8yWetR4yJ4/mqdefault_live.jpg
310862830fb648b78cca7e581e2622a7,live,◆ NieR:Automata ◆ Hard 衝主線啦!! //!賽後問卷 !周邊 !鼠標 //【赤羽亞矢】,2022-12-08T12:01:31Z,https://www.twitch.tv/akahaneaya,https://static-cdn.jtvnw.net/previews-ttv/live_user_akahaneaya-{width}x{height}.jpg
0e8150c7419f4c1d94d8ccfb41a04280,live,【為了吾王 - For the King 秋騰狗 | #01】 轉盤心結之旅 要拯救王國還是情誼,2022-12-08T12:01:36Z,https://www.youtube.com/watch?v=U8v9JgrFaBA,https://i.ytimg.com/vi/U8v9JgrFaBA/mqdefault_live.jpg
66d986eaa59347b0b18c5ed103cb173e,live,看大家都在玩七聖召喚那就來打牌吧，蹭熱度蹭起來(觀眾場)【原神】【VTuber灰野白】,2022-12-08T12:01:37Z,https://www.youtube.com/watch?v=eqPceEWD57U,https://i.ytimg.com/vi/eqPceEWD57U/mqdefault_live.jpg
c805a5c2c4fb4a068a65267452aa4da5,live,12/8雀魂固定觀眾場，打麻 #村下緋雨 #雀魂 #日本麻將 #觀眾場,2022-12-08T12:01:47Z,https://www.youtube.com/watch?v=VgACO08hY_s,https://i.ytimg.com/vi/VgACO08hY_s/mqdefault_live.jpg
ec045a49833c4c2fa7b7012ca7544e18,live,沒錢吃飯挖礦去,2022-12-08T12:01:48Z,https://www.twitch.tv/yami_vtb,https://static-cdn.jtvnw.net/previews-ttv/live_user_yami_vtb-{width}x{height}.jpg
efe550a729e14dbab790a3f73205d8ed,live,【#3D 】互動台詞回～！ 今天會說一些大家想要阿祁說的話！  | Malaysia Vtuber【秋月イノリ】,2022-12-08T12:01:59Z,https://www.youtube.com/watch?v=RAfl_96WFCs,https://i.ytimg.com/vi/RAfl_96WFCs/mqdefault_live.jpg
cd42e06c40534d9eac7e30a434e47d43,live,【雜談】後續三天不在? 會不會戒斷症呢? 會不會想我呢! 我也一樣喔! 很想你,2022-12-08T12:02:02Z,https://www.youtube.com/watch?v=o69-KUmTMak,https://i.ytimg.com/vi/o69-KUmTMak/mqdefault_live.jpg
01d150623c984f3d8d7de4b1859afadd,live,【Deep Rock Galactic】 亞米帶我去挖礦 #台灣vtuber #台v,2022-12-08T12:02:02Z,https://www.youtube.com/watch?v=CJllZAZ37ps,https://i.ytimg.com/vi/CJllZAZ37ps/mqdefault_live.jpg
684aeef535fb4dd2a483746cdaab5065,live,【DBD黎明死線】好像已經有幾百年沒玩這遊戲了丨蝦蝦桑Reshar #台灣Vtuber,2022-12-08T12:02:27Z,https://www.youtube.com/watch?v=JQLfva6fhzs,https://i.ytimg.com/vi/JQLfva6fhzs/mqdefault_live.jpg
1254f176d93548aca5ac7f4b53313f71,live,邊掛原神邊掛原石邊同步觀看(先看英雄時間)再看歡迎來到超自然森林1~6 ft ayaya (1200|4818) ²ᵁᴾlevel1208-2022-1208-20:01,2022-12-08T12:02:34Z,https://www.twitch.tv/ny8821205,https://static-cdn.jtvnw.net/previews-ttv/live_user_ny8821205-{width}x{height}.jpg
efc7f29b231e49e98794d834524d26f0,live,【寶可夢 紫】 威晟 WEI-CHEN 神獸任務解完,2022-12-08T12:02:40Z,https://www.twitch.tv/weichen821,https://static-cdn.jtvnw.net/previews-ttv/live_user_weichen821-{width}x{height}.jpg
1254f176d93548aca5ac7f4b53313f71,live,邊掛原神邊掛原石邊同步觀看(先看英雄時間)再看歡迎來到超自然森林1~6 ft ayaya (1200|4818) ²ᵁᴾlevel1208-2022-1208-20:01,2022-12-08T12:02:43Z,https://www.youtube.com/watch?v=yhuoAogZ8ug,https://i.ytimg.com/vi/yhuoAogZ8ug/mqdefault_live.jpg
2741a90689f342548daad7f760b0a8f7,live,【殘酷二選一】我一定是那個最正常的啦！！觀眾多數決【希翁／Chion& @HaiZMonstar 】,2022-12-08T12:02:47Z,https://www.youtube.com/watch?v=h0Ium8EWmN4,https://i.ytimg.com/vi/h0Ium8EWmN4/mqdefault_live.jpg
18bd2d37e2e64f0cab20ec6a2b2f2474,live,【艾爾登法環】初見！魂系遊戲！新手GOGO，希望我不要炸心態！【望夜 Night Ch.】,2022-12-08T12:03:06Z,https://www.youtube.com/watch?v=zR76VF4VVLA,https://i.ytimg.com/vi/zR76VF4VVLA/mqdefault_live.jpg
bfc978fbcce54a45b531c58bad2ef6df,live,【寶可夢：朱】帶著不小心生過頭的勞鼠大軍踏破道館！【黑鄉羊】,2022-12-08T12:03:20Z,https://www.youtube.com/watch?v=QYhwCJSljqM,https://i.ytimg.com/vi/QYhwCJSljqM/mqdefault_live.jpg
8f0b41303e8a481689fe4309a565ecd3,live,[ 遊戲 ] 育家攻打終界龍 ! 媽咪我好怕 ... 媽咪也很怕啊 ? ft.育家、筱星朔光,2022-12-08T12:03:35Z,https://www.youtube.com/watch?v=_t7TsPzrG9o,https://i.ytimg.com/vi/_t7TsPzrG9o/mqdefault_live.jpg
66830cad0b9949689741b0dc5ef39d29,live,🎀遊戲茶會🎀繼續往王座前進!【小魔女諾貝塔】,2022-12-08T12:04:05Z,https://www.youtube.com/watch?v=r2nA9kD6PIs,https://i.ytimg.com/vi/r2nA9kD6PIs/mqdefault_live.jpg
33717d815310491da465eb6258a70b1c,live,【台V見光史】這是一個直播音訊測試與轉機坪~8點半的時候會飛去光哥家哦！【莉芙LivGawea】,2022-12-08T12:05:23Z,https://www.youtube.com/watch?v=aEyNNayeYhY,https://i.ytimg.com/vi/aEyNNayeYhY/mqdefault_live.jpg
0471d5082a2e419786e141d6424c9150,live,【蘿希】聊一下九點黑相集，我會怕陪我啦! ft.裴妮| 滑鼠墊很香 !周邊  !IG,2022-12-08T12:05:24Z,https://www.twitch.tv/rosie_827,https://static-cdn.jtvnw.net/previews-ttv/live_user_rosie_827-{width}x{height}.jpg
4267c862353e410388f1eaa5a5d85017,live,【瑪利歐奧德賽】當我忘記它到底多難跑的時候就會回來自虐【喵喵草.Vtuber】,2022-12-08T12:05:53Z,https://www.youtube.com/watch?v=uPZqERV-tXo,https://i.ytimg.com/vi/uPZqERV-tXo/mqdefault_live.jpg
3513b73ded994bc3a92a70c9632c9856,live,作業台，今天一定完成他(充滿決心-_-)｜打招呼統一說早安(๑´ㅁ`) !衣服 !台聚,2022-12-08T12:05:53Z,https://www.twitch.tv/boxhead1005,https://static-cdn.jtvnw.net/previews-ttv/live_user_boxhead1005-{width}x{height}.jpg
df7b08cd72224681a63e6e85e0753132,live,【雜談】只是很普通的雜談,2022-12-08T12:06:30Z,https://www.youtube.com/watch?v=yRUZsLL1flQ,https://i.ytimg.com/vi/yRUZsLL1flQ/mqdefault_live.jpg
8e2559d9a7714ecd9cb0448b4d28f8d2,live,【APEX】跟寶貝苡櫻一起打槍！ ft苡櫻┃!生日周邊 !生日紀錄檔  ┃1215有貼圖大更新！🫐努力獲得紫色酷勾勾,2022-12-08T12:06:32Z,https://www.twitch.tv/blueberry_oho,https://static-cdn.jtvnw.net/previews-ttv/live_user_blueberry_oho-{width}x{height}.jpg
e7fd5d01e57c42658be2bf1e3ad5d696,live,【#PLANET9商城】天啊【繆・索緹絲 / Myo Sotis (NKshoujo)】,2022-12-08T12:07:43Z,https://www.youtube.com/watch?v=32TmlMNAlTw,https://i.ytimg.com/vi/32TmlMNAlTw/mqdefault_live.jpg
8e858eb26f3b4ca2beab2baccc887893,live,🌙【特戰英豪】🌙射射遊戲~ ★沒有點歌 !三日月,2022-12-08T12:08:33Z,https://www.twitch.tv/lanningyue,https://static-cdn.jtvnw.net/previews-ttv/live_user_lanningyue-{width}x{height}.jpg
5612ac8b150e45e5a7381a2c07e9671a,live,【#遊戲】Minecraft ｜育家之終界龍大戰！【SxC Ch. 巧莓起酥】Ft.育家,2022-12-08T12:08:48Z,https://www.youtube.com/watch?v=kJsc4iqdgAU,https://i.ytimg.com/vi/kJsc4iqdgAU/mqdefault_live.jpg
ad56a56e509c4b6fa0cf11ca959e3c72,live,【作業/雜談】真正的 沒有事故的！！一邊工作一邊聊天！【白音エルル/白音艾露露】#エルルライブ #雜談 #Vtuber,2022-12-08T12:09:10Z,https://www.youtube.com/watch?v=sYAi4BLyzt4,https://i.ytimg.com/vi/sYAi4BLyzt4/mqdefault_live.jpg
cda9668f324445a7bd507094ad6946b8,live,【寶可夢--紫】  要來抓神獸了 #17   {戀芸吹雪4我Live}  12/08,2022-12-08T12:09:40Z,https://www.twitch.tv/rich80112,https://static-cdn.jtvnw.net/previews-ttv/live_user_rich80112-{width}x{height}.jpg
9b33b75521bd43bca3346790ac65559c,live,12/8  ❰荻娜❱  劇情遊戲 - 跟荻娜一起去天堂 /  !轉盤 !民代 !棉花糖 / 歡迎拍打餵食 I 訂閱YT 解鎖實況精華&廢片,2022-12-08T12:09:57Z,https://www.twitch.tv/mtow9140,https://static-cdn.jtvnw.net/previews-ttv/live_user_mtow9140-{width}x{height}.jpg
ed051ffc6cd643c287a678fea774e644,live,【小郭】12/8 拔智齒Day ♡,2022-12-08T12:10:02Z,https://www.twitch.tv/yu02727,https://static-cdn.jtvnw.net/previews-ttv/live_user_yu02727-{width}x{height}.jpg
86a9d44f3d7c47769122c762db7c37e9,live,12/08｜【突發/遊戲台】初見新遊戲，先試玩看看【黑色沙漠】｜!dc !twitter,2022-12-08T12:10:07Z,https://www.twitch.tv/nambyul_006,https://static-cdn.jtvnw.net/previews-ttv/live_user_nambyul_006-{width}x{height}.jpg
a8ce4642418b4fe8ba1471a32097f4c4,live,【Mario Kart 8 DX】瑪利歐賽車第3波新賽道更新 !!! 好久沒來練車車了 【歐妲/惡獸時代】,2022-12-08T12:10:15Z,https://www.youtube.com/watch?v=aWvOzui6pLY,https://i.ytimg.com/vi/aWvOzui6pLY/mqdefault_live.jpg
415ca337b1104450acbed1eb046c0a58,live,【模四】《Twitch蓋房子大賽》Day 2裝潢  【12/8】,2022-12-08T12:10:32Z,https://www.twitch.tv/ichikawakizuna,https://static-cdn.jtvnw.net/previews-ttv/live_user_ichikawakizuna-{width}x{height}.jpg
b359f595b54b4edc8969423a8b5658ff,live,【寶可夢 朱】挑戰玻瓶道館 #8,2022-12-08T12:11:13Z,https://www.youtube.com/watch?v=S-H8Q-7C-JQ,https://i.ytimg.com/vi/S-H8Q-7C-JQ/mqdefault_live.jpg
d1dd83b6e8a24df4b61f766cff45113c,live,🔴【突發】闇影詩章➤12/8∷新模式跨職業第一天！讓棄牌更加偉大吧！！【台V/台灣Vtuber】,2022-12-08T12:13:03Z,https://www.youtube.com/watch?v=T7YivwQxmOM,https://i.ytimg.com/vi/T7YivwQxmOM/mqdefault_live.jpg
381bb87f90794f2a909775a87c192dc5,live,烤棉花糖！O_o 這不是罵倒耶？蕨餅們竟然有這種愛好 ✦  初見歡迎 ✦【蕨明子 · Vtuber】Kasshia カッシア,2022-12-08T12:13:46Z,https://www.youtube.com/watch?v=mxiepQXCHWU,https://i.ytimg.com/vi/mxiepQXCHWU/mqdefault_live.jpg
0a178f2c7b994a4ea8eb845ebd489a5a,live,【遊戲】今天的我是一個義賊！｜#廖添丁-稀代兇賊の最期【德萊涅洛｜海藍幻鏡】,2022-12-08T12:14:24Z,https://www.youtube.com/watch?v=Lnx2Ywf8dRk,https://i.ytimg.com/vi/Lnx2Ywf8dRk/mqdefault_live.jpg
9a7b7c9c31da44aca5a68395a2e69488,live,新感覚！無声透明Vtuber放送中,2022-12-08T12:15:46Z,https://www.twitch.tv/trombeningen,https://static-cdn.jtvnw.net/previews-ttv/live_user_trombeningen-{width}x{height}.jpg
bf6401d2159c40a8a616defa8c2c4a66,live,【日常配信】12/8 來日常塗圖~【水天一色 】,2022-12-08T12:16:11Z,https://www.twitch.tv/mizutenishoku,https://static-cdn.jtvnw.net/previews-ttv/live_user_mizutenishoku-{width}x{height}.jpg
07b9e0f7118446be96cc2d12f5d8ad02,live,超級失眠 A級馬娘公會徵人！！ !yt !貼圖【Latte Ch. ☕ ／個人Vtuber】,2022-12-08T12:16:16Z,https://www.twitch.tv/latteda_,https://static-cdn.jtvnw.net/previews-ttv/live_user_latteda_-{width}x{height}.jpg
e28e3e0d6eeb41fd836c199f4007b4df,live,委託工作台,2022-12-08T12:17:15Z,https://www.twitch.tv/crispyyoumich,https://static-cdn.jtvnw.net/previews-ttv/live_user_crispyyoumich-{width}x{height}.jpg
9a7b7c9c31da44aca5a68395a2e69488,upcoming,【無声透明Vtuber】ゴッド・オブ・ウォー ラグナロク #15【バ美肉、バ美声不使用】,2022-12-08T12:17:17Z,https://www.youtube.com/watch?v=87k_IiLhdgk,https://i.ytimg.com/vi/87k_IiLhdgk/mqdefault_live.jpg
edbd401267284e8886c1fd27d08283d4,live,12/8 【寶可夢紫】給你們套上項圈 乖乖勞動12小,2022-12-08T12:18:50Z,https://www.twitch.tv/phoenix989898,https://static-cdn.jtvnw.net/previews-ttv/live_user_phoenix989898-{width}x{height}.jpg
2e01ec6b25684995ab109ac0f74f1456,live,大整房間！| 正式回歸直播！  - !烤場 !陪玩 !鍵盤 !優化 #pcgamepass,2022-12-08T12:21:23Z,https://www.twitch.tv/waisun,https://static-cdn.jtvnw.net/previews-ttv/live_user_waisun-{width}x{height}.jpg
a83b6d485350402b90238deb371ae654,live,【夢娜】我的網絡QQ...【雜談】【歡迎掛台】,2022-12-08T12:24:36Z,https://www.twitch.tv/monna_1113,https://static-cdn.jtvnw.net/previews-ttv/live_user_monna_1113-{width}x{height}.jpg
e5433e4a21eb49e2bcd508e3b12fba6d,live,【スプラトゥーン3】,2022-12-08T12:25:44Z,https://www.twitch.tv/shichijyuzou,https://static-cdn.jtvnw.net/previews-ttv/live_user_shichijyuzou-{width}x{height}.jpg
ee8addc35a0041fe8c02f6b22c1d2289,live,『薩爾達傳說 曠野之息』看來今天要遲到了~,2022-12-08T12:27:20Z,https://www.youtube.com/watch?v=RQIAAMH35AY,https://i.ytimg.com/vi/RQIAAMH35AY/mqdefault_live.jpg
ee8addc35a0041fe8c02f6b22c1d2289,live,【梅林】到處趴趴走~ !YT !推特,2022-12-08T12:27:21Z,https://www.twitch.tv/merlin_durand,https://static-cdn.jtvnw.net/previews-ttv/live_user_merlin_durand-{width}x{height}.jpg
b80c21b76e7849f0a0fa94194fe2ad4b,live,【踹共啊】百物宿舍釣蝦場開張！【洛妮RoniMaca】feat. 蝦子or...?,2022-12-08T12:27:34Z,https://www.youtube.com/watch?v=7iVpeenGYdc,https://i.ytimg.com/vi/7iVpeenGYdc/mqdefault_live.jpg
d0c2bb3e9091413e8d245bdc217e9420,live,[歌回] 自詡為黑暗料理歌姬的空霓終於要開歌回了 #KonnnieLive,2022-12-08T12:27:58Z,https://www.youtube.com/watch?v=gG-c2WstDz0,https://i.ytimg.com/vi/gG-c2WstDz0/mqdefault_live.jpg
ce013f56157740e59c7735bd51356260,live,【Muisc making】Let's try lofi music?,2022-12-08T12:28:19Z,https://www.twitch.tv/nikamivt,https://static-cdn.jtvnw.net/previews-ttv/live_user_nikamivt-{width}x{height}.jpg
698d1cca0e1f417892c954dabe0aacf8,live,【雪野真白】回鍋復建 帶著將軍解任務|追求永恆的信徒,2022-12-08T12:28:36Z,https://www.twitch.tv/yukino_mashiro,https://static-cdn.jtvnw.net/previews-ttv/live_user_yukino_mashiro-{width}x{height}.jpg
6efa004da8424662bae62d420d82d722,live,【GAME】初見 ! ! 哈利波特：魔法覺醒 ! !  霹靂卡霹靂拉拉...,2022-12-08T12:29:33Z,https://www.youtube.com/watch?v=3Q1N100_LK8,https://i.ytimg.com/vi/3Q1N100_LK8/mqdefault_live.jpg
6d5302878a2a4d369cb812efdc6232bd,live,🌱【寶可夢劍盾】Day8🔴最後的冠軍賽The END,2022-12-08T12:29:37Z,https://www.youtube.com/watch?v=zR3gWIbXuvQ,https://i.ytimg.com/vi/zR3gWIbXuvQ/mqdefault_live.jpg
b8ce93818de34a93901147e5d9857170,upcoming,一年前到職的那天｜八爺｜#B1俱樂部,2022-12-08T12:30:00Z,https://www.youtube.com/watch?v=co535z9km1c,https://i.ytimg.com/vi/co535z9km1c/mqdefault_live.jpg
f7c8264349654390a5e39810dc012a38,upcoming,◖寶可夢 紫◗ 今天休閒玩邊練等！ #PLANET9商城 #PLANET9雙12感謝祭【星見遙】,2022-12-08T12:30:00Z,https://www.youtube.com/watch?v=Cn-W9xEikt8,https://i.ytimg.com/vi/Cn-W9xEikt8/mqdefault_live.jpg
22c8ee785f7446e5978bab336fda92cb,upcoming,【逃脫方塊系列】Cube Escape Paradox【迷子羽根】,2022-12-08T12:30:00Z,https://www.youtube.com/watch?v=cOTVK8mmdA0,https://i.ytimg.com/vi/cOTVK8mmdA0/mqdefault_live.jpg
49196eec11454f589d4d6e52f1b1bbe8,upcoming,【直播】雜談|其實是要趕工紅白的工作台啦QQ【菜姬】,2022-12-08T12:30:00Z,https://www.youtube.com/watch?v=AZCaQ5jEUeM,https://i.ytimg.com/vi/AZCaQ5jEUeM/mqdefault_live.jpg
e4a78a4115b7463eb3e42f1cbbd59aa0,upcoming,"【Live2D基礎教學】如果只是要做成這樣,其實不用找建模師唷!!【淺蔥文太】",2022-12-08T12:30:00Z,https://www.youtube.com/watch?v=uAAQ9p4IJC8,https://i.ytimg.com/vi/uAAQ9p4IJC8/mqdefault_live.jpg
4b9b64309ea0491bbde3b86b6c34bdd0,upcoming,【寶可夢 朱/紫】跑主線劇情！我和過去的我已經不一樣了😌【台灣VTuber】,2022-12-08T12:30:00Z,https://www.youtube.com/watch?v=wkI3eEci9TA,https://i.ytimg.com/vi/wkI3eEci9TA/mqdefault_live.jpg
8dd4a8b4598e483e9112b2b1a9466013,upcoming,【復刻!!】猴子都能打過的高難 十倍怨念大奉還 靈-01 蛋蛋怨靈大進擊,2022-12-08T12:30:00Z,https://www.youtube.com/watch?v=s8UpTUrVfsQ,https://i.ytimg.com/vi/s8UpTUrVfsQ/mqdefault.jpg
bf58297d50a741e5b1808ec4c445f216,upcoming,【星媽解星盤5】注意看 這女人太狠了 只得知粉絲的出生時間即摸透這個人 的名字是星媽 feat. 星媽｜水星スイ |,2022-12-08T12:30:00Z,https://www.youtube.com/watch?v=qN3r_6SEI6g,https://i.ytimg.com/vi/qN3r_6SEI6g/mqdefault_live.jpg
326e254f0da14bc6bfc5d379164cf5c6,upcoming,EP.2【To the Moon】進入中年時光洪流找尋找真實的渴望 | YT+Twitch |,2022-12-08T12:30:00Z,https://www.youtube.com/watch?v=5Qfmo4Bzc5I,https://i.ytimg.com/vi/5Qfmo4Bzc5I/mqdefault_live.jpg
956591dc2e40411688b8f8e3079bc5e3,upcoming,【unpacking】#03 究竟 殭屍會整理房間了嗎? ヽ(°〇°)ﾉ,2022-12-08T12:30:00Z,https://www.youtube.com/watch?v=Ej7xXLY0VCQ,https://i.ytimg.com/vi/Ej7xXLY0VCQ/mqdefault_live.jpg
4571c7a211b945f3b608c0066f7e73e4,upcoming,寶可夢朱紫～刷色違！鎖定拉魯拉斯系列！｜朱版｜Pokémon Scarlet & Violet｜ポケットモンスター スカーレット・バイオレット,2022-12-08T12:30:00Z,https://www.youtube.com/watch?v=m14OS6rgr5U,https://i.ytimg.com/vi/m14OS6rgr5U/mqdefault_live.jpg
389bd53524c74c44a32d72279b288b17,upcoming,「于龔月 Yu Gong Yue ch.」這是又是AYAME~一起打槍槍 開心ㄟXDDD「特戰英豪」,2022-12-08T12:30:00Z,https://www.youtube.com/watch?v=xacMjUWg3io,https://i.ytimg.com/vi/xacMjUWg3io/mqdefault_live.jpg
22c4cd83790e401ca8055a64554cf3a7,upcoming,【雜談】唸好唸滿快嘴鳥｜ Rei 赤羽靈🔆,2022-12-08T12:30:00Z,https://www.youtube.com/watch?v=o3WbVehl1TU,https://i.ytimg.com/vi/o3WbVehl1TU/mqdefault_live.jpg
e8eb343e61df420bbfa5de7fea1a90b2,upcoming,【火雞面AmongUs!!!】開放亂入之路人局AmongUs加上第一次嘗試火雞面？ ！ ！【StRineHK / 秋本瑞希☆】,2022-12-08T12:30:00Z,https://www.youtube.com/watch?v=PbESP8SPT38,https://i.ytimg.com/vi/PbESP8SPT38/mqdefault_live.jpg
d418b8a185f449b3a15c1656ba654780,upcoming,【Pokemon Scarlet 寶可夢朱】9 把剩下的兩隻也找出來！【KoShiNa】#馬來西亞Vtube #myvt,2022-12-08T12:30:00Z,https://www.youtube.com/watch?v=O_KTbPzhtC4,https://i.ytimg.com/vi/O_KTbPzhtC4/mqdefault_live.jpg
554ca19c3d924cacac1f680675b9fdd2,upcoming,原神日常任務及聊天,2022-12-08T12:30:00Z,https://www.twitch.tv/yueyuhoshizora,
854282eb3f32406aa85dd53f14748228,upcoming,寶可夢朱紫色違之旅!,2022-12-08T12:30:00Z,https://www.twitch.tv/s17116222,
00de1290ff0a4edda4db0385a6ba3300,live,【Trombone Champ】一邊喝酒一邊吹吹,2022-12-08T12:30:04Z,https://www.twitch.tv/saki_sen1130,https://static-cdn.jtvnw.net/previews-ttv/live_user_saki_sen1130-{width}x{height}.jpg
bafb134fd2f849898d6242d1f5f683cc,live,【歌枠】想在冷冷的冬日給你溫暖☃️自由的宇宙星人要放聲歌唱！⌇ 涅默Nemesis,2022-12-08T12:30:06Z,https://www.youtube.com/watch?v=78gfcmHodvI,https://i.ytimg.com/vi/78gfcmHodvI/mqdefault_live.jpg
5ba5435547cd4df0a525172bf2cc58d8,live,【Pokemon Violet】 我們來繼續 ~ 大家看到我不會不妨教教我 ~ 【Popori遊戲時間】,2022-12-08T12:30:15Z,https://www.youtube.com/watch?v=64ZvPeWZD30,https://i.ytimg.com/vi/64ZvPeWZD30/mqdefault_live.jpg
78195639f2464c75a84f79d46120e28a,live,12/8 Live2D繪製工作臺  !新影片,2022-12-08T12:30:16Z,https://www.twitch.tv/hana_yuuka,https://static-cdn.jtvnw.net/previews-ttv/live_user_hana_yuuka-{width}x{height}.jpg
854282eb3f32406aa85dd53f14748228,live,12/8 看看抓一隻色違需要花多久時間?,2022-12-08T12:30:30Z,https://www.twitch.tv/s17116222,https://static-cdn.jtvnw.net/previews-ttv/live_user_s17116222-{width}x{height}.jpg
4571c7a211b945f3b608c0066f7e73e4,live,寶可夢朱紫～刷色違！鎖定拉魯拉斯系列！｜朱版｜Pokémon Scarlet & Violet｜ポケットモンスター スカーレット・バイオレット,2022-12-08T12:30:41Z,https://www.twitch.tv/zizi0218520,https://static-cdn.jtvnw.net/previews-ttv/live_user_zizi0218520-{width}x{height}.jpg
3430201d0e1f4672a58faf16ee0f2761,live,【Deer Discovery Channel】HUH. I DIDN'T KNOW ABOUT THIS?!,2022-12-08T12:31:28Z,https://www.twitch.tv/ichiroku16_vt,https://static-cdn.jtvnw.net/previews-ttv/live_user_ichiroku16_vt-{width}x{height}.jpg
833f3b796f48477aae3b8e902270ab36,live,【火雞面AmongUs】來亂入mizuki！【StRineOffice / 星野夢Yume】,2022-12-08T12:31:50Z,https://www.youtube.com/watch?v=-fP9HizGHTY,https://i.ytimg.com/vi/-fP9HizGHTY/mqdefault_live.jpg
c0c35f0471774be2b33163ae20f2d6bb,live,【1周年記念】あの日からもう1年間？！初配信同時視聴と1周年記念歌枠やります♬一緒にお祝いしようね✨Ꮚ•̀ꈊ•́Ꮚ【薬袋アルマ／Vtuber】艦長1周年啦！一起回顧30分鐘的空氣配信跟1周年歌回！,2022-12-08T12:32:30Z,https://www.youtube.com/watch?v=Pm9k-M2J8kc,https://i.ytimg.com/vi/Pm9k-M2J8kc/mqdefault_live.jpg
d7b96c6024ce479f9b8f8c0a5439c9af,live,#MYVTAPEX3 we scrim SCREAM || !myvtapex !KaRiMi [CN gomen],2022-12-08T12:32:46Z,https://www.twitch.tv/rittan0x0,https://static-cdn.jtvnw.net/previews-ttv/live_user_rittan0x0-{width}x{height}.jpg
37e88453b9cb48b1863bc455328b34c1,live,【浣熊Rira🦝】無情趕稿...再2星期..再2星期..  |歡掛忠點|,2022-12-08T12:36:53Z,https://www.twitch.tv/kinarira,https://static-cdn.jtvnw.net/previews-ttv/live_user_kinarira-{width}x{height}.jpg
d8fa0fb407c043cb9b65ab66c2221e8d,live,【希耶】12/8 二週目再開｜訂閱告急中｜訂閱77元,2022-12-08T12:37:03Z,https://www.twitch.tv/ca0510,https://static-cdn.jtvnw.net/previews-ttv/live_user_ca0510-{width}x{height}.jpg
886b8f7841a341af80b6faed09b18ba1,live,【魔獸世界】今天又是魔獸的日子了!,2022-12-08T12:37:56Z,https://www.twitch.tv/mimiko13920,https://static-cdn.jtvnw.net/previews-ttv/live_user_mimiko13920-{width}x{height}.jpg
342b158ba02d4103a1407d62fe786f5e,live,【虹月NEON】今天能不能一次打完三主線? 寶可夢 朱,2022-12-08T12:39:21Z,https://www.twitch.tv/nijitsukineon,https://static-cdn.jtvnw.net/previews-ttv/live_user_nijitsukineon-{width}x{height}.jpg
fd62c955979d4f14b788100154fb26e8,live,測試,2022-12-08T12:40:56Z,https://www.twitch.tv/amemiyaakasa,https://static-cdn.jtvnw.net/previews-ttv/live_user_amemiyaakasa-{width}x{height}.jpg
8cbdee1cfd644878b7392bd1c996c185,live,"[熊熊聊天室] 沒有主題的聊天室,隨便聊聊吧",2022-12-08T12:44:53Z,https://www.twitch.tv/l_white_bear,https://static-cdn.jtvnw.net/previews-ttv/live_user_l_white_bear-{width}x{height}.jpg
6b36f446b10e4ea99d5d80d60beeee21,live,【CN/EN 中/英】08/12 : #MYVTAPEX3 - MSIA PREMATCH 💙💜 !SOCIALS !THRONE !MERCH,2022-12-08T12:46:04Z,https://www.twitch.tv/venicec,https://static-cdn.jtvnw.net/previews-ttv/live_user_venicec-{width}x{height}.jpg
4cb08241fbce4905a83ed02de6a1af9c,live,卡比卡比╰(*°▽°*)╯,2022-12-08T12:48:08Z,https://www.twitch.tv/lingmu_ch,https://static-cdn.jtvnw.net/previews-ttv/live_user_lingmu_ch-{width}x{height}.jpg
5535c9524eb046c38e172ebfa06b302f,upcoming,🔴LIVE 【雲圖計劃】新人形「卡蘿」登場! 全新活動關卡&卡池玩爆抽爆! 直播主抽直播主?!🤣 ▹璐洛洛◃,2022-12-08T13:00:00Z,https://www.youtube.com/watch?v=BMwFoPdJkP0,https://i.ytimg.com/vi/BMwFoPdJkP0/mqdefault_live.jpg
b08047f2566246ac995e03a5db727cfe,upcoming,『洛克人 Zero 4』水塔人不喜歡你的水塔｜ロックマンゼロ4【Ep.2】Game Stream｜#Renewlive #須多夜花,2022-12-08T13:00:00Z,https://www.youtube.com/watch?v=o5zdQTXCLXo,https://i.ytimg.com/vi/o5zdQTXCLXo/mqdefault_live.jpg
496b5a2dae1a4662806f858e8d40c5ea,upcoming,【The Evil Within 2】來試試看新遊戲吧...!!/It's time to play new game... !!,2022-12-08T13:00:00Z,https://www.youtube.com/watch?v=SUiWk9iv9yM,https://i.ytimg.com/vi/SUiWk9iv9yM/mqdefault_live.jpg
6eec62ae2c9849de8ca895cef44ec952,upcoming,悲傷的影片一個接一個，能夠不哭爛嗎,2022-12-08T13:00:00Z,https://www.youtube.com/watch?v=eLracex5LXo,https://i.ytimg.com/vi/eLracex5LXo/mqdefault_live.jpg
a246e7561e5f40799a48eeca69951b7b,upcoming,【來自深淵 朝向黑暗的雙星】想再探入的深一點！但我不想迷路...《落羽澄漣》,2022-12-08T13:00:00Z,https://www.youtube.com/watch?v=8mG0zr5CBko,https://i.ytimg.com/vi/8mG0zr5CBko/mqdefault_live.jpg
5bbfc7c1b6584cef8c75f2f9044387d2,upcoming,"EP8【寶可夢朱紫】逛逛雪山,挑戰剩下的館主~!!【焰焰 Homura】",2022-12-08T13:00:00Z,https://www.youtube.com/watch?v=rmRBURSMQZY,https://i.ytimg.com/vi/rmRBURSMQZY/mqdefault_live.jpg
fcf611e0ddc5474b9836eb8aa2fe1d24,upcoming,【超次元游汐 戰機少女 Sisters vs Sisters】vt中之人透漏 【ep.3】,2022-12-08T13:00:00Z,https://www.youtube.com/watch?v=0Twkd2HwfoA,https://i.ytimg.com/vi/0Twkd2HwfoA/mqdefault_live.jpg
ba41581d315943fdaebe0dc981020d1c,upcoming,【繪圖】你會記得你一生吃過多少蛋嗎？我只知道我兩週沒吃了！！【金架海拉│台灣Vtuber】,2022-12-08T13:00:00Z,https://www.youtube.com/watch?v=PuaRh_ioD1U,https://i.ytimg.com/vi/PuaRh_ioD1U/mqdefault_live.jpg
e345e71197ee464b9f423292f978f94d,upcoming,【綿講】 #81 貓村、領養代替購買是情勒嗎、黑道問題,2022-12-08T13:00:00Z,https://www.youtube.com/watch?v=j_lcJNrSGEI,https://i.ytimg.com/vi/j_lcJNrSGEI/mqdefault_live.jpg
3bcfb277595f489ba52734d6f21c08e1,upcoming,【COVER】昔言【清水望歌】,2022-12-08T13:00:00Z,https://www.youtube.com/watch?v=j1NF5SDCZBY,https://i.ytimg.com/vi/j1NF5SDCZBY/mqdefault.jpg
43864254e678407fae3dc899f7155912,upcoming,【🌙模型】比起看著switch裡的沙奈朵，不如我們對真實的沙奈朵瑟瑟吧｜組裝模型｜Shiro Ch. 席蘿シロ,2022-12-08T13:00:00Z,https://www.youtube.com/watch?v=UryPAYpUuMA,https://i.ytimg.com/vi/UryPAYpUuMA/mqdefault_live.jpg
5f9767b104b54292bf6dd29863c0c6b1,upcoming,【遊戲實況】惡夢難度真D難！鵝要繼續努力向前邁進啦！【最後指令Last Command #4】,2022-12-08T13:00:00Z,https://www.youtube.com/watch?v=8y_zaJisVqE,https://i.ytimg.com/vi/8y_zaJisVqE/mqdefault_live.jpg
08be94e874d448f8a2794a44c61e8d8f,upcoming,【健身環大冒險】 米咪動起乃！初健身環，是否生還? ✦ 狸咪 Tanuki Miihi,2022-12-08T13:00:00Z,https://www.youtube.com/watch?v=IbnT-IttdpY,https://i.ytimg.com/vi/IbnT-IttdpY/mqdefault_live.jpg
fffd31d236a2479c9070bcc171bdc13d,upcoming,【It take two/雙人成行】我還沒享受婚後幸福生活耶Q-Q FT. 土司喵 【草加子】,2022-12-08T13:00:00Z,https://www.youtube.com/watch?v=bqrzxsZpxQQ,https://i.ytimg.com/vi/bqrzxsZpxQQ/mqdefault_live.jpg
8bd1aad0ee834101b6042c08495a31be,upcoming,【原神】先破主線再來打牌【刻爾莉雅/KerLiya】,2022-12-08T13:00:00Z,https://www.youtube.com/watch?v=yI_yOYwg-KU,https://i.ytimg.com/vi/yI_yOYwg-KU/mqdefault_live.jpg
da503b835e2a41d58433ebf6960db356,upcoming,［工作雜談台］CWT62!!［20221208］,2022-12-08T13:00:00Z,https://www.youtube.com/watch?v=NYzh16uQiIU,https://i.ytimg.com/vi/NYzh16uQiIU/mqdefault_live.jpg
4cd21df2b76148b182903cc0aebe2bfa,upcoming,【冥想】冥想ａ法之豹的傳人 feat. @shiroha_inori 【法斯卡FuscA】,2022-12-08T13:00:00Z,https://www.youtube.com/watch?v=4pc5ow667FY,https://i.ytimg.com/vi/4pc5ow667FY/mqdefault_live.jpg
cd6b428bead74294b2d660b49a58edd3,upcoming,【寶可夢(朱)#3】今天要練等！抓抓寶可夢！《阿熙》,2022-12-08T13:00:00Z,https://www.youtube.com/watch?v=2xBzoEvQm1Q,https://i.ytimg.com/vi/2xBzoEvQm1Q/mqdefault_live.jpg
b42416c629e64c948f75aff4ff5c9a8a,upcoming,【鴉咧鴉咧】1219快要到啦！渡渡最想要的生日禮物是？一起來看看禮物清單吧！,2022-12-08T13:00:00Z,https://www.youtube.com/watch?v=QWLRcboPZng,https://i.ytimg.com/vi/QWLRcboPZng/mqdefault_live.jpg
c82ab1b4f8f64d1f84cae4ce09aa0dea,upcoming,【雜談】好久不見聊聊天｜汐Seki,2022-12-08T13:00:00Z,https://www.youtube.com/watch?v=mJUZyFAl-tY,https://i.ytimg.com/vi/mJUZyFAl-tY/mqdefault_live.jpg
2efed2f9e0c54ec4b58fc27154bd09ac,upcoming,【APEX】APEX小學堂#9 焦炭魔女降臨!!! 用火焰魔法把敵人全部燒光!!! Ft.阿幽,2022-12-08T13:00:00Z,https://www.youtube.com/watch?v=yx1iW9AHMDc,https://i.ytimg.com/vi/yx1iW9AHMDc/mqdefault_live.jpg
4de233ea7dfc4a7da1738ab627babd48,upcoming,【JOJO ASBR】該把第二部解決掉了! #JOJOASBR,2022-12-08T13:00:00Z,https://www.youtube.com/watch?v=QHJHRoXWcbM,https://i.ytimg.com/vi/QHJHRoXWcbM/mqdefault_live.jpg
a0e2f9b9f851401bbd1736189d4b69b1,upcoming,【#日出了】所以小六你是要不要乖乖合作！【蘇爾普利莫∕Sol Primo】#新人Vtuber,2022-12-08T13:00:00Z,https://www.youtube.com/watch?v=V3yBFaXn6Ac,https://i.ytimg.com/vi/V3yBFaXn6Ac/mqdefault_live.jpg
13e1018152fd4b50ac734eacda73e111,upcoming,【雜談】那些記憶中的線上遊戲!,2022-12-08T13:00:00Z,https://www.youtube.com/watch?v=AUovWQbBKyE,https://i.ytimg.com/vi/AUovWQbBKyE/mqdefault_live.jpg
4fd17e8877024633876c5d85bc81e56b,upcoming,【台V見光史】莉芙嘉薇亞 - 大痲園的守護者，讓痲痲的慈愛溫暖每個小泡芙。 feat. @livgawea,2022-12-08T13:00:00Z,https://www.youtube.com/watch?v=I7ySYceY5B8,https://i.ytimg.com/vi/I7ySYceY5B8/mqdefault_live.jpg
702c74978d8f4adab79f292cbecb49a4,upcoming,黑相集 : 心中魔 姊姊們尖叫聲不斷~聽著聽著居然興奮了~!? ft. 蘿希 @user-ic3kz7tt7h  The Dark Pictures Anthology,2022-12-08T13:00:00Z,https://www.youtube.com/watch?v=-vvGVoKpCXs,https://i.ytimg.com/vi/-vvGVoKpCXs/mqdefault_live.jpg
ef2c9ea8d1644ce283daada94023648b,upcoming,【APEX】 三人上分之旅  ft. 艾緹/洛歐  【雷恩沃爾夫 rainwolf】#雷恩配信中 #apex,2022-12-08T13:00:00Z,https://www.youtube.com/watch?v=ZZeRwQjxKkg,https://i.ytimg.com/vi/ZZeRwQjxKkg/mqdefault_live.jpg
3410ce8f1b78487f8025485a6c09b1b8,upcoming,【DAVE THE DIVER】整個大海都是我的撒西米～～跟著大叔一起探索海底跟經營壽司餐廳的遊戲！【銀河希歐塔 Theotha Milkyway】,2022-12-08T13:00:00Z,https://www.youtube.com/watch?v=lpKph4CBmKQ,https://i.ytimg.com/vi/lpKph4CBmKQ/mqdefault_live.jpg
c90914afde364f5e982414615662f5a7,upcoming,【戰神：諸神黃昏｜God of War: Ragnarök #8】繼續衝主線 奧丁ㄐㄐ放地上【班西Banshee】,2022-12-08T13:00:00Z,https://www.youtube.com/watch?v=0dNOBH8RV_s,https://i.ytimg.com/vi/0dNOBH8RV_s/mqdefault_live.jpg
d45dc740a9e340c98d3eaf6923baa07a,upcoming,【記憶的怪物】難道是骨...骨ㄎ..? ｜穆 Mu,2022-12-08T13:00:00Z,https://www.youtube.com/watch?v=JCRO8x-7tFg,https://i.ytimg.com/vi/JCRO8x-7tFg/mqdefault_live.jpg
93a4d479e67242d58d3ff80307d3bc84,upcoming,『進擊羔羊傳說』Part3 要命，教主都要自顧不暇了 | 新人Vtuber【月藏藏 moonku】,2022-12-08T13:00:00Z,https://www.youtube.com/watch?v=xnmWT8g_PJU,https://i.ytimg.com/vi/xnmWT8g_PJU/mqdefault_live.jpg
ebc44e2ba78f4790b832d02c31410262,upcoming,【 開玩咲】寶可夢朱紫#8 | 咲想加入🌟天星隊 🎀魔法少女花咲🎀,2022-12-08T13:00:00Z,https://www.youtube.com/watch?v=_dPyGLlDxps,https://i.ytimg.com/vi/_dPyGLlDxps/mqdefault_live.jpg
fbb142bcb07a4808b0164c41ab1877ea,upcoming,【雜談】天氣好冷好想吃熱呼呼羊肉爐或麻辣鍋喔｜多多栗茲,2022-12-08T13:00:00Z,https://www.youtube.com/watch?v=qslWOMhFecw,https://i.ytimg.com/vi/qslWOMhFecw/mqdefault_live.jpg
7b58646f89cb4b7cbcdce819499c475f,upcoming,【復健歌回】久違的歌回就隨心所欲的唱吧 | 露諾莉雅•因卡倫 【異世界種族工作室 】#魔王降臨,2022-12-08T13:00:00Z,https://www.youtube.com/watch?v=ynfRHc4u0Fs,https://i.ytimg.com/vi/ynfRHc4u0Fs/mqdefault_live.jpg
66c812bb04844241af1d1c7539b5e251,upcoming,你是不是也太早抽蘋果了呢？小開一下解每日閒聊｜TMS 殺人鯨,2022-12-08T13:00:00Z,https://www.youtube.com/watch?v=TMcSjLQ9m_k,https://i.ytimg.com/vi/TMcSjLQ9m_k/mqdefault_live.jpg
2ada3b89962b479bb8dbd2a63bca5da1,upcoming,咋咋咋談📡接委託算是一種服務業嗎？,2022-12-08T13:00:00Z,https://www.youtube.com/watch?v=15MvmMKcDTM,https://i.ytimg.com/vi/15MvmMKcDTM/mqdefault_live.jpg
e66d389ebb604096bfa99178e1a13c27,upcoming,【#apex 】老師好！我來上課啦！✨ ｜阿爾西婭．幽梨雅Althea Yolia🌺,2022-12-08T13:00:00Z,https://www.youtube.com/watch?v=BloqnVt5F4g,https://i.ytimg.com/vi/BloqnVt5F4g/mqdefault_live.jpg
41ec65fd72424aa0b90cdfefd49bd35e,upcoming,【雜談】聊一下初配信的各種版本,2022-12-08T13:00:00Z,https://www.youtube.com/watch?v=QVsQ-Bgct4k,https://i.ytimg.com/vi/QVsQ-Bgct4k/mqdefault_live.jpg
ba59bb31bbcd4cf3a481c4cf72918fb0,upcoming,【想睇米亞玩...】ROBLOX初體驗 👀 觀眾熱烈推薦的遊戲，真的好玩嗎！【米亞Mya】,2022-12-08T13:00:00Z,https://www.youtube.com/watch?v=bq_ZJf0Tozg,https://i.ytimg.com/vi/bq_ZJf0Tozg/mqdefault_live.jpg
f2a403cb46354371837550730a397bd1,upcoming,🔴【冰雕限定福利】來畫頭像送給大家！第三回 #小林冰 #小林あいす #あいすらいぶ  【Mic On Project】【#香港vtuber 】,2022-12-08T13:00:00Z,https://www.youtube.com/watch?v=X01WrECVwuw,https://i.ytimg.com/vi/X01WrECVwuw/mqdefault_live.jpg
9b11be3138284ff3904d3292d6aaa284,upcoming,【獵逃驚魂 / The Quarry】#3 Rylan 快啲一齊！！🎃 ft. 社恐 SAD SQUAD【Enn Sings/HKVtuber】,2022-12-08T13:00:00Z,https://www.youtube.com/watch?v=Wk7Z1boQeDo,https://i.ytimg.com/vi/Wk7Z1boQeDo/mqdefault_live.jpg
2a2b7990365f4a1bb1d8acf1ae0f2f32,upcoming,Stream 8/12/22 APEX LEGENDS PC (電腦版),2022-12-08T13:00:00Z,https://www.youtube.com/watch?v=CsEcxOQQDOA,https://i.ytimg.com/vi/CsEcxOQQDOA/mqdefault_live.jpg
9b424d3a99ef4fc3b17bc7fef92fefd3,upcoming,【Apex Legends】- Apex Legends Malaysian Vtuber Pre - Tournament,2022-12-08T13:00:00Z,https://www.youtube.com/watch?v=6IqaN5LhKyg,https://i.ytimg.com/vi/6IqaN5LhKyg/mqdefault_live.jpg
b586a78c976b44859e93d12f47bef826,upcoming,【Apex】APE[X] TOGETHER! STRONG - MYVTAPEX Scrimmage【海羊アリス】,2022-12-08T13:00:00Z,https://www.youtube.com/watch?v=dEh9wcNRy60,https://i.ytimg.com/vi/dEh9wcNRy60/mqdefault_live.jpg
9bd9d680d6cf48d1a7171430f286fcb1,upcoming,【Apex Legends】預賽來了！打架了打架了！！【CN/EN/JP】【天雪シイナ】#MYVTAPEX3,2022-12-08T13:00:00Z,https://www.youtube.com/watch?v=IYPcoyBck74,https://i.ytimg.com/vi/IYPcoyBck74/mqdefault_live.jpg
0da343539de64a169fe51ad653e5c73d,upcoming,#MYVTAPEX3 Malaysian Pre-Tournament Match,2022-12-08T13:00:00Z,https://www.youtube.com/watch?v=9x0QMI48Zn0,https://i.ytimg.com/vi/9x0QMI48Zn0/mqdefault_live.jpg
66aa1c91546a4cfdab43faa119cea04a,upcoming,,2022-12-08T13:00:00Z,https://www.twitch.tv/leinathalassa,
4af53c3526f7435a8aac99f42dccb392,upcoming,固定開台,2022-12-08T13:00:00Z,https://www.twitch.tv/milo_lonewolf,
f88d85aeb79a429e9751db330f469df1,upcoming,鹿言鹿語,2022-12-08T13:00:00Z,https://www.twitch.tv/lunaluna2021,
048b1a247cbb4eaa985d7311dc651945,upcoming,【雜談】人生鬼故事聊天台,2022-12-08T13:00:00Z,https://www.twitch.tv/yiyue_maple,
837cc45c90974caa9f07699c3899fa7b,upcoming,未定,2022-12-08T13:00:00Z,https://www.twitch.tv/yoru_yn,
f44835c18dac441f910f4eb821ffd7ce,upcoming,只要得空就會開 時間還是比較不一定~,2022-12-08T13:00:00Z,https://www.twitch.tv/yukkiwee,
fd7a69505569429fb845ac056825f3a9,upcoming,【寶可夢朱／紫 PART.5】衝RRR我的冠軍之路｜Batkiz蓓祈思💜,2022-12-08T13:00:32Z,https://www.youtube.com/watch?v=t-f9c6M_2NU,https://i.ytimg.com/vi/t-f9c6M_2NU/mqdefault_live.jpg
0f97f20ec79649e687590a4dc7328a21,upcoming,【Apex Legends】#MYVTAPEX3 Pre-Tournament,2022-12-08T13:00:58Z,https://www.youtube.com/watch?v=UhLjs8unIKM,https://i.ytimg.com/vi/UhLjs8unIKM/mqdefault_live.jpg
db2f279f9960492082f3ae6ad20aca91,upcoming,【遊戲耐久】想玩什麼就玩什麼_(:3 ⌒ﾞ)_ | 台灣Mute Vtuber【鈴宮紫瑠】,2022-12-08T13:30:00Z,https://www.youtube.com/watch?v=7G2x0k5MqpQ,https://i.ytimg.com/vi/7G2x0k5MqpQ/mqdefault_live.jpg
58e377df63f745fc8473368b20afe2ae,upcoming,【#遊戲】Vol. 325: 魔力寶貝：新世界 - 來試試今天開服的新遊戲,2022-12-08T13:30:00Z,https://www.youtube.com/watch?v=QTT9usADh3M,https://i.ytimg.com/vi/QTT9usADh3M/mqdefault_live.jpg
30f58f5fd3994b9a8751b3f44e543c17,upcoming,【歌回】好久沒有老歌日了？亂唱國語老歌！【Chimy琦米】,2022-12-08T13:30:00Z,https://www.youtube.com/watch?v=Hbw0ehkh0Ew,https://i.ytimg.com/vi/Hbw0ehkh0Ew/mqdefault_live.jpg
d13fdb8fdd3049e5bf80b5ab0fa8a1a6,upcoming,【靈魂繪師/雜談☆〞】會員頭貼印象繪，繼續來迫害！【台v殷緋】,2022-12-08T13:30:00Z,https://www.youtube.com/watch?v=-DJkYxkeN9U,https://i.ytimg.com/vi/-DJkYxkeN9U/mqdefault_live.jpg
c506f1ab266f47e2be683220533a4790,upcoming,【Miss蜜絲】FUN心好好玩《RO:愛如初見》來練一隻小劍士等十字軍   2022/12/08,2022-12-08T13:30:00Z,https://www.youtube.com/watch?v=wiJflo6I0KQ,https://i.ytimg.com/vi/wiJflo6I0KQ/mqdefault_live.jpg
8c59e356f1564e068e1c81ac7de1a4e3,upcoming,🔴【🀄️貓耳日麻 MP56】繼續雀傑之路 | 到底會不會掉下去 ((怕 (雀傑2:  / 1200) | 衝等 + 觀眾同樂場【雀魂 Mahjong Soul】,2022-12-08T13:30:00Z,https://www.youtube.com/watch?v=nwSQWZki9mU,https://i.ytimg.com/vi/nwSQWZki9mU/mqdefault_live.jpg
8c6bc741e4614154a63e987f930a468d,upcoming,【告知】關於發言慎重這件事！ 【 虎屋レイ / Vtuber 】,2022-12-08T13:30:00Z,https://www.youtube.com/watch?v=KOM3ZwRPONs,https://i.ytimg.com/vi/KOM3ZwRPONs/mqdefault_live.jpg
995bff308e7f4df3aa33305fc0ddde8e,upcoming,【凸待】觀後心得鑑賞 #劇場版 歌之☆王子殿下♪真愛ST☆RISH TOURS,2022-12-08T13:30:00Z,https://www.youtube.com/watch?v=Tw0aWx1ZSLY,https://i.ytimg.com/vi/Tw0aWx1ZSLY/mqdefault_live.jpg
645fc774332a469ebd03f1a822ebe2be,upcoming,【記憶力訓練】寶可夢屬性相剋！背不下來吧……【紡霊拉比/香港VTuber】,2022-12-08T13:30:00Z,https://www.youtube.com/watch?v=0-bOZjmypgE,https://i.ytimg.com/vi/0-bOZjmypgE/mqdefault_live.jpg
4482e4f0cea64f92aa78b2513c7ed897,upcoming,【歌枠】過去幾天的禮物大家都有收到了嗎🎁┊︎歌回┊︎Singing Stream┊︎Song Request OK!【三森ルイ/Mimori Rui】,2022-12-08T13:30:00Z,https://www.youtube.com/watch?v=T3ZvUQCUPT8,https://i.ytimg.com/vi/T3ZvUQCUPT8/mqdefault_live.jpg
58e377df63f745fc8473368b20afe2ae,upcoming,遊戲或其他直播（連動取代可能）,2022-12-08T13:30:00Z,https://www.twitch.tv/yuutatsubasa,
3b9a06751f3c415993d424480d4d5060,upcoming,【歌枠】SO SLEEPY#44❤️【HKVTuber/梨奈Rina】,2022-12-08T13:45:00Z,https://www.youtube.com/watch?v=iR9kI6QxUGQ,https://i.ytimg.com/vi/iR9kI6QxUGQ/mqdefault_live.jpg
626750f4e7a745619c171c44fb1efcc0,upcoming,DLC 皇家打打 觀眾場 示天龍劍 闇影詩章Shadowverse【天使Vtuber小雪Yukichan】,2022-12-08T14:00:00Z,https://www.youtube.com/watch?v=D4QiCUCFFMI,https://i.ytimg.com/vi/D4QiCUCFFMI/mqdefault_live.jpg
83eff3b0de694818876092eaabd35b4a,upcoming,【MHR Sunbreak(Switch)】兩次大型更新後爺爺終於要繼續挑戰單挑獵龍之路，但手感回得來嗎？【湯泉】#湯泉の溫泉live,2022-12-08T14:00:00Z,https://www.youtube.com/watch?v=vlaTpaRyQ9o,https://i.ytimg.com/vi/vlaTpaRyQ9o/mqdefault_live.jpg
b92f05ad314c4937b09cd603f9ebd64b,upcoming,【煙墨書亭】第一瓶墨 | 無香小姐的收藏EP6,2022-12-08T14:00:00Z,https://www.youtube.com/watch?v=YrdSusQ2G6s,https://i.ytimg.com/vi/YrdSusQ2G6s/mqdefault_live.jpg
b0fa9fc53f99425db4cca93d2d48a91f,upcoming,【ASMR哄睡】買了一些新羽毛，來測試看看會不會有感覺💗｜囁き、耳かき、耳のマッサージ【RiRA 梨菈】,2022-12-08T14:00:00Z,https://www.youtube.com/watch?v=qxdBgRNou2M,https://i.ytimg.com/vi/qxdBgRNou2M/mqdefault_live.jpg
02e7729df0424fbbb21b77ccd543b0be,upcoming,【寶可夢 朱】道館衝衝衝 ! 幫2.0募資的第17天 進度 1200 / 60000 【映 聲夜談】,2022-12-08T14:00:00Z,https://www.youtube.com/watch?v=lSS4G0Tdrvk,https://i.ytimg.com/vi/lSS4G0Tdrvk/mqdefault_live.jpg
d2c76258b7ff45ee88e3585c4c9ed0c1,upcoming,【寶可夢 朱紫 02】進度超級落後的偷懶幽璃終於要開始除草了!!   ☯ Yuriko LIVE ☯ | 幽璃子玩爆.jpg,2022-12-08T14:00:00Z,https://www.youtube.com/watch?v=5EXLTa6Akco,https://i.ytimg.com/vi/5EXLTa6Akco/mqdefault_live.jpg
78aa93aa7916451982b716f2e8952d38,upcoming,〖CN/JP/EN〗【KLONOA#2】わっふ～哇呼～～！｜歌燐かりん【#歌燐配信】,2022-12-08T14:00:00Z,https://www.youtube.com/watch?v=mBU6qAPX0kQ,https://i.ytimg.com/vi/mBU6qAPX0kQ/mqdefault_live.jpg
2af83bdd7db644d88ffdaf123c38619b,upcoming,【食用系少女】#2 大家好我是桃桃，我滷肉飯都吃大碗的喔，但是小碗的更香 ԅ(♡﹃♡ԅ)｜羽空もも【Wings Live】,2022-12-08T14:00:00Z,https://www.youtube.com/watch?v=bdg7RkMmQPY,https://i.ytimg.com/vi/bdg7RkMmQPY/mqdefault_live.jpg
ce360f47c38c4f82875228e007cf6c2d,upcoming,【雜談】還帶工作兼哄睡台啦【宇伊守　記三 | UisuKizou】,2022-12-08T14:00:00Z,https://www.youtube.com/watch?v=D92ojvMdJ9A,https://i.ytimg.com/vi/D92ojvMdJ9A/mqdefault_live.jpg
f9c7e5b8bcae492aa838379fb3190c20,upcoming,【雜談】好久沒吃甜食了【鄲森】,2022-12-08T14:00:00Z,https://www.youtube.com/watch?v=F3NRiRb87bU,https://i.ytimg.com/vi/F3NRiRb87bU/mqdefault_live.jpg
a5c58f5e06e64ddb815f22df2c9f717c,upcoming,【 #sizeable  】終於要破關了嗎?崩潰的找龜龜遊戲www @rimunibunisurueark8392,2022-12-08T14:00:00Z,https://www.youtube.com/watch?v=gKMshAVdrfM,https://i.ytimg.com/vi/gKMshAVdrfM/mqdefault_live.jpg
19c3bdcc95134ef38ad98df3f92f3ccb,upcoming,【白羽的電腦課】寶可夢朱紫🕊️六星太晶團體戰!!大家一起玩!!⛅#19,2022-12-08T14:00:00Z,https://www.youtube.com/watch?v=f-wVRaGg60g,https://i.ytimg.com/vi/f-wVRaGg60g/mqdefault_live.jpg
6c3a22611ac24eb19cec3bd7c78a8705,upcoming,【魔物獵人 MHRise SB】鬥技場新任務 參加者歡迎 希望不要再斷網路了【Switch版】,2022-12-08T14:00:00Z,https://www.youtube.com/watch?v=sgqDh2TCG7o,https://i.ytimg.com/vi/sgqDh2TCG7o/mqdefault_live.jpg
20f0e269ce554a00920de0444bc22aaf,upcoming,精選全台11間手搖飲最愛清單！珍珠奶茶哪一間最好喝？難道是手搖冷門點單攻略~這幾款飲料你喝過了嗎？,2022-12-08T14:00:00Z,https://www.youtube.com/watch?v=zdsfLPfI9kY,https://i.ytimg.com/vi/zdsfLPfI9kY/mqdefault_live.jpg
55be1972142c44799f83ce3db4f14fbd,upcoming,【雜談】迪士尼行前大調查＼(●´ϖ`●)／找找必玩跟買買清單！ | 有・柚実yuzzmi,2022-12-08T14:00:00Z,https://www.youtube.com/watch?v=1IHoDIJSyAY,https://i.ytimg.com/vi/1IHoDIJSyAY/mqdefault_live.jpg
8bf9e6165251449daa9b1b36af10e5bd,upcoming,【雜談】病友三寶【香港VTuber/伊香いくら】,2022-12-08T14:00:00Z,https://www.youtube.com/watch?v=peWqxT5_kCw,https://i.ytimg.com/vi/peWqxT5_kCw/mqdefault_live.jpg
71cb4ba2455f4b7ca91945b5104d5686,upcoming,"[RUST] RUST廢土生存不求生活富足,一死回到解放前 【白鱗 ほし / HKVtuber】",2022-12-08T14:00:00Z,https://www.youtube.com/watch?v=II8Hrtrjr30,https://i.ytimg.com/vi/II8Hrtrjr30/mqdefault_live.jpg
6db0d51e6ac9410f84f79e57448b8a60,upcoming,【Rumbleverse】今天是化貓和AI的新遊戲初見，保證笑爆！【偵探貓化靈 HKVtuber】,2022-12-08T14:00:00Z,https://www.youtube.com/watch?v=mxT1hRKyjys,https://i.ytimg.com/vi/mxT1hRKyjys/mqdefault_live.jpg
a6a155230538488e8488f01160598837,upcoming,【Destroy All Humans! 2 - Reprobed】🐸 送曬Poor guy上火星 ~~ See Yeaaaa~｜Kappa卡帕🐸｜Feat. 凜喵｜,2022-12-08T14:00:00Z,https://www.youtube.com/watch?v=brWJQWx_uWU,https://i.ytimg.com/vi/brWJQWx_uWU/mqdefault_live.jpg
db4caa3fc50540e3bd7caecd69e2dab8,upcoming,[When Zi Talk]刀劍神域 progressive 陰沉薄暮的詼諧曲 - 介紹及感想 (劇透含),2022-12-08T14:00:00Z,https://www.youtube.com/watch?v=LqBSS6A-nwU,https://i.ytimg.com/vi/LqBSS6A-nwU/mqdefault_live.jpg
e39607950249427da8b60fa012115e44,upcoming,粗乃丸丸丸丸丸丸丸丸丸丸丸丸丸丸丸丸丸丸丸【PIRO】,2022-12-08T14:00:00Z,https://www.youtube.com/watch?v=liOrjazBPAs,https://i.ytimg.com/vi/liOrjazBPAs/mqdefault_live.jpg
e32a7d950f5a4b53ab2f47d225aec4fd,upcoming,如果人類馬v變成動物？ 【貓宮ミク，鬣崎ミナミ】,2022-12-08T14:00:00Z,https://www.youtube.com/watch?v=UcbZF6z7Tp4,https://i.ytimg.com/vi/UcbZF6z7Tp4/mqdefault_live.jpg
95f8bb8a92c1450b8b5993f740b39338,upcoming,SCARAMOUCHE SCARAMOUCHE (genshin impact),2022-12-08T14:00:00Z,https://www.youtube.com/watch?v=6uk6wiBYP0Q,https://i.ytimg.com/vi/6uk6wiBYP0Q/mqdefault_live.jpg
7c06b9e316ce4ac18ce836cd72442bbe,upcoming,【深夜歌枠】伴你入眠🎤初見さん大歓迎♪【浠Mizuki Night Karaoke】,2022-12-08T14:00:00Z,https://www.youtube.com/watch?v=HkZwDEsi6TM,https://i.ytimg.com/vi/HkZwDEsi6TM/mqdefault_live.jpg
0ad03ee6159c4d37a4feccbc49ba3dcf,upcoming,【Vtuber默夜】  我!沒有!沉迷!,2022-12-08T14:00:00Z,https://www.twitch.tv/mokuya987,
2e454f2b51c649cfa913dac2ebd9e470,upcoming,三排上分,2022-12-08T14:00:00Z,https://www.twitch.tv/klnpurple,
4571c7a211b945f3b608c0066f7e73e4,upcoming,【歌枠】每日一新歌～互動式深夜歌回～初見歡迎～睡眠導入 Singing Stream ep.7 #NeKoZiZiLive #vtuber #歌回,2022-12-08T14:15:00Z,https://www.youtube.com/watch?v=HGKFm8RmRqU,https://i.ytimg.com/vi/HGKFm8RmRqU/mqdefault_live.jpg
bf197e3d2cd6400db5f7e397427965e5,upcoming,【絕命精神病院】🧪遛鬼時刻：獵殺開啟！🧪【葵栗鹿鹿】,2022-12-08T14:15:00Z,https://www.youtube.com/watch?v=58CV2l5Nu-0,https://i.ytimg.com/vi/58CV2l5Nu-0/mqdefault_live.jpg
b473dffe721745f6beb34b5a49e9aeda,upcoming,【會限】近況雜談（社死異聞錄）【藻原もずく/香港Vtuber】,2022-12-08T14:30:00Z,https://www.youtube.com/watch?v=L-YDXjwU_T4,https://i.ytimg.com/vi/L-YDXjwU_T4/mqdefault_live.jpg
8c3af9f56a3f4f1d84fcfcfa9f280c8d,upcoming,"【加班台#8】去完新飛船停泊地了,究竟長怎樣呢!?【Seikan iris*】",2022-12-08T15:00:00Z,https://www.youtube.com/watch?v=KrwoqfNJNYc,https://i.ytimg.com/vi/KrwoqfNJNYc/mqdefault_live.jpg
823311ac8226476e8d1e323f536bf8b1,upcoming,【雜談】夜晚的工作台!一起加班巴!【空条千子/Relive】,2022-12-08T15:00:00Z,https://www.youtube.com/watch?v=EmX6ZGNEoY8,https://i.ytimg.com/vi/EmX6ZGNEoY8/mqdefault_live.jpg
824c0c36956f4a73bb3ec479dd8e4da8,upcoming,【雜談】深夜哄睡台｜溫柔的聊聊天互相陪伴✨ ✿ 中文/EN,2022-12-08T15:00:00Z,https://www.youtube.com/watch?v=Cr-Pzf4dQrA,https://i.ytimg.com/vi/Cr-Pzf4dQrA/mqdefault_live.jpg
ec65566d949944ffb1e2723f97ded6e0,upcoming,【ASMR/黒3Dio】零距離全肯定♡睡眠導入 / Triggers for Deep Sleep(囁き/心音/マッサージ/耳かき)【蘭斯洛特．拉法葉】,2022-12-08T15:00:00Z,https://www.youtube.com/watch?v=nGnLbH4RDI4,https://i.ytimg.com/vi/nGnLbH4RDI4/mqdefault_live.jpg
8f12066334ed4c4dae19ca1152781e59,upcoming,【Stray】終於來到消滅菌克的時候了!【雛森ラビ / 菈比RABI / Hinamori RABI】#RAB放送ING,2022-12-08T15:00:00Z,https://www.youtube.com/watch?v=20YknsN8jFE,https://i.ytimg.com/vi/20YknsN8jFE/mqdefault_live.jpg
c7a3d726bb4243cabb70dfd1e9545cd0,upcoming,【寶可夢💜紫】魔法交換運氣挑戰#2 + 小廢廢對戰賽 Ft. @hanasakimomoko   【夢姬(ありす)/香港VTuber】,2022-12-08T15:30:00Z,https://www.youtube.com/watch?v=GzCWcps1RF8,https://i.ytimg.com/vi/GzCWcps1RF8/mqdefault_live.jpg
5ff20156ebbf4390a3573d6a94aed8df,upcoming,【OpenVerseChallenge】我沒說過 with. @shir_ch.  【小符亞 Sahua】,2022-12-08T16:00:00Z,https://www.youtube.com/watch?v=q8uV3jIR7So,https://i.ytimg.com/vi/q8uV3jIR7So/mqdefault.jpg
00ff650864404d0c9ce155ff4a82d804,upcoming,【GAME｜TOEM】一場相片冒險！,2022-12-08T16:00:00Z,https://www.youtube.com/watch?v=nb76npMCfxw,https://i.ytimg.com/vi/nb76npMCfxw/mqdefault_live.jpg
a2ee4a74f9ca40f5b6218de51736b9c8,upcoming,木曜寢室#11 【ASMR✨3Dio使用】,2022-12-08T16:00:00Z,https://www.youtube.com/watch?v=DKOhkYgsxg4,https://i.ytimg.com/vi/DKOhkYgsxg4/mqdefault_live.jpg
db2f279f9960492082f3ae6ad20aca91,upcoming,【CODE VEIN】,2022-12-08T16:30:00Z,https://www.twitch.tv/suzumiya_siru,
1edf4940878546569e52dd06c95b8581,upcoming,【加班台#15】睡飽了還要再睡更飽 !! - 雪莉·啵啵,2022-12-09T00:00:00Z,https://www.youtube.com/watch?v=ItYfy9jWH5s,https://i.ytimg.com/vi/ItYfy9jWH5s/mqdefault_live.jpg
8f5a694a4e0841f9a3680cba874008c2,upcoming,【奧里與迷失森林 #6】史上玩最久的就是西亞惹~【YC Ch.亞蕾西亞】 #個人勢Vtuber #台灣vtuber #ori,2022-12-09T00:00:00Z,https://www.youtube.com/watch?v=YvDyoQkpKrg,https://i.ytimg.com/vi/YvDyoQkpKrg/mqdefault_live.jpg
3dda133703f64b019d7eea0c5cb55335,upcoming,,2022-12-09T00:30:00Z,https://www.twitch.tv/miamya0615,
bed13deb3871443980e131a466519b54,upcoming,【銀鈴雜談】周五早上九點前兩萬訂閱的話，周五就突發。【2022/12/9】,2022-12-09T01:00:00Z,https://www.youtube.com/watch?v=_4rGPpt9Dp4,https://i.ytimg.com/vi/_4rGPpt9Dp4/mqdefault_live.jpg
5d2231ea88fd474d8a11e5a759899216,upcoming,【12/9】公主早安待機室【十六月OctJun】,2022-12-09T01:00:00Z,https://www.youtube.com/watch?v=TxIt4CCHfbY,https://i.ytimg.com/vi/TxIt4CCHfbY/mqdefault_live.jpg
d407b30c72a841bd82af1f5cc8ec0667,upcoming,主委泡茶間 邀請不同類型的來賓來對談，主題依當周來賓性質而定,2022-12-09T01:00:00Z,https://www.twitch.tv/chiveswang_llt5,
17c335762a694402b8cb9a96b2865572,upcoming,早安教官32 | 紅色回! 入冬了，該用點熱情如火的紅色食物來暖暖胃了吧👾,2022-12-09T01:30:00Z,https://www.youtube.com/watch?v=gaLRJ4Rgj1c,https://i.ytimg.com/vi/gaLRJ4Rgj1c/mqdefault_live.jpg
914f6caed3ff4348824d966f76662bc2,upcoming,【星期五的早餐#29】一起聽《早霸王》2022.12.09【香港Vtuber/月島クロス】,2022-12-09T02:00:00Z,https://www.youtube.com/watch?v=5aSje90tpoQ,https://i.ytimg.com/vi/5aSje90tpoQ/mqdefault_live.jpg
94f9966aa28a45e1ab4b94507037d1d7,upcoming,【寶可夢朱紫】#9 今天是連播最後一場，之後就轉隨機安排,2022-12-09T02:30:00Z,https://www.youtube.com/watch?v=0Bzl_4CpyNk,https://i.ytimg.com/vi/0Bzl_4CpyNk/mqdefault_live.jpg
de610557c5c041df85e41e7f2f5490f5,upcoming,『與彌一起漆』聽說更新後有很多新武器 一起來玩~,2022-12-09T03:00:00Z,https://www.youtube.com/watch?v=enRaPV8hhdw,https://i.ytimg.com/vi/enRaPV8hhdw/mqdefault_live.jpg
824c0c36956f4a73bb3ec479dd8e4da8,upcoming,【雜談】早安! 五要吃紗毀 VIII: 菲力牛越南河粉｜你們喜歡吃哪種料理? ✿ 中文/EN,2022-12-09T03:00:00Z,https://www.youtube.com/watch?v=GH4Ux4GKzGc,https://i.ytimg.com/vi/GH4Ux4GKzGc/mqdefault_live.jpg
5b6584a73478450d9db3f44b918580fd,upcoming,【午安迦咪】久違的午休聊天，來聊聊近況吧!!!!!!【迦米爾Kamir💫😈】,2022-12-09T04:00:00Z,https://www.youtube.com/watch?v=3ail7LwdDCQ,https://i.ytimg.com/vi/3ail7LwdDCQ/mqdefault_live.jpg
2bd52c3a964541febb42782fd1f9fdba,upcoming,FPS喵 (ﾉ◕ヮ◕)ﾉ*:･ﾟ✧,2022-12-09T04:00:00Z,https://www.twitch.tv/jojo51113,
c29bc8bf78dd417980491f19333c8fa2,upcoming,工作雜談,2022-12-09T04:00:00Z,https://www.twitch.tv/muling0606,
2d25a18a83af462a8d4062e162017a1a,upcoming,💡日本語自學中📚一緒に勉強しよヽ(‘ ∇‘ )ノ｜【霸王竜Vtuber】🦖咬錢竜エリカ🥩1209,2022-12-09T04:00:00Z,https://www.twitch.tv/erica220724,
547aa467c2ce497e9d95c4a085effe0d,upcoming,會開,2022-12-09T05:00:00Z,https://www.twitch.tv/umimiowo,
50ec735272014b1b996ee80a8df4671a,upcoming,"Some games, i dunno yet!",2022-12-09T05:00:00Z,https://www.twitch.tv/azuusaru,
4576d781ddae45d59fc83c8d25385983,upcoming,【健身環大冒險 EP2】老人復健台來囉！墮拉受我來了！！！【多洛莉絲⛓Dolores/臺灣vtuber】,2022-12-09T06:00:00Z,https://www.youtube.com/watch?v=eCw91azcPmo,https://i.ytimg.com/vi/eCw91azcPmo/mqdefault_live.jpg
803435ca691f43a4b02360926fee23d1,upcoming,,2022-12-09T06:00:00Z,https://www.twitch.tv/yukou_ouo,
db2f279f9960492082f3ae6ad20aca91,upcoming,【Tom Clancy's Rainbow Six: Siege】,2022-12-09T08:30:00Z,https://www.twitch.tv/suzumiya_siru,
d475848a566848dc9f6ad02707d87e2a,upcoming,【Mario Kart 8 DX DLC】150cc 全金盃是常識吧 #3【HKVTuber/Ding】,2022-12-09T09:00:00Z,https://www.youtube.com/watch?v=t7ME4TvaLeQ,https://i.ytimg.com/vi/t7ME4TvaLeQ/mqdefault_live.jpg
8f5a694a4e0841f9a3680cba874008c2,upcoming,【奧里與迷失森林 #7】史上玩最久之西亞~【YC Ch.亞蕾西亞】 #個人勢Vtuber #台灣vtuber #ori,2022-12-09T10:00:00Z,https://www.youtube.com/watch?v=qBoV4zMUdNA,https://i.ytimg.com/vi/qBoV4zMUdNA/mqdefault_live.jpg
1c1896c15b2e412e84b3951706eb2963,upcoming,【DRAMAtical Murder戲劇性謀殺 】回味曾經玩過的BLgame，推以前的愛,2022-12-09T11:00:00Z,https://www.youtube.com/watch?v=POxECiofZzg,https://i.ytimg.com/vi/POxECiofZzg/mqdefault_live.jpg
a8ce4642418b4fe8ba1471a32097f4c4,upcoming,【Miro夢想盃】Minecraft大賽！這隻瘋牛牛想要往前衝衝得第一！【歐妲/惡獸時代】,2022-12-09T11:00:00Z,https://www.youtube.com/watch?v=wBkUZE4PqBE,https://i.ytimg.com/vi/wBkUZE4PqBE/mqdefault_live.jpg
8c3af9f56a3f4f1d84fcfcfa9f280c8d,upcoming,【APEX觀眾場】綠色外星人在線尋求大佬帶領起飛！APEX真的好難！誰來幫幫我呀！！！【Seikan iris*】,2022-12-09T11:00:00Z,https://www.youtube.com/watch?v=JEiFM--4aic,https://i.ytimg.com/vi/JEiFM--4aic/mqdefault_live.jpg
6c7a8b443aa942a89a83485c98d10559,upcoming,【小原食栞：誰來點餐?】泡麵布丁???🍮 | 傳說地獄料理屆的天花板?! + 看生日賀圖! | #planet9商城 #PLANET9 雙12感謝祭！【小原栞 /VTuber】,2022-12-09T11:00:00Z,https://www.youtube.com/watch?v=NOnW-nBEl2Y,https://i.ytimg.com/vi/NOnW-nBEl2Y/mqdefault_live.jpg
824c0c36956f4a73bb3ec479dd8e4da8,upcoming,【特別活動】⭐️Miro夢想杯⭐️第一局參賽的紗智子能夠成為全村的希望嗎? ✿ 中文/EN,2022-12-09T11:00:00Z,https://www.youtube.com/watch?v=DJW7hSHbUCc,https://i.ytimg.com/vi/DJW7hSHbUCc/mqdefault_live.jpg
36f4fa8dbd7740c3ae5ac02b890fa502,upcoming,Vtuber養成計畫：人生放送中,2022-12-09T11:00:00Z,https://www.twitch.tv/dr1090a,
d19de39a129847aa9f8761637d7d2ffb,upcoming,【優繪配信】今天總該畫完了吧!? 依舊畫聖誕賀圖!! PART.3,2022-12-09T11:30:00Z,https://www.youtube.com/watch?v=2L4TD38j0W0,https://i.ytimg.com/vi/2L4TD38j0W0/mqdefault_live.jpg
526dd51b5abf4fdcaede0cfe80096186,upcoming," 隨機突發雜談遊戲台",2022-12-09T11:30:00Z,https://www.twitch.tv/koooorikuma,
aef2ed42d49343f28394b6335695b5ac,upcoming,,2022-12-09T11:30:00Z,https://www.twitch.tv/yuncream,
d8b5835bc6aa46119cc7ddd4447e780f,upcoming,這是魔法師【咘小星】每週召喚小精靈的固定時段⎝༼ ◕Д ◕ ༽⎠（如有變故以DC群為主）,2022-12-09T11:30:00Z,https://www.twitch.tv/ssstar_180,
4efffd7632e94c9faad30a543c3e1150,upcoming,,2022-12-09T11:30:00Z,https://www.twitch.tv/aveza_manon,
824bd7df6923453292dec9ff3e3f664a,upcoming,【手手工作台】全速包貨吶❤海綿福利仍未完成！來邊聊聊近況想法～★【水母暮暮－閒談工作台】『FT.手手君』(P.205)　#台灣Vtuber,2022-12-09T12:00:00Z,https://www.youtube.com/watch?v=Vxj52JAo3Kc,https://i.ytimg.com/vi/Vxj52JAo3Kc/mqdefault_live.jpg
091ac99f10804fe3b417a0f285731b4e,upcoming,『咪米黑白講』機車駕照題庫難嗎？讓新手搽米試試｜#Vtuber #vtuber中文,2022-12-09T12:00:00Z,https://www.youtube.com/watch?v=iuc--7uiT2w,https://i.ytimg.com/vi/iuc--7uiT2w/mqdefault_live.jpg
ce013f56157740e59c7735bd51356260,upcoming,【A Plague Tale】瘟疫傳說：無罪 EP1,2022-12-09T12:00:00Z,https://www.youtube.com/watch?v=hOfLRWr9BMU,https://i.ytimg.com/vi/hOfLRWr9BMU/mqdefault_live.jpg
6053ed8f018e4bd9991e4e8911940828,upcoming,【食營同萌】RO－轉生到RO不想再做營養師了！從零開始的菲緹迷糊冒險日記開始囉~EP2,2022-12-09T12:00:00Z,https://www.youtube.com/watch?v=gzW3bsqx20E,https://i.ytimg.com/vi/gzW3bsqx20E/mqdefault_live.jpg
993abf9d9dd84cccae3b8cbba00df320,upcoming,【𝐘𝐮𝐮𝐫𝐞𝐢𝐕𝐋𝐎𝐆 #001】陪我一起去IKEA 看廚櫃！ 沒有看過VTUBER介紹廚櫃對吧！【HKvtuber 白石幽怜】,2022-12-09T12:00:00Z,https://www.youtube.com/watch?v=D6FT9D4wJ_M,https://i.ytimg.com/vi/D6FT9D4wJ_M/mqdefault.jpg
3a29989f3f71430f88f1535125a1d32c,upcoming,【琳琳】OwO,2022-12-09T12:00:00Z,https://www.youtube.com/watch?v=LavwyPSnx78,https://i.ytimg.com/vi/LavwyPSnx78/mqdefault_live.jpg
de81b740d66c439685aa37491d27efc4,upcoming,觀眾同樂會,2022-12-09T12:00:00Z,https://www.twitch.tv/lmpaper,
6d61885259b744a28c7b92c0785e8fe9,upcoming,,2022-12-09T12:00:00Z,https://www.twitch.tv/vegbao,
9e3222bedec44f1a8fecdc237c020cbd,upcoming,Apex Legends 實況開始，集合！,2022-12-09T12:00:00Z,https://www.twitch.tv/winter4t2h,
091ac99f10804fe3b417a0f285731b4e,upcoming,咪米黑白講,2022-12-09T12:00:00Z,https://www.twitch.tv/umamixchami,
6159040406fc4e6cb73dbf9734717703,upcoming,,2022-12-09T12:00:00Z,https://www.twitch.tv/drizzlingnight,
febd22ec0bec4ecdbcd383be8c2694c3,upcoming,會開台ㄛ,2022-12-09T12:00:00Z,https://www.twitch.tv/mochi_momo_,
a7bb915cc1a0474080d7dbf6d245daf4,upcoming,日常幹话台 【CN/EN】,2022-12-09T12:00:00Z,https://www.twitch.tv/tatsuya_rei,
8c3998e6d1d441aab728966c97dcc3ee,upcoming,一周年 我也有所成長了吧｜境花春咲,2022-12-09T12:30:00Z,https://www.youtube.com/watch?v=G8ifgoYA2jg,https://i.ytimg.com/vi/G8ifgoYA2jg/mqdefault_live.jpg
956591dc2e40411688b8f8e3079bc5e3,upcoming,【Spiritfarer®: Farewell 版】#06 終於搞到破冰器啦！SSR魚種我來啦 ╰( ͡° ͜ʖ ͡° )つ──☆*:・ﾟ,2022-12-09T12:30:00Z,https://www.youtube.com/watch?v=9YQ-ObKGt-M,https://i.ytimg.com/vi/9YQ-ObKGt-M/mqdefault_live.jpg
4de233ea7dfc4a7da1738ab627babd48,upcoming,【寶可夢 紫】星期五的夜晚，果然還是要寶可夢對吧😎 #寶可夢紫,2022-12-09T12:30:00Z,https://www.youtube.com/watch?v=KgkI733aCi0,https://i.ytimg.com/vi/KgkI733aCi0/mqdefault_live.jpg
10d4365de8f04196943c79c1c24346cf,upcoming,【 #goosegooseduck  】 最近喜歡鵝鵝鴨遊戲w 【 有栖ホワイト  ft 很多人,2022-12-09T12:30:00Z,https://www.youtube.com/watch?v=RPACWxteIbE,https://i.ytimg.com/vi/RPACWxteIbE/mqdefault_live.jpg
4d4db7afb4b84af7b4d54889a5f93947,upcoming,【Apex Legends】 #MYVTAPEX3 Malaysian VTuber Match ft Wind & Ryuuu,2022-12-09T12:30:00Z,https://www.youtube.com/watch?v=FIj7-vF9Jz0,https://i.ytimg.com/vi/FIj7-vF9Jz0/mqdefault_live.jpg
43b63a022b664691827cd276aff6e4f4,upcoming,"〖Goose Goose Duck〗好多鸭鸭啊啊啊,我要加油啊啊啊啊 #goosegooseduck  #Hyakki-Riku_VT",2022-12-09T12:30:00Z,https://www.youtube.com/watch?v=hROoM0dhBH8,https://i.ytimg.com/vi/hROoM0dhBH8/mqdefault_live.jpg
554ca19c3d924cacac1f680675b9fdd2,upcoming,原神日常任務及聊天,2022-12-09T12:30:00Z,https://www.twitch.tv/yueyuhoshizora,
5c7beefaa54444e3b0443d7abd93c1f7,upcoming,【阿毛之聲：試播】12/09 反正也只剩一張嘴了，不然就這樣做做看,2022-12-09T13:00:00Z,https://www.youtube.com/watch?v=k36YnqOYLfo,https://i.ytimg.com/vi/k36YnqOYLfo/mqdefault_live.jpg
1b075296e7774f4089c84e663a469197,upcoming,聊心還是撩心呢?【狼神諾海｜會限直播】,2022-12-09T13:00:00Z,https://www.youtube.com/watch?v=BxpWKHxZoW4,https://i.ytimg.com/vi/BxpWKHxZoW4/mqdefault_live.jpg
de266b34e79c49b48fa566e9fb1a24af,upcoming,【收益化x會員開通x酷東西】阿巴神教正式降臨 ! 所有D能鵝臣服於我吧 ! ｜台灣Vtuber｜希珥 Shir,2022-12-09T13:00:00Z,https://www.youtube.com/watch?v=z4W2MR_wUBY,https://i.ytimg.com/vi/z4W2MR_wUBY/mqdefault_live.jpg
4674dbc91bac4144ae735edec53d2505,upcoming,【雜談】12月份的碎碎唸，來聊天吧！【Chubi】,2022-12-09T13:00:00Z,https://www.youtube.com/watch?v=QcWh7idMzHg,https://i.ytimg.com/vi/QcWh7idMzHg/mqdefault_live.jpg
83eff3b0de694818876092eaabd35b4a,upcoming,【艾爾登法環】距離點燃火種前還未完成剩下索爾城的探索，順便把之前沒有探索完的地方與支線通通處理掉吧！第二十幕！【湯泉】#湯泉の溫泉live,2022-12-09T13:00:00Z,https://www.youtube.com/watch?v=LS1jq2XMlg4,https://i.ytimg.com/vi/LS1jq2XMlg4/mqdefault_live.jpg
5f9767b104b54292bf6dd29863c0c6b1,upcoming,【特別企劃】熱門觀光景點！來欣賞大家留下來的合照叭！【#金城武海帶有夠帥】,2022-12-09T13:00:00Z,https://www.youtube.com/watch?v=UUfaClDzU-M,https://i.ytimg.com/vi/UUfaClDzU-M/mqdefault_live.jpg
fe569b0c059e406daf57eb2acd11cc21,upcoming,【Miro夢想盃】集合64位Vtuber的麥塊運動會!嘟比要衝衝拿金牌!【嘟比💫Vtuber】,2022-12-09T13:00:00Z,https://www.youtube.com/watch?v=1n3nenIVDiE,https://i.ytimg.com/vi/1n3nenIVDiE/mqdefault_live.jpg
36a96262405a4d4683db73d8403bf8b7,upcoming,||超能力矛盾對決|| 少年，想要力量嗎？ ft. 執事阿爾法 @alphach.7446 笠真守 @kasamamorubrainersno.2714 鄲森 @relive_single4995,2022-12-09T13:00:00Z,https://www.youtube.com/watch?v=i57oG6IZ5xw,https://i.ytimg.com/vi/i57oG6IZ5xw/mqdefault_live.jpg
4cd21df2b76148b182903cc0aebe2bfa,upcoming,CH4NGE / 法斯卡 Cover.【歌ってみた】,2022-12-09T13:00:00Z,https://www.youtube.com/watch?v=qK2kDUoq3JA,https://i.ytimg.com/vi/qK2kDUoq3JA/mqdefault.jpg
3a932cc8813343b6bb5d822cb2f53558,upcoming,【初配信】希望大家會喜歡我～【VTuber/ 娜歐蜜】,2022-12-09T13:00:00Z,https://www.youtube.com/watch?v=SqZsgDpTSrA,https://i.ytimg.com/vi/SqZsgDpTSrA/mqdefault_live.jpg
5d2231ea88fd474d8a11e5a759899216,upcoming,【Struggling】畸戰求生！一人控一隻手？技術型玩家02+無技術玩家阿郡(我怕被殺) FT.梓凜Tsulin【十六月OctJun】,2022-12-09T13:00:00Z,https://www.youtube.com/watch?v=WRoAytILlF4,https://i.ytimg.com/vi/WRoAytILlF4/mqdefault_live.jpg
ffa06713ab124015a3826feaed9dc3ae,upcoming,【初配信】初次見面，以後每個星星高掛的夜晚，就由牛牛來陪伴你吧？  | #牧犁 #初配信,2022-12-09T13:00:00Z,https://www.youtube.com/watch?v=wm0e3dCjDns,https://i.ytimg.com/vi/wm0e3dCjDns/mqdefault_live.jpg
2ce2f9977d4a4dc0844e518369e11e6b,upcoming,【估歌仔】來自神秘天使的挑戰？！大家一齊估歌仔！【HKVTuber/如月瑠美】,2022-12-09T13:00:00Z,https://www.youtube.com/watch?v=rD2iQldPQvY,https://i.ytimg.com/vi/rD2iQldPQvY/mqdefault_live.jpg
c72226925ba94855b9fcc88fc2a25acc,upcoming,[跑Online] 一死收台!!我要再一雪前恥!!今次真的耐久台吧...?【綽貓喵 /HKVtuber】,2022-12-09T13:00:00Z,https://www.youtube.com/watch?v=WpdG-lEZrq4,https://i.ytimg.com/vi/WpdG-lEZrq4/mqdefault_live.jpg
5cfc673e9de1433096a85e9236895c79,upcoming,【死亡擱淺】快遞快遞babubabu【天巡なき/HKvtuber】,2022-12-09T13:00:00Z,https://www.youtube.com/watch?v=RKqE4DPyV4k,https://i.ytimg.com/vi/RKqE4DPyV4k/mqdefault_live.jpg
5205602b7f5a424eaefc557e4fb55823,upcoming,【再 · 初配信】 YT第一次直播，是初配信沒錯吧(?,2022-12-09T13:00:00Z,https://www.youtube.com/watch?v=Dd8bBejo2sU,https://i.ytimg.com/vi/Dd8bBejo2sU/mqdefault_live.jpg
2a2b7990365f4a1bb1d8acf1ae0f2f32,upcoming,Stream 9/12/22 YOU LAUGH YOU LOSE,2022-12-09T13:00:00Z,https://www.youtube.com/watch?v=p1Z4S828a6o,https://i.ytimg.com/vi/p1Z4S828a6o/mqdefault_live.jpg
e94e1e38a611403192e4db197c2d9d91,upcoming,【2.0お披露目】踏上新的旅途吧 -新たな旅立ち-【小尾あおい】,2022-12-09T13:00:00Z,https://www.youtube.com/watch?v=8htwhIdjJNY,https://i.ytimg.com/vi/8htwhIdjJNY/mqdefault_live.jpg
9b424d3a99ef4fc3b17bc7fef92fefd3,upcoming,【Apex Legends】- Apex Legends Malaysian VTuber Tournament #MYVTAPEX3 | 3 minute delay,2022-12-09T13:00:00Z,https://www.youtube.com/watch?v=QVockAyo6zc,https://i.ytimg.com/vi/QVockAyo6zc/mqdefault_live.jpg
9ee3c9b53c0048329175370a5868300b,upcoming,《觀星你我他》 EP1：社交心理-“距離”   ft. 雨沫,2022-12-09T13:00:00Z,https://www.youtube.com/watch?v=w1nQrwCaDzk,https://i.ytimg.com/vi/w1nQrwCaDzk/mqdefault_live.jpg
7677c9c71c0a4decad1472b7ecc604bb,upcoming,【Apex Legend】Team Solstice Malaysian Tournament #MYVTAPEX3 (EN/MY/CN),2022-12-09T13:00:00Z,https://www.youtube.com/watch?v=m9gC7aspycI,https://i.ytimg.com/vi/m9gC7aspycI/mqdefault_live.jpg
0da343539de64a169fe51ad653e5c73d,upcoming,#MYVTAPEX3 Malaysian VTuber Match,2022-12-09T13:00:00Z,https://www.youtube.com/watch?v=FCU8MD_e-yQ,https://i.ytimg.com/vi/FCU8MD_e-yQ/mqdefault_live.jpg
7c06b9e316ce4ac18ce836cd72442bbe,upcoming,【全肯定ASMR】在你耳邊吃棉花糖【浠Mizuki Free Talk/ASMR】,2022-12-09T13:00:00Z,https://www.youtube.com/watch?v=XQqzjjKHRCw,https://i.ytimg.com/vi/XQqzjjKHRCw/mqdefault_live.jpg
66aa1c91546a4cfdab43faa119cea04a,upcoming,,2022-12-09T13:00:00Z,https://www.twitch.tv/leinathalassa,
4af53c3526f7435a8aac99f42dccb392,upcoming,固定開台,2022-12-09T13:00:00Z,https://www.twitch.tv/milo_lonewolf,
f88d85aeb79a429e9751db330f469df1,upcoming,DBD殺鹿日,2022-12-09T13:00:00Z,https://www.twitch.tv/lunaluna2021,
f44835c18dac441f910f4eb821ffd7ce,upcoming,只要得空就會開 時間還是比較不一定~,2022-12-09T13:00:00Z,https://www.twitch.tv/yukkiwee,
43acb25e255340d09b50283f0308d1ff,upcoming,【POKEMON VIOLET】真劍道館降臨！用盡全力對戰吧！【軒轅虛KYON】,2022-12-09T13:00:32Z,https://www.youtube.com/watch?v=v-72NU9Noyk,https://i.ytimg.com/vi/v-72NU9Noyk/mqdefault_live.jpg
3bc6afb820df4f59b2c6ff1c25d1eed3,upcoming,"【Left 4 Dead 2 ♀】打喪屍？打同伴？ w/ 大神暗洙, GP07,Aira 2022-12-09【香港Vtuber】",2022-12-09T13:00:40Z,https://www.youtube.com/watch?v=t8fvX1fMtOw,https://i.ytimg.com/vi/t8fvX1fMtOw/mqdefault_live.jpg
ec198b33036c436591c01ee93976b6a3,upcoming,週邊&Super Chat,2022-12-09T13:10:00Z,https://www.youtube.com/watch?v=S8VSLA7Pqfo,https://i.ytimg.com/vi/S8VSLA7Pqfo/mqdefault_live.jpg
d1dd83b6e8a24df4b61f766cff45113c,upcoming,🔴【G-EIGHT電玩展前夜】➤12/7∷超級搶先試玩國產肉鴿遊戲！星詠之詩以及帶點瑟瑟的末代君主明天會到現場訪問製作人哦～也可以跟直播哦😉【台V/台灣Vtuber】,2022-12-09T13:30:00Z,https://www.youtube.com/watch?v=o-oXWUh_i7Y,https://i.ytimg.com/vi/o-oXWUh_i7Y/mqdefault_live.jpg
b0fa9fc53f99425db4cca93d2d48a91f,upcoming,【繪圖】三角龍學畫畫！用靈魂震撼大家 ft.兔姬老師【RiRA 梨菈】,2022-12-09T13:30:00Z,https://www.youtube.com/watch?v=WUgj1ecMaio,https://i.ytimg.com/vi/WUgj1ecMaio/mqdefault_live.jpg
16c4a9b7211a44f6b98d8e1aebf4ea70,upcoming,【投幣歌回】打工搬磚企劃!想點就點!!!【朵朵子Chichido】,2022-12-09T13:30:00Z,https://www.youtube.com/watch?v=QuhjQEvYJ-Q,https://i.ytimg.com/vi/QuhjQEvYJ-Q/mqdefault_live.jpg
d792696470b54bd4947a59b10759a636,upcoming,【直播】我工作你們聊！手上的筆不要停下來啊！【五斂子】,2022-12-09T13:30:00Z,https://www.youtube.com/watch?v=hwJ59idIu2E,https://i.ytimg.com/vi/hwJ59idIu2E/mqdefault_live.jpg
5db725f32b5e4e1380ad64110b88c91d,upcoming,【雀魂】我居然主動邀請別人連動了 話說最近的陽壽怎樣?,2022-12-09T13:45:00Z,https://www.youtube.com/watch?v=NLAh0a7hNqU,https://i.ytimg.com/vi/NLAh0a7hNqU/mqdefault_live.jpg
536213f7ad4545f5a318156568763a35,upcoming,【RUST】初見RUST！讓橘貓來帶狐狸玩！【穗波澪｜雛森菈比】,2022-12-09T14:00:00Z,https://www.youtube.com/watch?v=88D3Bxo6VIY,https://i.ytimg.com/vi/88D3Bxo6VIY/mqdefault_live.jpg
c4c40346f25443958f26010756c4693a,upcoming,❁寶可夢朱❁#2,2022-12-09T14:00:00Z,https://www.youtube.com/watch?v=Ibkt5RhDIPM,https://i.ytimg.com/vi/Ibkt5RhDIPM/mqdefault_live.jpg
78aa93aa7916451982b716f2e8952d38,upcoming,〖CN/JP/EN〗【Resident Evil Village#9】希望不要再看到可怕的東西…｜歌燐かりん【#歌燐配信】,2022-12-09T14:00:00Z,https://www.youtube.com/watch?v=Y-nES60Au0Y,https://i.ytimg.com/vi/Y-nES60Au0Y/mqdefault_live.jpg
98187e2cc8c34f5d8e0853bffc1a30c9,upcoming,【麥塊】MIRO夢想盃 我要看到血流成河！【早苗SANAE】,2022-12-09T14:00:00Z,https://www.youtube.com/watch?v=LfNEDh1wGR0,https://i.ytimg.com/vi/LfNEDh1wGR0/mqdefault_live.jpg
2af83bdd7db644d88ffdaf123c38619b,upcoming,【挑戰】身為重度挑食者的桃桃，今晚會敗給這些東西嗎? _(┐「﹃ﾟ｡)_｜羽空もも【Wings Live】,2022-12-09T14:00:00Z,https://www.youtube.com/watch?v=uyEpIPDPnl4,https://i.ytimg.com/vi/uyEpIPDPnl4/mqdefault_live.jpg
6db0d51e6ac9410f84f79e57448b8a60,upcoming,【同步視聽】藍色監獄都是真的！？最近熱門的足球動畫真的超讚～第1-3集【偵探貓化靈 HKVtuber】,2022-12-09T14:00:00Z,https://www.youtube.com/watch?v=an2etM-VXDM,https://i.ytimg.com/vi/an2etM-VXDM/mqdefault_live.jpg
fa2a2255fa7d4aa7b5b54dea5dd2b1c4,upcoming,「投稿型雜談 」今泉告解室 #10 「荒木今泉_HKVtuber」,2022-12-09T14:00:00Z,https://www.youtube.com/watch?v=2aEbYpp0lYg,https://i.ytimg.com/vi/2aEbYpp0lYg/mqdefault_live.jpg
cb1729eec3b74529a867f8c3932c034d,upcoming,「半週年紀念直播」 余係出道半年既清純黃標開車雛姫愛  【HKVTuber/雛姫愛】,2022-12-09T14:00:00Z,https://www.youtube.com/watch?v=lr-K0FL6AIM,https://i.ytimg.com/vi/lr-K0FL6AIM/mqdefault_live.jpg
e32a7d950f5a4b53ab2f47d225aec4fd,upcoming,【Little Nightmare II】Part III 來被追 ᓚᘏᗢ【猫宮ミク】,2022-12-09T14:00:00Z,https://www.youtube.com/watch?v=7GNpBgjLgbU,https://i.ytimg.com/vi/7GNpBgjLgbU/mqdefault_live.jpg
2e454f2b51c649cfa913dac2ebd9e470,upcoming,單排/三排上分,2022-12-09T14:00:00Z,https://www.twitch.tv/klnpurple,
c248ccba18664207aff22e8c270b18b9,upcoming,7/6~麻將大師水友賽!,2022-12-09T14:00:00Z,https://www.twitch.tv/chu00213,
2af6cb0e15ce4839ba711b47608d4f4d,upcoming,【Art】畫畫,2022-12-09T14:00:00Z,https://www.twitch.tv/moyu_moyu,
312fdd3c5e6d4aefa73fd3860ecc5613,upcoming,【遊戲LA】Mirolive夢想盃🐺 #森森鈴蘭 #minecraft,2022-12-09T14:15:00Z,https://www.youtube.com/watch?v=RNcKcmNmUPY,https://i.ytimg.com/vi/RNcKcmNmUPY/mqdefault_live.jpg
118c05e7f751446abee5fc827fda0215,upcoming,[2022-12-09] Left 4 Dead 2 對抗賽2 【香港Vtuber 獅子山 Rio】,2022-12-09T14:30:00Z,https://www.youtube.com/watch?v=HoSk1WawbVs,https://i.ytimg.com/vi/HoSk1WawbVs/mqdefault_live.jpg
4e48e10b3c2f439c934b1db25679b972,upcoming,深宵細聽 #62【香港VTuber/凌仲】,2022-12-09T14:30:00Z,https://www.youtube.com/watch?v=RdoRX7X2jWg,https://i.ytimg.com/vi/RdoRX7X2jWg/mqdefault_live.jpg
a6a155230538488e8488f01160598837,upcoming,"【L4D2】🐸 L4D2 人屍對抗戰~~｜Kappa卡帕🐸｜Feat. 綾野凜,獅子山Rio,社畜A,2貨,Diria,御鳥みとり,優桃｜",2022-12-09T14:30:00Z,https://www.youtube.com/watch?v=h2cIkL5xcsM,https://i.ytimg.com/vi/h2cIkL5xcsM/mqdefault_live.jpg
6bb99d03979041aa909d87375acaf92d,upcoming,【Left 4 Dead 2】PVP mode 始終都係好好玩^^【社畜A星野ニア  & 好多人】,2022-12-09T14:30:00Z,https://www.youtube.com/watch?v=eqgJYYPvhSw,https://i.ytimg.com/vi/eqgJYYPvhSw/mqdefault_live.jpg
684b648e422749e28b15aa79e69b89ad,upcoming,【L4D2對抗戰連動】延遲2秒的子彈即將到達! 【香港VTuber】,2022-12-09T14:30:00Z,https://www.youtube.com/watch?v=u9JCGmTmO1Q,https://i.ytimg.com/vi/u9JCGmTmO1Q/mqdefault_live.jpg
854282eb3f32406aa85dd53f14748228,upcoming,晚安歌台,2022-12-09T14:30:00Z,https://www.twitch.tv/s17116222,
662a78ad8e834664a4dbe127d8630647,upcoming,遊戲(OW2),2022-12-09T14:30:00Z,https://www.twitch.tv/hanavtuber,
bc0a5179a82542999692655e5f077e29,upcoming,【DEVOUR】我真的不想玩這個啦 我要摸魚 = =   Feat. @yukishiroyumi0820,2022-12-09T14:45:00Z,https://www.youtube.com/watch?v=23FEfAdOhpQ,https://i.ytimg.com/vi/23FEfAdOhpQ/mqdefault_live.jpg
adc9d30b5940427e96ae92238f0f8b83,upcoming,【遊戲】無照騎密勒頓的貝貝#5【火野貝 hinokai】,2022-12-09T15:00:00Z,https://www.youtube.com/watch?v=TXqtyAtmg48,https://i.ytimg.com/vi/TXqtyAtmg48/mqdefault_live.jpg
2d25a18a83af462a8d4062e162017a1a,upcoming,雑談｜深夜竜談🥃Talk to me~A Drink｜【霸王竜Vtuber】🦖咬錢竜エリカ🥩,2022-12-09T15:00:00Z,https://www.twitch.tv/erica220724,
7eb39f4278b04ed485060a084cd07876,upcoming,【哄睡x陪休台】給你們一點深夜陪伴的感覺吧【貓貓匠｜少年Vtuber】,2022-12-09T15:30:00Z,https://www.youtube.com/watch?v=TZjbpnPbqso,https://i.ytimg.com/vi/TZjbpnPbqso/mqdefault_live.jpg
ffb8b8f15321474a98628cb638631bf1,upcoming,【雀魂】觀眾參加型｜你有種國士，我有種一留!!【目黑 梅利 / HKVTuber】,2022-12-09T15:45:00Z,https://www.youtube.com/watch?v=Ke8HgR5I9tA,https://i.ytimg.com/vi/Ke8HgR5I9tA/mqdefault_live.jpg
fe569b0c059e406daf57eb2acd11cc21,upcoming,【深夜哄睡✨】嘿!我怎麼穿成這樣...好啦既然都這樣了，你可要負責好好睡覺喔!【嘟比💫Vtuber】,2022-12-09T16:00:00Z,https://www.youtube.com/watch?v=w-KrRNzGrQU,https://i.ytimg.com/vi/w-KrRNzGrQU/mqdefault_live.jpg
db2f279f9960492082f3ae6ad20aca91,upcoming," 【Tom Clancy's Rainbow Six: Siege】",2022-12-09T16:30:00Z,https://www.twitch.tv/suzumiya_siru,
f6a4e7aa8d0c4e5cb39d199845ec4d02,upcoming,APEX特化,2022-12-09T17:00:00Z,https://www.twitch.tv/vtuber_amiru,
4e48e10b3c2f439c934b1db25679b972,upcoming,【2022世界盃】八強戰旁述 - 荷蘭對阿根廷,2022-12-09T18:45:00Z,https://www.youtube.com/watch?v=SwPNXoY6znc,https://i.ytimg.com/vi/SwPNXoY6znc/mqdefault_live.jpg
1937fa889b474d339713d1117f435018,upcoming,早安台,2022-12-09T23:00:00Z,https://www.twitch.tv/vtalisa,
8c3af9f56a3f4f1d84fcfcfa9f280c8d,upcoming,【外星人的早餐台】這樣的對話是不是對地球人來說太難了？！異星少女X宇宙旅行家的外星早餐時光！【Seikan iris*】feat. @ZolarBlue,2022-12-10T00:00:00Z,https://www.youtube.com/watch?v=WGWkdtOZsl4,https://i.ytimg.com/vi/WGWkdtOZsl4/mqdefault_live.jpg
3dda133703f64b019d7eea0c5cb55335,upcoming,,2022-12-10T00:30:00Z,https://www.twitch.tv/miamya0615,
5d2231ea88fd474d8a11e5a759899216,upcoming,【12/10】公主早安待機室【十六月OctJun】,2022-12-10T01:00:00Z,https://www.youtube.com/watch?v=pxm1dMzK94k,https://i.ytimg.com/vi/pxm1dMzK94k/mqdefault_live.jpg
c4c40346f25443958f26010756c4693a,upcoming,❁朝活❁早起的暖杏有桃吃,2022-12-10T02:00:00Z,https://www.youtube.com/watch?v=WUAffyl9YRY,https://i.ytimg.com/vi/WUAffyl9YRY/mqdefault_live.jpg
626750f4e7a745619c171c44fb1efcc0,upcoming,【轉盤精華】本台不適用機率學【天使Vtuber小雪Yukichan】,2022-12-10T04:00:00Z,https://www.youtube.com/watch?v=LR3pMUFVaZA,https://i.ytimg.com/vi/LR3pMUFVaZA/mqdefault.jpg
8f5a694a4e0841f9a3680cba874008c2,upcoming,【奇納：靈魂之橋 #1 】畫風超美~好喜歡歐~【YC Ch.亞蕾西亞】 #個人勢Vtuber #台灣vtuber #ori,2022-12-10T04:00:00Z,https://www.youtube.com/watch?v=FAVInDdqPMs,https://i.ytimg.com/vi/FAVInDdqPMs/mqdefault_live.jpg
891c39f050e048aebafaafc90a1c4cbd,upcoming,【Minecraft追憶群島】這次又是衝刺兩個最新BOSS!!!【千秋薯Chiaki_Imo】,2022-12-10T04:00:00Z,https://www.youtube.com/watch?v=j4y9UXUcxC4,https://i.ytimg.com/vi/j4y9UXUcxC4/mqdefault_live.jpg
c29bc8bf78dd417980491f19333c8fa2,upcoming,工作雜談,2022-12-10T04:00:00Z,https://www.twitch.tv/muling0606,
cef544ae38ec4c03ad337e68e2d885f4,upcoming,Apex or osu chat,2022-12-10T04:00:00Z,https://www.twitch.tv/ilzenkion1,
526dd51b5abf4fdcaede0cfe80096186,upcoming,固定雜談Osu練習台,2022-12-10T04:30:00Z,https://www.twitch.tv/koooorikuma,
6559d42f66684b8f80b4cd4589addd85,upcoming,【 吃播 】7-11超商美食試吃～挑戰每個月都試吃不同品項！ASMR咀嚼音〖鴨鴨伊比．AhiruIbi 〗,2022-12-10T05:00:00Z,https://www.youtube.com/watch?v=xt8vyzgEvno,https://i.ytimg.com/vi/xt8vyzgEvno/mqdefault_live.jpg
364f94fc7493453e9f53787ade8e35c6,upcoming,《數碼獸百科05》數碼世界【彌須斗Vtuber】,2022-12-10T05:00:00Z,https://www.youtube.com/watch?v=_jfLf1ICV3I,https://i.ytimg.com/vi/_jfLf1ICV3I/mqdefault.jpg
626750f4e7a745619c171c44fb1efcc0,upcoming,如何學馬叫【天使Vtuber小雪Yukichan】,2022-12-10T06:00:00Z,https://www.youtube.com/watch?v=uONSnSxtR7w,https://i.ytimg.com/vi/uONSnSxtR7w/mqdefault.jpg
71e1a399885b48e79c9a98e973e6b5e3,upcoming,【繪圖雜談】來精進自己的繪圖技術吧！今天要畫出什麼來呢😘畫完後丟到『美圖秀秀AI』看看🤪⭐每週繪圖⭐#姆姆Live,2022-12-10T06:00:00Z,https://www.youtube.com/watch?v=8U1t5anDARo,https://i.ytimg.com/vi/8U1t5anDARo/mqdefault_live.jpg
4d347ba9ca0c41c59cda553ebe4af5b1,upcoming,【情勒台】派出這女人試著全力情勒你們!! ☆春菫☆,2022-12-10T06:00:00Z,https://www.youtube.com/watch?v=y1sPAJ3Y7-4,https://i.ytimg.com/vi/y1sPAJ3Y7-4/mqdefault_live.jpg
5db725f32b5e4e1380ad64110b88c91d,upcoming,【雜談】來聊聊今年發生的事 順便說說我自己認為的年度代表字,2022-12-10T06:00:00Z,https://www.youtube.com/watch?v=R_8MhG3JzvQ,https://i.ytimg.com/vi/R_8MhG3JzvQ/mqdefault_live.jpg
1937fa889b474d339713d1117f435018,upcoming,海上生存漂流記 ft.立穎/薰草/莉芙,2022-12-10T06:00:00Z,https://www.twitch.tv/vtalisa,
36f4fa8dbd7740c3ae5ac02b890fa502,upcoming,Vtuber養成計畫：人生放送中,2022-12-10T06:00:00Z,https://www.twitch.tv/dr1090a,
6159040406fc4e6cb73dbf9734717703,upcoming,,2022-12-10T06:00:00Z,https://www.twitch.tv/drizzlingnight,
575d15d21f7240e1ad72935bf7fa0465,upcoming,🍡【豪華連動｜Meow不可言】什麼是15號耶！？本人？！特別企劃之NG詞挑戰雜談 ♡ 【夏羽由里｜ft.鐵匠.15號.迷子羽根】,2022-12-10T07:00:00Z,https://www.youtube.com/watch?v=W3O7tc3Grmk,https://i.ytimg.com/vi/W3O7tc3Grmk/mqdefault_live.jpg
7eb39f4278b04ed485060a084cd07876,upcoming,【Meow不可言: NG詞 & 20個問題】貓貓不能說，那就喵喵喵?!【貓貓匠｜Vtuber】,2022-12-10T07:00:00Z,https://www.youtube.com/watch?v=n8AdoqCRVSs,https://i.ytimg.com/vi/n8AdoqCRVSs/mqdefault_live.jpg
f53807443055490f87b85ded6caee0aa,upcoming,【英雄聯盟LOL】12/10 不要懷疑! 這是召喚峽谷的森林🌲 ft. @nyoro0606tw  | 可樂月月 ColaMoon,2022-12-10T07:00:00Z,https://www.youtube.com/watch?v=9LNiCmx0N90,https://i.ytimg.com/vi/9LNiCmx0N90/mqdefault_live.jpg
fa2a2255fa7d4aa7b5b54dea5dd2b1c4,upcoming,「Ring Fit Adventure 」健康生活台#7 LETS GOOO 「荒木今泉_HKVtuber」,2022-12-10T08:00:00Z,https://www.youtube.com/watch?v=6WVNtmX3HJM,https://i.ytimg.com/vi/6WVNtmX3HJM/mqdefault_live.jpg
db2f279f9960492082f3ae6ad20aca91,upcoming," 【Tom Clancy's Rainbow Six: Siege】",2022-12-10T08:30:00Z,https://www.twitch.tv/suzumiya_siru,
e1b2337b79d1449e9ae6a754ec74050d,upcoming,【Elden Ring】【# 38】情況許可的話會開!!【香港VTUBER】,2022-12-10T09:00:00Z,https://www.youtube.com/watch?v=dpO8FunbOOs,https://i.ytimg.com/vi/dpO8FunbOOs/mqdefault_live.jpg
824bd7df6923453292dec9ff3e3f664a,upcoming,【SCP：Secret Files / 恐怖遊戲 】我們收容！我們保護！我們失效！我們跑路～【水母暮暮－恐遊配信】(P.206)　#台灣Vtuber,2022-12-10T10:00:00Z,https://www.youtube.com/watch?v=r-Q4Kztp698,https://i.ytimg.com/vi/r-Q4Kztp698/mqdefault_live.jpg
b0fa9fc53f99425db4cca93d2d48a91f,upcoming,【Miro夢想盃】三角龍勇闖夢想盃！｜Minecraft ｜【RiRA 梨菈】,2022-12-10T11:00:00Z,https://www.youtube.com/watch?v=zzTdVKgMTZw,https://i.ytimg.com/vi/zzTdVKgMTZw/mqdefault_live.jpg
aef2ed42d49343f28394b6335695b5ac,upcoming,,2022-12-10T11:30:00Z,https://www.twitch.tv/yuncream,
f53807443055490f87b85ded6caee0aa,upcoming,【MIRO🎉夢想盃】12/10 衝阿汪汪 搶孤也算一種衝塔嗎🎐 | 可樂月月 ColaMoon,2022-12-10T11:45:00Z,https://www.youtube.com/watch?v=9hGIKYmwmSw,https://i.ytimg.com/vi/9hGIKYmwmSw/mqdefault_live.jpg
84a911e2b05f4919a32e0c1618e32a7d,upcoming,【薩爾達傳說︰曠野之息】扁大象！【光逸 幸 / Kouitu Sin】,2022-12-10T12:00:00Z,https://www.youtube.com/watch?v=nNtKbPQdWA4,https://i.ytimg.com/vi/nNtKbPQdWA4/mqdefault_live.jpg
aa182728aa6d44c4ae37caa7cdb8ed29,upcoming,【雀魂觀眾場】深夜雀魂台～,2022-12-10T12:00:00Z,https://www.youtube.com/watch?v=Bofq-W-TIf8,https://i.ytimg.com/vi/Bofq-W-TIf8/mqdefault_live.jpg
95df3846ff6644429227e9e058994ad8,upcoming,《繪糖雜談》畫畫彼此4—(feat.雪戀蝶),2022-12-10T12:00:00Z,https://www.youtube.com/watch?v=0Ngvru9aetg,https://i.ytimg.com/vi/0Ngvru9aetg/mqdefault_live.jpg
6053ed8f018e4bd9991e4e8911940828,upcoming,【食營同萌】Vtuber －卡波爾開心週末夜 【歌枠/Singing Live】,2022-12-10T12:00:00Z,https://www.youtube.com/watch?v=fm66sJROfYo,https://i.ytimg.com/vi/fm66sJROfYo/mqdefault_live.jpg
5f12df329c6144e1a6c596f4fbcb9e81,upcoming,【初配信】【大合虎子 Torako 新人Vtuber】,2022-12-10T12:00:00Z,https://www.youtube.com/watch?v=DyNmUsfb5PI,https://i.ytimg.com/vi/DyNmUsfb5PI/mqdefault_live.jpg
0f6d2110d7fa4f298e4345745a7e71b1,upcoming,【歌枠 Singing】歌聲復健歌回！中英日韓全都有！|Singing Stream【Elta △】,2022-12-10T12:00:00Z,https://www.youtube.com/watch?v=7cU-_YLIo30,https://i.ytimg.com/vi/7cU-_YLIo30/mqdefault_live.jpg
9012b1827e8141bd9d56d1a04b2f7ad1,upcoming,【StellarZ】心愿便利贴 /covered by Nanase NAGi ft. @FujisakiShiyayaya,2022-12-10T12:00:00Z,https://www.youtube.com/watch?v=JX2K0ehB1So,https://i.ytimg.com/vi/JX2K0ehB1So/mqdefault.jpg
de81b740d66c439685aa37491d27efc4,upcoming,固定直播日,2022-12-10T12:00:00Z,https://www.twitch.tv/lmpaper,
fa3bc2669fe041dfaa0765278ffd6330,upcoming,⭐又是和妹子一起待在木舟上的生存啦~~ #raft,2022-12-10T12:00:00Z,https://www.twitch.tv/hoshinokawanao,
1937fa889b474d339713d1117f435018,upcoming,胚車~觀眾可參加  ft.采彩,2022-12-10T12:00:00Z,https://www.twitch.tv/vtalisa,
9e3222bedec44f1a8fecdc237c020cbd,upcoming,Apex Legends 實況開始，集合！,2022-12-10T12:00:00Z,https://www.twitch.tv/winter4t2h,
febd22ec0bec4ecdbcd383be8c2694c3,upcoming,會開台ㄛ,2022-12-10T12:00:00Z,https://www.twitch.tv/mochi_momo_,
a7bb915cc1a0474080d7dbf6d245daf4,upcoming,日常幹话台 【CN/EN】,2022-12-10T12:00:00Z,https://www.twitch.tv/tatsuya_rei,
d792696470b54bd4947a59b10759a636,upcoming,【直播】來畫聖誕節素材吧！叮叮噹！【五斂子】,2022-12-10T12:30:00Z,https://www.youtube.com/watch?v=T-UyByhd7t0,https://i.ytimg.com/vi/T-UyByhd7t0/mqdefault_live.jpg
42c4b7c9bf6340029530d3c8f47753ea,upcoming,【心理測驗】相處一年了你們有真的很了解小編嗎？【 飛鳥唯世 】,2022-12-10T13:00:00Z,https://www.youtube.com/watch?v=tGXdXR0CaeE,https://i.ytimg.com/vi/tGXdXR0CaeE/mqdefault_live.jpg
5d2231ea88fd474d8a11e5a759899216,upcoming,【歌回】非歌勢衝3500訂閱？達成可能？週六晚上能衝多少訂閱？一起衝吧！【十六月OctJun】,2022-12-10T13:00:00Z,https://www.youtube.com/watch?v=CcBSdRTsnt4,https://i.ytimg.com/vi/CcBSdRTsnt4/mqdefault_live.jpg
ba59bb31bbcd4cf3a481c4cf72918fb0,upcoming,【一起看🐼】香港本土漫畫、鑑賞大會💥！能找到我喜歡的港漫嗎...！【米亞Mya】,2022-12-10T13:00:00Z,https://www.youtube.com/watch?v=Sp7agc9wC6g,https://i.ytimg.com/vi/Sp7agc9wC6g/mqdefault_live.jpg
5cfc673e9de1433096a85e9236895c79,upcoming,【繪畫台】 來畫港V們的美腿 Ep.2 【天巡なき/HKvtuber】,2022-12-10T13:00:00Z,https://www.youtube.com/watch?v=Jlz6kx_ZBpM,https://i.ytimg.com/vi/Jlz6kx_ZBpM/mqdefault_live.jpg
9b424d3a99ef4fc3b17bc7fef92fefd3,upcoming,Crysis Remastered【孤岛危机】Part 3 - 打遠古外星大BOSS！！,2022-12-10T13:00:00Z,https://www.youtube.com/watch?v=TpHyE-Cb0AU,https://i.ytimg.com/vi/TpHyE-Cb0AU/mqdefault_live.jpg
4fc5a770272a43f1bb0a1d12aa3a9b46,upcoming,"【POST PRODUCTION SHOWCASE】48 hours, procrastination, no sleep #HamptonBritley",2022-12-10T13:00:00Z,https://www.youtube.com/watch?v=uufkqPG10Iw,https://i.ytimg.com/vi/uufkqPG10Iw/mqdefault_live.jpg
7c06b9e316ce4ac18ce836cd72442bbe,upcoming,【ピアノ歌枠🎹】鋼琴歌回🎤琴聲和歌聲悠揚的週六Night🎵初見さん大歓迎♪【浠Mizuki Karaoke】,2022-12-10T13:00:00Z,https://www.youtube.com/watch?v=JhQBkeM3ifs,https://i.ytimg.com/vi/JhQBkeM3ifs/mqdefault_live.jpg
5535c9524eb046c38e172ebfa06b302f,upcoming,,2022-12-10T13:00:00Z,https://www.twitch.tv/ruroroisme,
4af53c3526f7435a8aac99f42dccb392,upcoming,固定開台,2022-12-10T13:00:00Z,https://www.twitch.tv/milo_lonewolf,
f44835c18dac441f910f4eb821ffd7ce,upcoming,只要得空就會開 時間還是比較不一定~,2022-12-10T13:00:00Z,https://www.twitch.tv/yukkiwee,
58e377df63f745fc8473368b20afe2ae,upcoming,【#遊戲】Vol. 326: SD GUNDAM 激鬥同盟 #7: 感覺要結束了！,2022-12-10T13:30:00Z,https://www.youtube.com/watch?v=Fz8dQB55fa0,https://i.ytimg.com/vi/Fz8dQB55fa0/mqdefault_live.jpg
16c4a9b7211a44f6b98d8e1aebf4ea70,upcoming,【繪圖台】安價繪圖｜來畫畫可以換裝的小朵子!!穿什麼由你決定!!【朵朵子Chichido】,2022-12-10T13:30:00Z,https://www.youtube.com/watch?v=TEAhLjEU1qc,https://i.ytimg.com/vi/TEAhLjEU1qc/mqdefault_live.jpg
b4bf821f6a6a440996f4fd9cddaf250b,upcoming,【Miro夢想盃】褻君只是個麥塊新手寶寶！Minecraft大賽！【SETSU 褻君】,2022-12-10T13:30:00Z,https://www.youtube.com/watch?v=W0ylhwzkPZo,https://i.ytimg.com/vi/W0ylhwzkPZo/mqdefault_live.jpg
58374cba861d4267a84ad689bb6ce91a,upcoming,【同時視聽】異次元駭客The Thirteenth Floor【貓目】,2022-12-10T13:30:00Z,https://www.youtube.com/watch?v=sTJNpfK3wjE,https://i.ytimg.com/vi/sTJNpfK3wjE/mqdefault_live.jpg
aa673b95b03540288c87dbaa59477ef9,upcoming,[💜UNO💜]🔪格萊分多UNO杯~第三屆~🔪(ft.Alice Tarrandalf.夢遊Doggie.蜥蜥)【 HK ケモノ系Vtuber 🦁🌙Loxy 洛斯】,2022-12-10T13:30:00Z,https://www.youtube.com/watch?v=EB2y7U2stoQ,https://i.ytimg.com/vi/EB2y7U2stoQ/mqdefault_live.jpg
58e377df63f745fc8473368b20afe2ae,upcoming,雜談或歌回直播（連動取代可能）,2022-12-10T13:30:00Z,https://www.twitch.tv/yuutatsubasa,
f88d85aeb79a429e9751db330f469df1,upcoming,鹿言鹿語,2022-12-10T13:30:00Z,https://www.twitch.tv/lunaluna2021,
fe569b0c059e406daf57eb2acd11cc21,upcoming,【滑行板還債✨】阿❤️等一下...慢一點!!阿比會累死啦!!【嘟比💫Vtuber】,2022-12-10T14:00:00Z,https://www.youtube.com/watch?v=z0C4UPL5qNA,https://i.ytimg.com/vi/z0C4UPL5qNA/mqdefault_live.jpg
78aa93aa7916451982b716f2e8952d38,upcoming,〖CN/JP/EN〗【L4D2#13】久違的歡樂場一起來玩よ～～～！！コラボBeiYue｜歌燐かりん,2022-12-10T14:00:00Z,https://www.youtube.com/watch?v=0HT4Sh-Mh9Q,https://i.ytimg.com/vi/0HT4Sh-Mh9Q/mqdefault_live.jpg
ba59bb31bbcd4cf3a481c4cf72918fb0,upcoming,【地獄注意🔥】道德崩壞危機！米亞 的 超級電車難題🚟【米亞Mya】,2022-12-10T14:00:00Z,https://www.youtube.com/watch?v=aeUYlHMVXWY,https://i.ytimg.com/vi/aeUYlHMVXWY/mqdefault_live.jpg
118c05e7f751446abee5fc827fda0215,upcoming,"[聯動] Subnautica #04  ft. 綾野凛, 沐幽 【香港Vtuber 獅子山 Rio】",2022-12-10T14:00:00Z,https://www.youtube.com/watch?v=DzIAEnRSTl4,https://i.ytimg.com/vi/DzIAEnRSTl4/mqdefault_live.jpg
2e454f2b51c649cfa913dac2ebd9e470,upcoming,練英和單排上分,2022-12-10T14:00:00Z,https://www.twitch.tv/klnpurple,
c248ccba18664207aff22e8c270b18b9,upcoming,7/7~LOL水友賽~,2022-12-10T14:00:00Z,https://www.twitch.tv/chu00213,
f9d27b07ff84433b8397b0587f339e27,upcoming,,2022-12-10T14:00:00Z,https://www.twitch.tv/singgggg0610,
62d6466e900941d9b516c95cf222aa40,upcoming,【預定】深夜讀聖經台 | 心靈團契,2022-12-10T14:30:00Z,https://www.youtube.com/watch?v=oYtVAdxkQuo,https://i.ytimg.com/vi/oYtVAdxkQuo/mqdefault_live.jpg
662a78ad8e834664a4dbe127d8630647,upcoming,遊戲(Apex ),2022-12-10T14:30:00Z,https://www.twitch.tv/hanavtuber,
43acb25e255340d09b50283f0308d1ff,upcoming,【雜談】在某個異世界發生的故事 大家的Online game 回憶錄【軒轅虛KYON】,2022-12-10T15:00:03Z,https://www.youtube.com/watch?v=p2Y_YR0xHxs,https://i.ytimg.com/vi/p2Y_YR0xHxs/mqdefault_live.jpg
4b6655120fbd4431a8f7894cac4a4d49,upcoming,ASMR KU100/3DIO｜姊姊巧妙的手法讓你體驗顱內高潮全身酥麻【Healing希靈/VTuber】,2022-12-10T15:30:00Z,https://www.youtube.com/watch?v=FBnrBSkXpwc,https://i.ytimg.com/vi/FBnrBSkXpwc/mqdefault_live.jpg
34973abcef4e41b29add2b476ce0a7fb,upcoming,"今日感謝瑾瑜邀請到幼幼相見歡進行雜談,對於自己休息一個月後歸來看到自己的情況...,只能說百感交集",2022-12-10T16:00:00Z,https://www.twitch.tv/sweetcat_10450077,
4e48e10b3c2f439c934b1db25679b972,upcoming,【2022世界盃】八強戰旁述 - 英格蘭對法國,2022-12-10T18:45:00Z,https://www.youtube.com/watch?v=XRB2DvO0dE0,https://i.ytimg.com/vi/XRB2DvO0dE0/mqdefault_live.jpg
db2f279f9960492082f3ae6ad20aca91,upcoming,【Tom Clancy's Rainbow Six: Siege】,2022-12-10T20:30:00Z,https://www.twitch.tv/suzumiya_siru,
1937fa889b474d339713d1117f435018,upcoming,早安台,2022-12-10T23:00:00Z,https://www.twitch.tv/vtalisa,
5d2231ea88fd474d8a11e5a759899216,upcoming,【12/11】公主早安待機室【十六月OctJun】,2022-12-11T01:00:00Z,https://www.youtube.com/watch?v=jmMmyjJIL9A,https://i.ytimg.com/vi/jmMmyjJIL9A/mqdefault_live.jpg
0a9e04624456419c814b77a7aa12678b,upcoming,【POKEMON VIOLET】Catch 'em all OR Beat 'em ALL! 無限寶可夢紫★【魚沫 Momo Mermaid】,2022-12-11T01:00:00Z,https://www.youtube.com/watch?v=gr7_XSvppWI,https://i.ytimg.com/vi/gr7_XSvppWI/mqdefault_live.jpg
2af6cb0e15ce4839ba711b47608d4f4d,upcoming,,2022-12-11T01:00:00Z,https://www.twitch.tv/moyu_moyu,
aa9fa329d639488dbb860b8f8b3235f8,upcoming,,2022-12-11T01:17:00Z,https://www.twitch.tv/rie_miyasaka,
2e454f2b51c649cfa913dac2ebd9e470,upcoming,練英和單排上分,2022-12-11T02:00:00Z,https://www.twitch.tv/klnpurple,
626750f4e7a745619c171c44fb1efcc0,upcoming,おちゃめ機能 雪蘿晃啊晃【天使Vtuber小雪Yukichan】,2022-12-11T04:00:00Z,https://www.youtube.com/watch?v=ZvLBqvb93oA,https://i.ytimg.com/vi/ZvLBqvb93oA/mqdefault.jpg
c29bc8bf78dd417980491f19333c8fa2,upcoming,工作雜談,2022-12-11T04:00:00Z,https://www.twitch.tv/muling0606,
8020c505099f474ca81da3023926485f,upcoming,（起床就開！）【Splatoon 3🦑 スプラトゥーン3 #視聴者参加型 ・初見OK🤍】鮭魚大型跑開始嚕！＼三文魚放題任食／【VTuber ✦ 白昼夢ティアラ / DayDream Tiara】,2022-12-11T04:30:00Z,https://www.youtube.com/watch?v=pteORR725SA,https://i.ytimg.com/vi/pteORR725SA/mqdefault_live.jpg
db2f279f9960492082f3ae6ad20aca91,upcoming,【Tom Clancy's Rainbow Six: Siege】,2022-12-11T04:30:00Z,https://www.twitch.tv/suzumiya_siru,
6559d42f66684b8f80b4cd4589addd85,upcoming,【 吃播 】全家 超商美食試吃！午餐＋下午茶都在超商解決？！ASMR咀嚼音〖鴨鴨伊比．AhiruIbi 〗,2022-12-11T05:00:00Z,https://www.youtube.com/watch?v=4d3LjYbdjcg,https://i.ytimg.com/vi/4d3LjYbdjcg/mqdefault_live.jpg
0e8150c7419f4c1d94d8ccfb41a04280,upcoming,【美式卡通 - 淺談&推薦】 最美好的童年與近期神作都很讚,2022-12-11T05:30:00Z,https://www.youtube.com/watch?v=S-Gi-1KHjFc,https://i.ytimg.com/vi/S-Gi-1KHjFc/mqdefault_live.jpg
aa182728aa6d44c4ae37caa7cdb8ed29,upcoming,【Minecraft】追憶之旅．艾德利亞島－EP.3 鐵巨人塔！,2022-12-11T06:00:00Z,https://www.youtube.com/watch?v=AXoykbt03nM,https://i.ytimg.com/vi/AXoykbt03nM/mqdefault_live.jpg
36f4fa8dbd7740c3ae5ac02b890fa502,upcoming,Vtuber養成計畫：人生放送中,2022-12-11T06:00:00Z,https://www.twitch.tv/dr1090a,
6159040406fc4e6cb73dbf9734717703,upcoming,,2022-12-11T06:00:00Z,https://www.twitch.tv/drizzlingnight,
526dd51b5abf4fdcaede0cfe80096186,upcoming,固定雜談遊戲台,2022-12-11T06:30:00Z,https://www.twitch.tv/koooorikuma,
42c4b7c9bf6340029530d3c8f47753ea,upcoming,【Minecraft】不用30歲就能成為大魔法師？魔法鋼錠！「魔法金屬」【 飛鳥唯世 】,2022-12-11T09:00:00Z,https://www.youtube.com/watch?v=727QuK01i_s,https://i.ytimg.com/vi/727QuK01i_s/mqdefault_live.jpg
5f9ded46df28474bbd1470d761700f30,upcoming,美妙的舞蹈大會 / Dance with Sakura!,2022-12-11T09:00:00Z,https://www.twitch.tv/fuyukisakura,
fa2a2255fa7d4aa7b5b54dea5dd2b1c4,upcoming,「遊戲聯動 : Splatoon 3」Splatoon挑戰賽既主辦&小幫手既首次聯動 「荒木今泉_HKVtuber」,2022-12-11T10:00:00Z,https://www.youtube.com/watch?v=Mtt8dKIVShU,https://i.ytimg.com/vi/Mtt8dKIVShU/mqdefault_live.jpg
17c335762a694402b8cb9a96b2865572,upcoming,拾參企業年度股東大會 | 一年一度，一起提出建議讓頻道變得更好👾!!!,2022-12-11T11:00:00Z,https://www.youtube.com/watch?v=pUIqbKJ2T3o,https://i.ytimg.com/vi/pUIqbKJ2T3o/mqdefault_live.jpg
5535c9524eb046c38e172ebfa06b302f,upcoming,,2022-12-11T11:00:00Z,https://www.twitch.tv/ruroroisme,
36f4fa8dbd7740c3ae5ac02b890fa502,upcoming,艾爾登法環,2022-12-11T11:00:00Z,https://www.twitch.tv/dr1090a,
aef2ed42d49343f28394b6335695b5ac,upcoming,,2022-12-11T11:30:00Z,https://www.twitch.tv/yuncream,
7f9d223a684e44e8b8d30bedcc07f1fa,upcoming,[#雜談]憂鬱症?思覺失調?!創傷症候群!!小太陽也有日蝕過!!!曾經的患者經驗分享/願這支影片可以幫助到人/看了不舒服記得忘掉!![柴可CHAKO],2022-12-11T12:00:00Z,https://www.youtube.com/watch?v=MTcZF3-_isI,https://i.ytimg.com/vi/MTcZF3-_isI/mqdefault_live.jpg
adc9d30b5940427e96ae92238f0f8b83,upcoming,【歌回】收益化大感謝!!!慶祝回開唱辣~【火野貝 hinokai】,2022-12-11T12:00:00Z,https://www.youtube.com/watch?v=ZMiKSV3OHRA,https://i.ytimg.com/vi/ZMiKSV3OHRA/mqdefault_live.jpg
fa3bc2669fe041dfaa0765278ffd6330,upcoming,【#史萊姆農場】又到了史萊姆餵食時間啦 阿姆阿姆 【#Mirolive/🤍#星之川倷緒🤍】【#NAO】,2022-12-11T12:00:00Z,https://www.twitch.tv/hoshinokawanao,
6d61885259b744a28c7b92c0785e8fe9,upcoming,,2022-12-11T12:00:00Z,https://www.twitch.tv/vegbao,
49393dd4bc284768852b0d4f9bba2ec8,upcoming,【AmongUS】首次登船能不被爆打嗎！？#珍奶茗璐ft.豪多人,2022-12-11T12:00:00Z,https://www.twitch.tv/tapiokalop,
9e3222bedec44f1a8fecdc237c020cbd,upcoming,Apex Legends 實況開始，集合！,2022-12-11T12:00:00Z,https://www.twitch.tv/winter4t2h,
837cc45c90974caa9f07699c3899fa7b,upcoming,未定,2022-12-11T12:00:00Z,https://www.twitch.tv/yoru_yn,
febd22ec0bec4ecdbcd383be8c2694c3,upcoming,會開台ㄛ,2022-12-11T12:00:00Z,https://www.twitch.tv/mochi_momo_,
57843e9c870647729c2438a7a7077008,upcoming,集合吧～歌回的時間到了哦～,2022-12-11T12:00:00Z,https://www.twitch.tv/ainohikaru,
a7bb915cc1a0474080d7dbf6d245daf4,upcoming,日常幹话台 【CN/EN】,2022-12-11T12:00:00Z,https://www.twitch.tv/tatsuya_rei,
b0fa9fc53f99425db4cca93d2d48a91f,upcoming,【Miro夢想盃】在蜜蜂關卡尋寶囉！有機會找到錢錢嗎？｜Minecraft ｜【RiRA 梨菈】,2022-12-11T12:15:00Z,https://www.youtube.com/watch?v=mKELE8DK6lc,https://i.ytimg.com/vi/mKELE8DK6lc/mqdefault_live.jpg
b4bf821f6a6a440996f4fd9cddaf250b,upcoming,【Miro夢想盃】褻君只是個麥塊新手寶寶！勇闖蜜蜂關卡！【SETSU 褻君】,2022-12-11T12:20:00Z,https://www.youtube.com/watch?v=BQkf4kbxduE,https://i.ytimg.com/vi/BQkf4kbxduE/mqdefault_live.jpg
49196eec11454f589d4d6e52f1b1bbe8,upcoming,【直播】【遊戲】follia｜這說不定是我選擇遊戲中比較容易先破關的www【菜姬】,2022-12-11T12:30:00Z,https://www.youtube.com/watch?v=lAYymkNIKLI,https://i.ytimg.com/vi/lAYymkNIKLI/mqdefault_live.jpg
fe569b0c059e406daf57eb2acd11cc21,upcoming,【Miro夢想盃-紅包關卡】尋寶去啦!究竟嘟比會不會解謎呢?【嘟比💫Vtuber】,2022-12-11T12:30:00Z,https://www.youtube.com/watch?v=dojV0DfGN8Q,https://i.ytimg.com/vi/dojV0DfGN8Q/mqdefault_live.jpg
a0467c81a3014fbf83029acffe5b1d3f,upcoming,每週例行麻將大會！歡迎觀眾參加,2022-12-11T12:30:00Z,https://www.twitch.tv/hlinak9527,
7b2c8df9fd9d4f33bd5ec0c38f12826f,upcoming,【再 初配信】天才月球兔子再降臨✧【月見ルビー / Tsukimi Ruby】,2022-12-11T13:00:00Z,https://www.youtube.com/watch?v=GtG4Da4e48I,https://i.ytimg.com/vi/GtG4Da4e48I/mqdefault_live.jpg
5d2231ea88fd474d8a11e5a759899216,upcoming,【#從未忘記你】第二回，破防感性的公主與冷靜理性的鄲森，聽你說留在你心裡的那個人【十六月OctJun】,2022-12-11T13:00:00Z,https://www.youtube.com/watch?v=q07XC5RCLcs,https://i.ytimg.com/vi/q07XC5RCLcs/mqdefault_live.jpg
ba59bb31bbcd4cf3a481c4cf72918fb0,upcoming,【#米亞兩週年】🎉跟大家一起慶祝 🎈 回饋粉絲向、紀念活動發表！✨RG參展預定 / 紀念品公開 【米亞Mya】,2022-12-11T13:00:00Z,https://www.youtube.com/watch?v=1acQeY5hsgg,https://i.ytimg.com/vi/1acQeY5hsgg/mqdefault_live.jpg
914f6caed3ff4348824d966f76662bc2,upcoming,➕🌙黑十字騎士團【#與殿下合唱！】音樂祭 DAY 3 (最終回)💜✨【香港Vtuber/月島クロス】,2022-12-11T13:00:00Z,https://www.youtube.com/watch?v=oJH76JtAH0s,https://i.ytimg.com/vi/oJH76JtAH0s/mqdefault_live.jpg
b651572a9a374f59918720e569d314b9,upcoming,【廣】【AMONGUS】♡大型生草聯動 具瓏視角.0.【CH.Vtuber/小林具瓏】,2022-12-11T13:00:00Z,https://www.youtube.com/watch?v=QLk_O01Th-Q,https://i.ytimg.com/vi/QLk_O01Th-Q/mqdefault_live.jpg
9b424d3a99ef4fc3b17bc7fef92fefd3,upcoming,Resident Evil 4【惡靈古堡4】Part 7 - 在實驗室遇到難慘不死之身的敵人！,2022-12-11T13:00:00Z,https://www.youtube.com/watch?v=JDSw4NTel20,https://i.ytimg.com/vi/JDSw4NTel20/mqdefault_live.jpg
7c06b9e316ce4ac18ce836cd72442bbe,upcoming,【一起學日文】要讓爸爸在日本成為撩妹大師！！！ ft. @CollinPalladio 【浠Mizuki Japanese Lesson】,2022-12-11T13:00:00Z,https://www.youtube.com/watch?v=0GMeqdvekLY,https://i.ytimg.com/vi/0GMeqdvekLY/mqdefault_live.jpg
8db6aab32c8e45c8a70d0850bfcd3e5c,upcoming,【Minecraft】週日三毛會員伺服器，即刻開始同樂,2022-12-11T13:00:00Z,https://www.twitch.tv/da_ton_brother,
f44835c18dac441f910f4eb821ffd7ce,upcoming,會聊天玩遊戲之類的 反正就是個很棒的大家庭~~,2022-12-11T13:00:00Z,https://www.twitch.tv/yukkiwee,
36a96262405a4d4683db73d8403bf8b7,upcoming,||週表|| 宅宅軍團長 12/05-12/11 行程,2022-12-11T13:15:00Z,https://www.youtube.com/watch?v=OK-E5LPIIC0,https://i.ytimg.com/vi/OK-E5LPIIC0/mqdefault_live.jpg
16c4a9b7211a44f6b98d8e1aebf4ea70,upcoming,【災難公關觀眾場】18++++開車迷因地獄梗通通來!!本節目不代表本台立場【朵朵子Chichido】,2022-12-11T13:30:00Z,https://www.youtube.com/watch?v=W2r4aPwozac,https://i.ytimg.com/vi/W2r4aPwozac/mqdefault_live.jpg
50433c34f368460c9cda947f292a62b4,upcoming,【誕生日前夜祭】一起倒數迎接生日吧 🎈 還有滿滿的情報...?!🎁【#猫宮あゆめ生誕祭2022】【猫宮あゆめ/HKVTuber】,2022-12-11T13:30:00Z,https://www.youtube.com/watch?v=oXwKoqpjSjY,https://i.ytimg.com/vi/oXwKoqpjSjY/mqdefault_live.jpg
0800162a149e420ea0386c9506e710b7,upcoming,【AmongUs】宇宙人狼遊戲、飛天雪櫃 ft.八個V朋友｜雪櫃/Reiha,2022-12-11T13:30:00Z,https://www.youtube.com/watch?v=S8kS4cwuAf8,https://i.ytimg.com/vi/S8kS4cwuAf8/mqdefault_live.jpg
6503172c78774a0fa639255ac2e7e85a,upcoming,【Among Us聯動】有犯案既地方就有我貓又偵探 ft. 好多人【香港Vtuber/猫崎ヤコウ】,2022-12-11T13:30:00Z,https://www.youtube.com/watch?v=SQqimp0aWu4,https://i.ytimg.com/vi/SQqimp0aWu4/mqdefault_live.jpg
c82ab1b4f8f64d1f84cae4ce09aa0dea,upcoming,【歌回】中文限定歌回｜汐Seki,2022-12-11T14:00:00Z,https://www.youtube.com/watch?v=67ZCx6iKmXA,https://i.ytimg.com/vi/67ZCx6iKmXA/mqdefault_live.jpg
c248ccba18664207aff22e8c270b18b9,upcoming,7/8~APEX直播,2022-12-11T14:00:00Z,https://www.twitch.tv/chu00213,
f9d27b07ff84433b8397b0587f339e27,upcoming,,2022-12-11T15:30:00Z,https://www.twitch.tv/singgggg0610,
7b58646f89cb4b7cbcdce819499c475f,upcoming,【12/5-12/11周表】#魔王降臨,2022-12-11T16:15:00Z,https://www.youtube.com/watch?v=0nWM_-LAaFE,https://i.ytimg.com/vi/0nWM_-LAaFE/mqdefault_live.jpg
823311ac8226476e8d1e323f536bf8b1,upcoming,下午14:00~17:30在主委的V曲龍虎榜 深夜雜談做週表~~,2022-12-11T17:30:00Z,https://www.twitch.tv/kujosenko,
55be1972142c44799f83ce3db4f14fbd,upcoming,【早安台】大家早安嘞！朝日版半妖初見安安(=´ω`=) | 有・柚実yuzzmi,2022-12-12T00:00:00Z,https://www.youtube.com/watch?v=rh9A7QdT9nI,https://i.ytimg.com/vi/rh9A7QdT9nI/mqdefault_live.jpg
3dda133703f64b019d7eea0c5cb55335,upcoming,,2022-12-12T00:30:00Z,https://www.twitch.tv/miamya0615,
2bd52c3a964541febb42782fd1f9fdba,upcoming,FPS喵 (ﾉ◕ヮ◕)ﾉ*:･ﾟ✧,2022-12-12T04:00:00Z,https://www.twitch.tv/jojo51113,
547aa467c2ce497e9d95c4a085effe0d,upcoming,會開,2022-12-12T05:00:00Z,https://www.twitch.tv/umimiowo,
50ec735272014b1b996ee80a8df4671a,upcoming,"Some games, I dunno yet!",2022-12-12T05:00:00Z,https://www.twitch.tv/azuusaru,
828ab4c66f5f43f298d237374a266b7e,upcoming,,2022-12-12T06:00:00Z,https://www.twitch.tv/0lilier0,
803435ca691f43a4b02360926fee23d1,upcoming,,2022-12-12T06:00:00Z,https://www.twitch.tv/yukou_ouo,
5f9ded46df28474bbd1470d761700f30,upcoming,一周開始的運動 / Boot up the week with Exercise 😈,2022-12-12T10:00:00Z,https://www.twitch.tv/fuyukisakura,
36f4fa8dbd7740c3ae5ac02b890fa502,upcoming,Vtuber養成計畫：人生放送中,2022-12-12T11:00:00Z,https://www.twitch.tv/dr1090a,
091ac99f10804fe3b417a0f285731b4e,upcoming,瑪搽瘋遊戲,2022-12-12T11:00:00Z,https://www.twitch.tv/umamixchami,
de81b740d66c439685aa37491d27efc4,upcoming,固定直播日,2022-12-12T11:30:00Z,https://www.twitch.tv/lmpaper,
526dd51b5abf4fdcaede0cfe80096186,upcoming,隨機突發雜談遊戲台,2022-12-12T11:30:00Z,https://www.twitch.tv/koooorikuma,
aef2ed42d49343f28394b6335695b5ac,upcoming,,2022-12-12T11:30:00Z,https://www.twitch.tv/yuncream,
d8b5835bc6aa46119cc7ddd4447e780f,upcoming,這是魔法師【咘小星】每週召喚小精靈的固定時段⎝༼ ◕Д ◕ ༽⎠（如有變故以DC群為主）,2022-12-12T11:30:00Z,https://www.twitch.tv/ssstar_180,
15cbed02d2f74630b04b73515909c1f4,upcoming,【Outlast】絕叫注意 ! 7000訂閱絕命精神病院 ! 這次找來 @Shea Ch. 榭伊 助陣 ! Outlast Part4 | 【Mirolink】Kilin Ch. 麒麟,2022-12-12T12:00:00Z,https://www.youtube.com/watch?v=xnMZE1Q4rRM,https://i.ytimg.com/vi/xnMZE1Q4rRM/mqdefault_live.jpg
c6dab598fcee4b6b9bff76d2e8ffc8e6,upcoming,【雀魂麻將(自由參加搶房場)🀅一直打麻將一直爽!!陽壽要被我吸光光囉!!  hehe #台灣vtuber​​  #台V ​​ #twvtuber ​​ #vtuber,2022-12-12T12:00:00Z,https://www.youtube.com/watch?v=9HkWz-BPa58,https://i.ytimg.com/vi/9HkWz-BPa58/mqdefault_live.jpg
5fc94cdcf7594a3ba5ce001ba405d3be,upcoming,【#歌ってみた】？？？/covered by @En ch.  @Inori Ch.秋月イノリ,2022-12-12T12:00:00Z,https://www.youtube.com/watch?v=UAwBRE-Qz7c,https://i.ytimg.com/vi/UAwBRE-Qz7c/mqdefault.jpg
6d61885259b744a28c7b92c0785e8fe9,upcoming,,2022-12-12T12:00:00Z,https://www.twitch.tv/vegbao,
9e3222bedec44f1a8fecdc237c020cbd,upcoming,Apex Legends 實況開始，集合！,2022-12-12T12:00:00Z,https://www.twitch.tv/winter4t2h,
6159040406fc4e6cb73dbf9734717703,upcoming,,2022-12-12T12:00:00Z,https://www.twitch.tv/drizzlingnight,
57843e9c870647729c2438a7a7077008,upcoming,集合吧～歌回的時間到了哦～,2022-12-12T12:00:00Z,https://www.twitch.tv/ainohikaru,
554ca19c3d924cacac1f680675b9fdd2,upcoming,原神日常任務及聊天,2022-12-12T12:30:00Z,https://www.twitch.tv/yueyuhoshizora,
854282eb3f32406aa85dd53f14748228,upcoming,歌台!,2022-12-12T12:30:00Z,https://www.twitch.tv/s17116222,
6559d42f66684b8f80b4cd4589addd85,upcoming,【 雜談 】最宜居的地區？！搬家搬到哪最好？！要戰地區了？！〖 鴨言鴨語第7夜 〗,2022-12-12T13:00:00Z,https://www.youtube.com/watch?v=Nc99tR0zo7g,https://i.ytimg.com/vi/Nc99tR0zo7g/mqdefault_live.jpg
9e3222bedec44f1a8fecdc237c020cbd,upcoming,茨翼 I - 日本東京五日自由行,2022-12-12T13:00:00Z,https://www.youtube.com/watch?v=5GXndpqFBpc,https://i.ytimg.com/vi/5GXndpqFBpc/mqdefault.jpg
50433c34f368460c9cda947f292a62b4,upcoming,【生日派對 -凸待ち-】今天的主役是本團長唷！！！！還不快來說生日快樂？！🎉【#猫宮あゆめ生誕祭2022】【猫宮あゆめ/HKVTuber】,2022-12-12T13:00:00Z,https://www.youtube.com/watch?v=hfNFUm-UPpk,https://i.ytimg.com/vi/hfNFUm-UPpk/mqdefault_live.jpg
4af53c3526f7435a8aac99f42dccb392,upcoming,固定開台,2022-12-12T13:00:00Z,https://www.twitch.tv/milo_lonewolf,
f44835c18dac441f910f4eb821ffd7ce,upcoming,只要得空就會開 時間還是比較不一定~,2022-12-12T13:00:00Z,https://www.twitch.tv/yukkiwee,
58e377df63f745fc8473368b20afe2ae,upcoming,遊戲直播,2022-12-12T13:30:00Z,https://www.twitch.tv/yuutatsubasa,
f2ad5f187c9141ab8830b8eaf81c3aee,upcoming,【回歸】很久不見! 想女皇了吧! 近況雜談+各種告知!!  【皇咲レイナ | HKVtuber】,2022-12-12T14:00:00Z,https://www.youtube.com/watch?v=D78ig3DPerM,https://i.ytimg.com/vi/D78ig3DPerM/mqdefault_live.jpg
2e454f2b51c649cfa913dac2ebd9e470,upcoming,練英,2022-12-12T14:00:00Z,https://www.twitch.tv/klnpurple,
c248ccba18664207aff22e8c270b18b9,upcoming,6/27~邊打麻將邊閒聊~,2022-12-12T14:00:00Z,https://www.twitch.tv/chu00213,
58abad4aa8de49efb785367503dfd92c,upcoming,【ASMR助眠|KU100】極舒適頭皮及耳朵按摩x泡泡洗髮| Relaxing Hair Treatment and ear massage |耳のマッサージ・シャンプー・【桃野薔薇 Vtuber】,2022-12-12T15:00:00Z,https://www.youtube.com/watch?v=Qm6A53VbJ38,https://i.ytimg.com/vi/Qm6A53VbJ38/mqdefault_live.jpg
db2f279f9960492082f3ae6ad20aca91,upcoming,【Tom Clancy's Rainbow Six: Siege】,2022-12-12T16:30:00Z,https://www.twitch.tv/suzumiya_siru,
50ec735272014b1b996ee80a8df4671a,upcoming,"Some games, I dunno yet!",2022-12-13T00:00:00Z,https://www.twitch.tv/azuusaru,
3dda133703f64b019d7eea0c5cb55335,upcoming,,2022-12-13T00:30:00Z,https://www.twitch.tv/miamya0615,
d407b30c72a841bd82af1f5cc8ec0667,upcoming,台V好聲音 - 介紹你可能不知道的台灣 VTuber 們，從美妙歌聲到獨特個性，不知道從何˙看起的最佳入門選擇,2022-12-13T01:00:00Z,https://www.twitch.tv/chiveswang_llt5,
457ffaa09f6c4f3384cb06739b2f2f3d,upcoming,練練槍,2022-12-13T01:00:00Z,https://www.twitch.tv/christinllt5,
c248ccba18664207aff22e8c270b18b9,upcoming,7/5~來玩玩瓦羅蘭~,2022-12-13T04:00:00Z,https://www.twitch.tv/chu00213,
2bd52c3a964541febb42782fd1f9fdba,upcoming,FPS喵 (ﾉ◕ヮ◕)ﾉ*:･ﾟ✧,2022-12-13T04:00:00Z,https://www.twitch.tv/jojo51113,
2d25a18a83af462a8d4062e162017a1a,upcoming,Dont Starve Together飢荒聯機版｜【霸王竜Vtuber】🦖咬錢竜エリカ🥩EP2,2022-12-13T04:00:00Z,https://www.twitch.tv/erica220724,
547aa467c2ce497e9d95c4a085effe0d,upcoming,會開,2022-12-13T05:00:00Z,https://www.twitch.tv/umimiowo,
803435ca691f43a4b02360926fee23d1,upcoming,,2022-12-13T06:00:00Z,https://www.twitch.tv/yukou_ouo,
5f9ded46df28474bbd1470d761700f30,upcoming,玩玩遊戲，聊聊天 / Game and Chill 😈,2022-12-13T10:00:00Z,https://www.twitch.tv/fuyukisakura,
2d25a18a83af462a8d4062e162017a1a,upcoming,Dont Starve Together飢荒聯機版｜【霸王竜Vtuber】🦖咬錢竜エリカ🥩EP3,2022-12-13T10:00:00Z,https://www.twitch.tv/erica220724,
36f4fa8dbd7740c3ae5ac02b890fa502,upcoming,Vtuber養成計畫：人生放送中,2022-12-13T11:00:00Z,https://www.twitch.tv/dr1090a,
de81b740d66c439685aa37491d27efc4,upcoming,固定直播日,2022-12-13T11:30:00Z,https://www.twitch.tv/lmpaper,
aef2ed42d49343f28394b6335695b5ac,upcoming,,2022-12-13T11:30:00Z,https://www.twitch.tv/yuncream,
d8b5835bc6aa46119cc7ddd4447e780f,upcoming,這是魔法師【咘小星】每週召喚小精靈的固定時段⎝༼ ◕Д ◕ ༽⎠（如有變故以DC群為主）,2022-12-13T11:30:00Z,https://www.twitch.tv/ssstar_180,
683db9d9b58f4dd883966c82581a7b60,upcoming,【The Past Within】穿梭過去及未來，來挑戰蜜蜂模式！with 藏月【蓓卡 Becca】,2022-12-13T12:00:00Z,https://www.youtube.com/watch?v=l6kxRR6Cc1M,https://i.ytimg.com/vi/l6kxRR6Cc1M/mqdefault_live.jpg
6d61885259b744a28c7b92c0785e8fe9,upcoming,,2022-12-13T12:00:00Z,https://www.twitch.tv/vegbao,
9e3222bedec44f1a8fecdc237c020cbd,upcoming,Apex Legends 實況開始，集合！,2022-12-13T12:00:00Z,https://www.twitch.tv/winter4t2h,
e41bf48a09d64e4aa3d96064a9a63b08,upcoming,【魔物獵人:崛起】魔物獵人PC打起來٩(◦`꒳´◦)۶自由參加場,2022-12-13T12:00:00Z,https://www.twitch.tv/azuchiron,
6159040406fc4e6cb73dbf9734717703,upcoming,,2022-12-13T12:00:00Z,https://www.twitch.tv/drizzlingnight,
febd22ec0bec4ecdbcd383be8c2694c3,upcoming,會開台ㄛ,2022-12-13T12:00:00Z,https://www.twitch.tv/mochi_momo_,
a7bb915cc1a0474080d7dbf6d245daf4,upcoming,日常幹话台 【CN/EN】,2022-12-13T12:00:00Z,https://www.twitch.tv/tatsuya_rei,
6cd8cdc530d14e2d9d0a9cd20cb6b05c,upcoming,【隻狼：暗影雙死 #14】總感覺....會卡關惹?《Nanashi Yuki》#魚兒魚兒水中游,2022-12-13T12:30:00Z,https://www.youtube.com/watch?v=1fY-JKL7X8s,https://i.ytimg.com/vi/1fY-JKL7X8s/mqdefault_live.jpg
9272afe9ef72434082d9b5621857afd0,upcoming,【戀愛煩惱幫你解】愛情大要點？玉姐與貓姬若的戀愛細節 | 新式PK陪聊型Vtuber直播,2022-12-13T12:30:00Z,https://www.twitch.tv/gilma04,
4af53c3526f7435a8aac99f42dccb392,upcoming,固定開台,2022-12-13T13:00:00Z,https://www.twitch.tv/milo_lonewolf,
f44835c18dac441f910f4eb821ffd7ce,upcoming,只要得空就會開 時間還是比較不一定~,2022-12-13T13:00:00Z,https://www.twitch.tv/yukkiwee,
58e377df63f745fc8473368b20afe2ae,upcoming,程式直播（連動取代可能）,2022-12-13T13:30:00Z,https://www.twitch.tv/yuutatsubasa,
2e454f2b51c649cfa913dac2ebd9e470,upcoming,單排上分,2022-12-13T14:00:00Z,https://www.twitch.tv/klnpurple,
2af6cb0e15ce4839ba711b47608d4f4d,upcoming,【Art】畫畫,2022-12-13T14:00:00Z,https://www.twitch.tv/moyu_moyu,
662a78ad8e834664a4dbe127d8630647,upcoming,唱歌與聊天,2022-12-13T14:30:00Z,https://www.twitch.tv/hanavtuber,
db2f279f9960492082f3ae6ad20aca91,upcoming,【Tom Clancy's Rainbow Six: Siege】,2022-12-13T16:30:00Z,https://www.twitch.tv/suzumiya_siru,
c163cb7f683c453fa8a994ebbb09ede8,upcoming,【宇佐美みずき】-ERROR (cover),2022-12-13T23:30:00Z,https://www.youtube.com/watch?v=VZFHrJ33qXY,https://i.ytimg.com/vi/VZFHrJ33qXY/mqdefault.jpg
457ffaa09f6c4f3384cb06739b2f2f3d,upcoming,快樂練槍,2022-12-14T01:00:00Z,https://www.twitch.tv/christinllt5,
70d5f64a7e324d7584d7e5116d6dc5a2,upcoming,12/05-12/11 本週週表喲(❀❛ᴗ❛)✧,2022-12-14T02:00:00Z,https://www.youtube.com/watch?v=vrbDk9vl7S0,https://i.ytimg.com/vi/vrbDk9vl7S0/mqdefault_live.jpg
2d25a18a83af462a8d4062e162017a1a,upcoming,💡日本語自學中📚一緒に勉強しよヽ(‘ ∇‘ )ノ｜【霸王竜Vtuber】🦖咬錢竜エリカ🥩1207,2022-12-14T02:00:00Z,https://www.twitch.tv/erica220724,
2bd52c3a964541febb42782fd1f9fdba,upcoming,FPS喵 (ﾉ◕ヮ◕)ﾉ*:･ﾟ✧,2022-12-14T04:00:00Z,https://www.twitch.tv/jojo51113,
547aa467c2ce497e9d95c4a085effe0d,upcoming,會開,2022-12-14T05:00:00Z,https://www.twitch.tv/umimiowo,
803435ca691f43a4b02360926fee23d1,upcoming,,2022-12-14T06:00:00Z,https://www.twitch.tv/yukou_ouo,
5f9ded46df28474bbd1470d761700f30,upcoming,美妙的舞蹈大會 / Dance with Sakura!,2022-12-14T10:00:00Z,https://www.twitch.tv/fuyukisakura,
36f4fa8dbd7740c3ae5ac02b890fa502,upcoming,Vtuber養成計畫：人生放送中,2022-12-14T11:00:00Z,https://www.twitch.tv/dr1090a,
091ac99f10804fe3b417a0f285731b4e,upcoming,烏瑪咪x搽米無限系,2022-12-14T11:00:00Z,https://www.twitch.tv/umamixchami,
de81b740d66c439685aa37491d27efc4,upcoming,固定直播日,2022-12-14T11:30:00Z,https://www.twitch.tv/lmpaper,
526dd51b5abf4fdcaede0cfe80096186,upcoming,隨機突發雜談遊戲台,2022-12-14T11:30:00Z,https://www.twitch.tv/koooorikuma,
f513e865b8aa4afab938316563c4955f,upcoming," 艾爾登法會GOGO~今天想找神奇魔法跟主線第一個王。",2022-12-14T11:30:00Z,https://www.twitch.tv/riko_akuma,
aef2ed42d49343f28394b6335695b5ac,upcoming,,2022-12-14T11:30:00Z,https://www.twitch.tv/yuncream,
d8b5835bc6aa46119cc7ddd4447e780f,upcoming,這是魔法師【咘小星】每週召喚小精靈的固定時段⎝༼ ◕Д ◕ ༽⎠（如有變故以DC群為主）,2022-12-14T11:30:00Z,https://www.twitch.tv/ssstar_180,
228427b15b964f1396b5a7b5eb224a21,upcoming,Asteria配音時間，一起來聽劇本、閒聊吧！,2022-12-14T12:00:00Z,https://www.twitch.tv/asterialive0503,
9e3222bedec44f1a8fecdc237c020cbd,upcoming,Apex Legends 實況開始，集合！,2022-12-14T12:00:00Z,https://www.twitch.tv/winter4t2h,
6159040406fc4e6cb73dbf9734717703,upcoming,,2022-12-14T12:00:00Z,https://www.twitch.tv/drizzlingnight,
febd22ec0bec4ecdbcd383be8c2694c3,upcoming,會開台ㄛ,2022-12-14T12:00:00Z,https://www.twitch.tv/mochi_momo_,
a7bb915cc1a0474080d7dbf6d245daf4,upcoming,日常幹话台 【CN/EN】,2022-12-14T12:00:00Z,https://www.twitch.tv/tatsuya_rei,
554ca19c3d924cacac1f680675b9fdd2,upcoming,原神日常任務及聊天,2022-12-14T12:30:00Z,https://www.twitch.tv/yueyuhoshizora,
854282eb3f32406aa85dd53f14748228,upcoming,唱兔餅想唱的歌!,2022-12-14T12:30:00Z,https://www.twitch.tv/s17116222,
4af53c3526f7435a8aac99f42dccb392,upcoming,突發或休息,2022-12-14T13:00:00Z,https://www.twitch.tv/milo_lonewolf,
f88d85aeb79a429e9751db330f469df1,upcoming,鹿言鹿語,2022-12-14T13:00:00Z,https://www.twitch.tv/lunaluna2021,
837cc45c90974caa9f07699c3899fa7b,upcoming,雀魂,2022-12-14T13:00:00Z,https://www.twitch.tv/yoru_yn,
f44835c18dac441f910f4eb821ffd7ce,upcoming,只要得空就會開 時間還是比較不一定~,2022-12-14T13:00:00Z,https://www.twitch.tv/yukkiwee,
5356357f112b46db862b472a4aafcee8,upcoming,bRING POPCORN AND SEE ME SUFFER,2022-12-14T13:00:00Z,https://www.twitch.tv/kyunekoch,
26eba1f0fabf425aa5769e01e855ea28,upcoming,【CANT】RE: 違和感之上的違和 #7,2022-12-14T13:30:00Z,https://www.youtube.com/watch?v=6mqMgGxhvpw,https://i.ytimg.com/vi/6mqMgGxhvpw/mqdefault_live.jpg
2e454f2b51c649cfa913dac2ebd9e470,upcoming,練英,2022-12-14T14:00:00Z,https://www.twitch.tv/klnpurple,
3dda133703f64b019d7eea0c5cb55335,upcoming,,2022-12-15T00:30:00Z,https://www.twitch.tv/miamya0615,
457ffaa09f6c4f3384cb06739b2f2f3d,upcoming,畫畫,2022-12-15T01:00:00Z,https://www.twitch.tv/christinllt5,
c248ccba18664207aff22e8c270b18b9,upcoming,7/5 聊天+歌回,2022-12-15T02:00:00Z,https://www.twitch.tv/chu00213,
2bd52c3a964541febb42782fd1f9fdba,upcoming,FPS喵 (ﾉ◕ヮ◕)ﾉ*:･ﾟ✧,2022-12-15T04:00:00Z,https://www.twitch.tv/jojo51113,
547aa467c2ce497e9d95c4a085effe0d,upcoming,會開,2022-12-15T05:00:00Z,https://www.twitch.tv/umimiowo,
828ab4c66f5f43f298d237374a266b7e,upcoming,,2022-12-15T06:00:00Z,https://www.twitch.tv/0lilier0,
803435ca691f43a4b02360926fee23d1,upcoming,,2022-12-15T06:00:00Z,https://www.twitch.tv/yukou_ouo,
5f9ded46df28474bbd1470d761700f30,upcoming,玩玩遊戲，聊聊天 / Game and Chill 😈,2022-12-15T10:00:00Z,https://www.twitch.tv/fuyukisakura,
36f4fa8dbd7740c3ae5ac02b890fa502,upcoming,Vtuber養成計畫：人生放送中,2022-12-15T11:00:00Z,https://www.twitch.tv/dr1090a,
de81b740d66c439685aa37491d27efc4,upcoming,固定直播日,2022-12-15T11:30:00Z,https://www.twitch.tv/lmpaper,
aef2ed42d49343f28394b6335695b5ac,upcoming,,2022-12-15T11:30:00Z,https://www.twitch.tv/yuncream,
d8b5835bc6aa46119cc7ddd4447e780f,upcoming,這是魔法師【咘小星】每週召喚小精靈的固定時段⎝༼ ◕Д ◕ ༽⎠（如有變故以DC群為主）,2022-12-15T11:30:00Z,https://www.twitch.tv/ssstar_180,
090be1be8d29429183e190e22fc4be22,upcoming,試試看這ㄍ功能【Ness9s奈斯糖】,2022-12-15T12:00:00Z,https://www.twitch.tv/ness9s1222,
6d61885259b744a28c7b92c0785e8fe9,upcoming,,2022-12-15T12:00:00Z,https://www.twitch.tv/vegbao,
9e3222bedec44f1a8fecdc237c020cbd,upcoming,Apex Legends 實況開始，集合！,2022-12-15T12:00:00Z,https://www.twitch.tv/winter4t2h,
854282eb3f32406aa85dd53f14748228,upcoming,LOL 召喚峽谷,2022-12-15T12:00:00Z,https://www.twitch.tv/s17116222,
6159040406fc4e6cb73dbf9734717703,upcoming,,2022-12-15T12:00:00Z,https://www.twitch.tv/drizzlingnight,
febd22ec0bec4ecdbcd383be8c2694c3,upcoming,會開台ㄛ,2022-12-15T12:00:00Z,https://www.twitch.tv/mochi_momo_,
a7bb915cc1a0474080d7dbf6d245daf4,upcoming,日常幹话台 【CN/EN】,2022-12-15T12:00:00Z,https://www.twitch.tv/tatsuya_rei,
554ca19c3d924cacac1f680675b9fdd2,upcoming,原神日常任務及聊天,2022-12-15T12:30:00Z,https://www.twitch.tv/yueyuhoshizora,
4af53c3526f7435a8aac99f42dccb392,upcoming,固定開台,2022-12-15T13:00:00Z,https://www.twitch.tv/milo_lonewolf,
f88d85aeb79a429e9751db330f469df1,upcoming,鹿言鹿語,2022-12-15T13:00:00Z,https://www.twitch.tv/lunaluna2021,
048b1a247cbb4eaa985d7311dc651945,upcoming,【雜談】人生鬼故事聊天台,2022-12-15T13:00:00Z,https://www.twitch.tv/yiyue_maple,
837cc45c90974caa9f07699c3899fa7b,upcoming,未定,2022-12-15T13:00:00Z,https://www.twitch.tv/yoru_yn,
f44835c18dac441f910f4eb821ffd7ce,upcoming,只要得空就會開 時間還是比較不一定~,2022-12-15T13:00:00Z,https://www.twitch.tv/yukkiwee,
58e377df63f745fc8473368b20afe2ae,upcoming,遊戲或其他直播（連動取代可能）,2022-12-15T13:30:00Z,https://www.twitch.tv/yuutatsubasa,
0ad03ee6159c4d37a4feccbc49ba3dcf,upcoming,【Vtuber默夜】  我!沒有!沉迷!,2022-12-15T14:00:00Z,https://www.twitch.tv/mokuya987,
2e454f2b51c649cfa913dac2ebd9e470,upcoming,三排上分,2022-12-15T14:00:00Z,https://www.twitch.tv/klnpurple,
db2f279f9960492082f3ae6ad20aca91,upcoming,【CODE VEIN】,2022-12-15T16:30:00Z,https://www.twitch.tv/suzumiya_siru,
3dda133703f64b019d7eea0c5cb55335,upcoming,,2022-12-16T00:30:00Z,https://www.twitch.tv/miamya0615,
d407b30c72a841bd82af1f5cc8ec0667,upcoming,主委泡茶間 邀請不同類型的來賓來對談，主題依當周來賓性質而定,2022-12-16T01:00:00Z,https://www.twitch.tv/chiveswang_llt5,
2bd52c3a964541febb42782fd1f9fdba,upcoming,FPS喵 (ﾉ◕ヮ◕)ﾉ*:･ﾟ✧,2022-12-16T04:00:00Z,https://www.twitch.tv/jojo51113,
c29bc8bf78dd417980491f19333c8fa2,upcoming,工作雜談,2022-12-16T04:00:00Z,https://www.twitch.tv/muling0606,
2d25a18a83af462a8d4062e162017a1a,upcoming,💡日本語自學中📚一緒に勉強しよヽ(‘ ∇‘ )ノ｜【霸王竜Vtuber】🦖咬錢竜エリカ🥩1209,2022-12-16T04:00:00Z,https://www.twitch.tv/erica220724,
547aa467c2ce497e9d95c4a085effe0d,upcoming,會開,2022-12-16T05:00:00Z,https://www.twitch.tv/umimiowo,
50ec735272014b1b996ee80a8df4671a,upcoming,"Some games, i dunno yet!",2022-12-16T05:00:00Z,https://www.twitch.tv/azuusaru,
803435ca691f43a4b02360926fee23d1,upcoming,,2022-12-16T06:00:00Z,https://www.twitch.tv/yukou_ouo,
db2f279f9960492082f3ae6ad20aca91,upcoming,【Tom Clancy's Rainbow Six: Siege】,2022-12-16T08:30:00Z,https://www.twitch.tv/suzumiya_siru,
36f4fa8dbd7740c3ae5ac02b890fa502,upcoming,Vtuber養成計畫：人生放送中,2022-12-16T11:00:00Z,https://www.twitch.tv/dr1090a,
526dd51b5abf4fdcaede0cfe80096186,upcoming," 隨機突發雜談遊戲台",2022-12-16T11:30:00Z,https://www.twitch.tv/koooorikuma,
aef2ed42d49343f28394b6335695b5ac,upcoming,,2022-12-16T11:30:00Z,https://www.twitch.tv/yuncream,
d8b5835bc6aa46119cc7ddd4447e780f,upcoming,這是魔法師【咘小星】每週召喚小精靈的固定時段⎝༼ ◕Д ◕ ༽⎠（如有變故以DC群為主）,2022-12-16T11:30:00Z,https://www.twitch.tv/ssstar_180,
4efffd7632e94c9faad30a543c3e1150,upcoming,,2022-12-16T11:30:00Z,https://www.twitch.tv/aveza_manon,
de81b740d66c439685aa37491d27efc4,upcoming,觀眾同樂會,2022-12-16T12:00:00Z,https://www.twitch.tv/lmpaper,
6d61885259b744a28c7b92c0785e8fe9,upcoming,,2022-12-16T12:00:00Z,https://www.twitch.tv/vegbao,
9e3222bedec44f1a8fecdc237c020cbd,upcoming,Apex Legends 實況開始，集合！,2022-12-16T12:00:00Z,https://www.twitch.tv/winter4t2h,
091ac99f10804fe3b417a0f285731b4e,upcoming,咪米黑白講,2022-12-16T12:00:00Z,https://www.twitch.tv/umamixchami,
6159040406fc4e6cb73dbf9734717703,upcoming,,2022-12-16T12:00:00Z,https://www.twitch.tv/drizzlingnight,
febd22ec0bec4ecdbcd383be8c2694c3,upcoming,會開台ㄛ,2022-12-16T12:00:00Z,https://www.twitch.tv/mochi_momo_,
a7bb915cc1a0474080d7dbf6d245daf4,upcoming,日常幹话台 【CN/EN】,2022-12-16T12:00:00Z,https://www.twitch.tv/tatsuya_rei,
993abf9d9dd84cccae3b8cbba00df320,upcoming,【有獎投稿募集】準備去旅行！希望你地推薦景點比我！  【白石幽怜 HKVtuber】,2022-12-16T12:00:08Z,https://www.youtube.com/watch?v=2slvHUvz3y4,https://i.ytimg.com/vi/2slvHUvz3y4/mqdefault_live.jpg
554ca19c3d924cacac1f680675b9fdd2,upcoming,原神日常任務及聊天,2022-12-16T12:30:00Z,https://www.twitch.tv/yueyuhoshizora,
645fc774332a469ebd03f1a822ebe2be,upcoming,【新形象公開】果然還是訂造專屬自己的身體最舒服～！【紡霊拉比/香港VTuber】,2022-12-16T13:00:00Z,https://www.youtube.com/watch?v=nJ2Wt6Qzs9g,https://i.ytimg.com/vi/nJ2Wt6Qzs9g/mqdefault_live.jpg
4af53c3526f7435a8aac99f42dccb392,upcoming,固定開台,2022-12-16T13:00:00Z,https://www.twitch.tv/milo_lonewolf,
f88d85aeb79a429e9751db330f469df1,upcoming,DBD殺鹿日,2022-12-16T13:00:00Z,https://www.twitch.tv/lunaluna2021,
f44835c18dac441f910f4eb821ffd7ce,upcoming,只要得空就會開 時間還是比較不一定~,2022-12-16T13:00:00Z,https://www.twitch.tv/yukkiwee,
e9c48535f2af4f638e5a4c54ffa7862c,upcoming,【アイカツ！歌枠】熱情洋溢令人達成夢想！偶像活動歌回 ＃１【葵鼠太郎 / HKVtuber】,2022-12-16T13:30:00Z,https://www.youtube.com/watch?v=L2GrXLBpDWs,https://i.ytimg.com/vi/L2GrXLBpDWs/mqdefault_live.jpg
2e454f2b51c649cfa913dac2ebd9e470,upcoming,單排/三排上分,2022-12-16T14:00:00Z,https://www.twitch.tv/klnpurple,
c248ccba18664207aff22e8c270b18b9,upcoming,7/6~麻將大師水友賽!,2022-12-16T14:00:00Z,https://www.twitch.tv/chu00213,
2af6cb0e15ce4839ba711b47608d4f4d,upcoming,【Art】畫畫,2022-12-16T14:00:00Z,https://www.twitch.tv/moyu_moyu,
854282eb3f32406aa85dd53f14748228,upcoming,晚安歌台,2022-12-16T14:30:00Z,https://www.twitch.tv/s17116222,
662a78ad8e834664a4dbe127d8630647,upcoming,遊戲(OW2),2022-12-16T14:30:00Z,https://www.twitch.tv/hanavtuber,
2d25a18a83af462a8d4062e162017a1a,upcoming,雑談｜深夜竜談🥃Talk to me~A Drink｜【霸王竜Vtuber】🦖咬錢竜エリカ🥩,2022-12-16T15:00:00Z,https://www.twitch.tv/erica220724,
f6a4e7aa8d0c4e5cb39d199845ec4d02,upcoming,APEX特化,2022-12-16T17:00:00Z,https://www.twitch.tv/vtuber_amiru,
1937fa889b474d339713d1117f435018,upcoming,早安台,2022-12-16T23:00:00Z,https://www.twitch.tv/vtalisa,
3dda133703f64b019d7eea0c5cb55335,upcoming,,2022-12-17T00:30:00Z,https://www.twitch.tv/miamya0615,
c29bc8bf78dd417980491f19333c8fa2,upcoming,工作雜談,2022-12-17T04:00:00Z,https://www.twitch.tv/muling0606,
cef544ae38ec4c03ad337e68e2d885f4,upcoming,Apex or osu chat,2022-12-17T04:00:00Z,https://www.twitch.tv/ilzenkion1,
526dd51b5abf4fdcaede0cfe80096186,upcoming,固定雜談Osu練習台,2022-12-17T04:30:00Z,https://www.twitch.tv/koooorikuma,
1937fa889b474d339713d1117f435018,upcoming,海上生存漂流記 ft.立穎/薰草/莉芙,2022-12-17T06:00:00Z,https://www.twitch.tv/vtalisa,
6159040406fc4e6cb73dbf9734717703,upcoming,,2022-12-17T06:00:00Z,https://www.twitch.tv/drizzlingnight,
b10149a2a1ee4ffcbf1dacb1b1722f9f,upcoming,EYE / 亞姆Yum (cover),2022-12-17T07:00:00Z,https://www.youtube.com/watch?v=SOu9nGRGn7Y,https://i.ytimg.com/vi/SOu9nGRGn7Y/mqdefault.jpg
575d15d21f7240e1ad72935bf7fa0465,upcoming,🍡【2.5披露目】新??發表｜嶄新2.5初次見面 ♡ 特別為了生日party打扮的新造型！喜歡嗎 ♡ 【夏羽由里/Vtuber】,2022-12-17T08:00:00Z,https://www.youtube.com/watch?v=68-sYbbDZBQ,https://i.ytimg.com/vi/68-sYbbDZBQ/mqdefault_live.jpg
80ea9b92d31c48b8b2cf2ca5bacc2a08,upcoming,粵國 接受投稿中【 匿名投稿雜談 # 4】 | 零肆04 Ch.,2022-12-17T11:00:00Z,https://www.youtube.com/watch?v=d1EqKjVsX98,https://i.ytimg.com/vi/d1EqKjVsX98/mqdefault_live.jpg
aef2ed42d49343f28394b6335695b5ac,upcoming,,2022-12-17T11:30:00Z,https://www.twitch.tv/yuncream,
de81b740d66c439685aa37491d27efc4,upcoming,固定直播日,2022-12-17T12:00:00Z,https://www.twitch.tv/lmpaper,
fa3bc2669fe041dfaa0765278ffd6330,upcoming,⭐又是和妹子一起待在木舟上的生存啦~~ #raft,2022-12-17T12:00:00Z,https://www.twitch.tv/hoshinokawanao,
1937fa889b474d339713d1117f435018,upcoming,胚車~觀眾可參加  ft.采彩,2022-12-17T12:00:00Z,https://www.twitch.tv/vtalisa,
9e3222bedec44f1a8fecdc237c020cbd,upcoming,Apex Legends 實況開始，集合！,2022-12-17T12:00:00Z,https://www.twitch.tv/winter4t2h,
febd22ec0bec4ecdbcd383be8c2694c3,upcoming,會開台ㄛ,2022-12-17T12:00:00Z,https://www.twitch.tv/mochi_momo_,
a7bb915cc1a0474080d7dbf6d245daf4,upcoming,日常幹话台 【CN/EN】,2022-12-17T12:00:00Z,https://www.twitch.tv/tatsuya_rei,
5535c9524eb046c38e172ebfa06b302f,upcoming,,2022-12-17T13:00:00Z,https://www.twitch.tv/ruroroisme,
4af53c3526f7435a8aac99f42dccb392,upcoming,固定開台,2022-12-17T13:00:00Z,https://www.twitch.tv/milo_lonewolf,
f44835c18dac441f910f4eb821ffd7ce,upcoming,只要得空就會開 時間還是比較不一定~,2022-12-17T13:00:00Z,https://www.twitch.tv/yukkiwee,
58e377df63f745fc8473368b20afe2ae,upcoming,雜談或歌回直播（連動取代可能）,2022-12-17T13:30:00Z,https://www.twitch.tv/yuutatsubasa,
f88d85aeb79a429e9751db330f469df1,upcoming,鹿言鹿語,2022-12-17T13:30:00Z,https://www.twitch.tv/lunaluna2021,
64dc8c2de5de4c43906e515ec03f79c6,upcoming,【遊欺王子開講】聽過電愛，有聽過文愛嗎？文援姬還可以賺錢？！文愛怎麼玩，一起來玩？！,2022-12-17T14:00:00Z,https://www.youtube.com/watch?v=pWGGPFWU6-U,https://i.ytimg.com/vi/pWGGPFWU6-U/mqdefault_live.jpg
2e454f2b51c649cfa913dac2ebd9e470,upcoming,練英和單排上分,2022-12-17T14:00:00Z,https://www.twitch.tv/klnpurple,
c248ccba18664207aff22e8c270b18b9,upcoming,7/7~LOL水友賽~,2022-12-17T14:00:00Z,https://www.twitch.tv/chu00213,
f9d27b07ff84433b8397b0587f339e27,upcoming,,2022-12-17T14:00:00Z,https://www.twitch.tv/singgggg0610,
662a78ad8e834664a4dbe127d8630647,upcoming,遊戲(Apex ),2022-12-17T14:30:00Z,https://www.twitch.tv/hanavtuber,
34973abcef4e41b29add2b476ce0a7fb,upcoming,"今日感謝瑾瑜邀請到幼幼相見歡進行雜談,對於自己休息一個月後歸來看到自己的情況...,只能說百感交集",2022-12-17T16:00:00Z,https://www.twitch.tv/sweetcat_10450077,
1937fa889b474d339713d1117f435018,upcoming,早安台,2022-12-17T23:00:00Z,https://www.twitch.tv/vtalisa,
2af6cb0e15ce4839ba711b47608d4f4d,upcoming,,2022-12-18T01:00:00Z,https://www.twitch.tv/moyu_moyu,
aa9fa329d639488dbb860b8f8b3235f8,upcoming,,2022-12-18T01:17:00Z,https://www.twitch.tv/rie_miyasaka,
c29bc8bf78dd417980491f19333c8fa2,upcoming,工作雜談,2022-12-18T04:00:00Z,https://www.twitch.tv/muling0606,
0e136a936a574815a311e6e801ce3ca6,upcoming,【松鼠講堂】EP4.聊完陰陽了，現在我們進到五行,2022-12-18T06:00:00Z,https://www.youtube.com/watch?v=e0eB9ug4Y6o,https://i.ytimg.com/vi/e0eB9ug4Y6o/mqdefault_live.jpg
526dd51b5abf4fdcaede0cfe80096186,upcoming,固定雜談遊戲台,2022-12-18T06:30:00Z,https://www.twitch.tv/koooorikuma,
5f9ded46df28474bbd1470d761700f30,upcoming,美妙的舞蹈大會 / Dance with Sakura!,2022-12-18T09:00:00Z,https://www.twitch.tv/fuyukisakura,
5535c9524eb046c38e172ebfa06b302f,upcoming,,2022-12-18T11:00:00Z,https://www.twitch.tv/ruroroisme,
fa3bc2669fe041dfaa0765278ffd6330,upcoming,【#史萊姆農場】又到了史萊姆餵食時間啦 阿姆阿姆 【#Mirolive/🤍#星之川倷緒🤍】【#NAO】,2022-12-18T12:00:00Z,https://www.twitch.tv/hoshinokawanao,
6d61885259b744a28c7b92c0785e8fe9,upcoming,,2022-12-18T12:00:00Z,https://www.twitch.tv/vegbao,
49393dd4bc284768852b0d4f9bba2ec8,upcoming,【AmongUS】首次登船能不被爆打嗎！？#珍奶茗璐ft.豪多人,2022-12-18T12:00:00Z,https://www.twitch.tv/tapiokalop,
837cc45c90974caa9f07699c3899fa7b,upcoming,未定,2022-12-18T12:00:00Z,https://www.twitch.tv/yoru_yn,
febd22ec0bec4ecdbcd383be8c2694c3,upcoming,會開台ㄛ,2022-12-18T12:00:00Z,https://www.twitch.tv/mochi_momo_,
57843e9c870647729c2438a7a7077008,upcoming,集合吧～歌回的時間到了哦～,2022-12-18T12:00:00Z,https://www.twitch.tv/ainohikaru,
a7bb915cc1a0474080d7dbf6d245daf4,upcoming,日常幹话台 【CN/EN】,2022-12-18T12:00:00Z,https://www.twitch.tv/tatsuya_rei,
b57162e62056494d85f1743abdbad648,upcoming,初見安安，這是全新的艾瑞兒！【2.0初配信】,2022-12-18T12:30:00Z,https://www.youtube.com/watch?v=dEt2AG4neOk,https://i.ytimg.com/vi/dEt2AG4neOk/mqdefault_live.jpg
a0467c81a3014fbf83029acffe5b1d3f,upcoming,每週例行麻將大會！歡迎觀眾參加,2022-12-18T12:30:00Z,https://www.twitch.tv/hlinak9527,
8db6aab32c8e45c8a70d0850bfcd3e5c,upcoming,【Minecraft】週日三毛會員伺服器，即刻開始同樂,2022-12-18T13:00:00Z,https://www.twitch.tv/da_ton_brother,
c248ccba18664207aff22e8c270b18b9,upcoming,7/8~APEX直播,2022-12-18T14:00:00Z,https://www.twitch.tv/chu00213,
f9d27b07ff84433b8397b0587f339e27,upcoming,,2022-12-18T15:30:00Z,https://www.twitch.tv/singgggg0610,
823311ac8226476e8d1e323f536bf8b1,upcoming,下午14:00~17:30在主委的V曲龍虎榜 深夜雜談做週表~~,2022-12-18T17:30:00Z,https://www.twitch.tv/kujosenko,
3dda133703f64b019d7eea0c5cb55335,upcoming,,2022-12-19T00:30:00Z,https://www.twitch.tv/miamya0615,
2bd52c3a964541febb42782fd1f9fdba,upcoming,FPS喵 (ﾉ◕ヮ◕)ﾉ*:･ﾟ✧,2022-12-19T04:00:00Z,https://www.twitch.tv/jojo51113,
547aa467c2ce497e9d95c4a085effe0d,upcoming,會開,2022-12-19T05:00:00Z,https://www.twitch.tv/umimiowo,
50ec735272014b1b996ee80a8df4671a,upcoming,"Some games, I dunno yet!",2022-12-19T05:00:00Z,https://www.twitch.tv/azuusaru,
828ab4c66f5f43f298d237374a266b7e,upcoming,,2022-12-19T06:00:00Z,https://www.twitch.tv/0lilier0,
803435ca691f43a4b02360926fee23d1,upcoming,,2022-12-19T06:00:00Z,https://www.twitch.tv/yukou_ouo,
5f9ded46df28474bbd1470d761700f30,upcoming,一周開始的運動 / Boot up the week with Exercise 😈,2022-12-19T10:00:00Z,https://www.twitch.tv/fuyukisakura,
091ac99f10804fe3b417a0f285731b4e,upcoming,瑪搽瘋遊戲,2022-12-19T11:00:00Z,https://www.twitch.tv/umamixchami,
de81b740d66c439685aa37491d27efc4,upcoming,固定直播日,2022-12-19T11:30:00Z,https://www.twitch.tv/lmpaper,
526dd51b5abf4fdcaede0cfe80096186,upcoming,隨機突發雜談遊戲台,2022-12-19T11:30:00Z,https://www.twitch.tv/koooorikuma,
d8b5835bc6aa46119cc7ddd4447e780f,upcoming,這是魔法師【咘小星】每週召喚小精靈的固定時段⎝༼ ◕Д ◕ ༽⎠（如有變故以DC群為主）,2022-12-19T11:30:00Z,https://www.twitch.tv/ssstar_180,
6d61885259b744a28c7b92c0785e8fe9,upcoming,,2022-12-19T12:00:00Z,https://www.twitch.tv/vegbao,
57843e9c870647729c2438a7a7077008,upcoming,集合吧～歌回的時間到了哦～,2022-12-19T12:00:00Z,https://www.twitch.tv/ainohikaru,
554ca19c3d924cacac1f680675b9fdd2,upcoming,原神日常任務及聊天,2022-12-19T12:30:00Z,https://www.twitch.tv/yueyuhoshizora,
854282eb3f32406aa85dd53f14748228,upcoming,歌台!,2022-12-19T12:30:00Z,https://www.twitch.tv/s17116222,
4af53c3526f7435a8aac99f42dccb392,upcoming,固定開台,2022-12-19T13:00:00Z,https://www.twitch.tv/milo_lonewolf,
58e377df63f745fc8473368b20afe2ae,upcoming,遊戲直播,2022-12-19T13:30:00Z,https://www.twitch.tv/yuutatsubasa,
c248ccba18664207aff22e8c270b18b9,upcoming,6/27~邊打麻將邊閒聊~,2022-12-19T14:00:00Z,https://www.twitch.tv/chu00213,
50ec735272014b1b996ee80a8df4671a,upcoming,"Some games, I dunno yet!",2022-12-20T00:00:00Z,https://www.twitch.tv/azuusaru,
3dda133703f64b019d7eea0c5cb55335,upcoming,,2022-12-20T00:30:00Z,https://www.twitch.tv/miamya0615,
d407b30c72a841bd82af1f5cc8ec0667,upcoming,台V好聲音 - 介紹你可能不知道的台灣 VTuber 們，從美妙歌聲到獨特個性，不知道從何˙看起的最佳入門選擇,2022-12-20T01:00:00Z,https://www.twitch.tv/chiveswang_llt5,
457ffaa09f6c4f3384cb06739b2f2f3d,upcoming,練練槍,2022-12-20T01:00:00Z,https://www.twitch.tv/christinllt5,
2bd52c3a964541febb42782fd1f9fdba,upcoming,FPS喵 (ﾉ◕ヮ◕)ﾉ*:･ﾟ✧,2022-12-20T04:00:00Z,https://www.twitch.tv/jojo51113,
2d25a18a83af462a8d4062e162017a1a,upcoming,Dont Starve Together飢荒聯機版｜【霸王竜Vtuber】🦖咬錢竜エリカ🥩EP2,2022-12-20T04:00:00Z,https://www.twitch.tv/erica220724,
547aa467c2ce497e9d95c4a085effe0d,upcoming,會開,2022-12-20T05:00:00Z,https://www.twitch.tv/umimiowo,
803435ca691f43a4b02360926fee23d1,upcoming,,2022-12-20T06:00:00Z,https://www.twitch.tv/yukou_ouo,
5f9ded46df28474bbd1470d761700f30,upcoming,玩玩遊戲，聊聊天 / Game and Chill 😈,2022-12-20T10:00:00Z,https://www.twitch.tv/fuyukisakura,
2d25a18a83af462a8d4062e162017a1a,upcoming,Dont Starve Together飢荒聯機版｜【霸王竜Vtuber】🦖咬錢竜エリカ🥩EP3,2022-12-20T10:00:00Z,https://www.twitch.tv/erica220724,
d8b5835bc6aa46119cc7ddd4447e780f,upcoming,這是魔法師【咘小星】每週召喚小精靈的固定時段⎝༼ ◕Д ◕ ༽⎠（如有變故以DC群為主）,2022-12-20T11:30:00Z,https://www.twitch.tv/ssstar_180,
6d61885259b744a28c7b92c0785e8fe9,upcoming,,2022-12-20T12:00:00Z,https://www.twitch.tv/vegbao,
e41bf48a09d64e4aa3d96064a9a63b08,upcoming,【魔物獵人:崛起】魔物獵人PC打起來٩(◦`꒳´◦)۶自由參加場,2022-12-20T12:00:00Z,https://www.twitch.tv/azuchiron,
9272afe9ef72434082d9b5621857afd0,upcoming,【戀愛煩惱幫你解】愛情大要點？玉姐與貓姬若的戀愛細節 | 新式PK陪聊型Vtuber直播,2022-12-20T12:30:00Z,https://www.twitch.tv/gilma04,
c632ca39debc44bda6b8378c6a080997,upcoming,【重要通知】是沒錯，就是你想的重要通知,2022-12-20T13:30:00Z,https://www.youtube.com/watch?v=RiqCSjH_x7c,https://i.ytimg.com/vi/RiqCSjH_x7c/mqdefault_live.jpg
58e377df63f745fc8473368b20afe2ae,upcoming,程式直播（連動取代可能）,2022-12-20T13:30:00Z,https://www.twitch.tv/yuutatsubasa,
2af6cb0e15ce4839ba711b47608d4f4d,upcoming,【Art】畫畫,2022-12-20T14:00:00Z,https://www.twitch.tv/moyu_moyu,
662a78ad8e834664a4dbe127d8630647,upcoming,唱歌與聊天,2022-12-20T14:30:00Z,https://www.twitch.tv/hanavtuber,
457ffaa09f6c4f3384cb06739b2f2f3d,upcoming,快樂練槍,2022-12-21T01:00:00Z,https://www.twitch.tv/christinllt5,
2d25a18a83af462a8d4062e162017a1a,upcoming,💡日本語自學中📚一緒に勉強しよヽ(‘ ∇‘ )ノ｜【霸王竜Vtuber】🦖咬錢竜エリカ🥩1207,2022-12-21T02:00:00Z,https://www.twitch.tv/erica220724,
2bd52c3a964541febb42782fd1f9fdba,upcoming,FPS喵 (ﾉ◕ヮ◕)ﾉ*:･ﾟ✧,2022-12-21T04:00:00Z,https://www.twitch.tv/jojo51113,
547aa467c2ce497e9d95c4a085effe0d,upcoming,會開,2022-12-21T05:00:00Z,https://www.twitch.tv/umimiowo,
803435ca691f43a4b02360926fee23d1,upcoming,,2022-12-21T06:00:00Z,https://www.twitch.tv/yukou_ouo,
5f9ded46df28474bbd1470d761700f30,upcoming,美妙的舞蹈大會 / Dance with Sakura!,2022-12-21T10:00:00Z,https://www.twitch.tv/fuyukisakura,
091ac99f10804fe3b417a0f285731b4e,upcoming,烏瑪咪x搽米無限系,2022-12-21T11:00:00Z,https://www.twitch.tv/umamixchami,
526dd51b5abf4fdcaede0cfe80096186,upcoming,隨機突發雜談遊戲台,2022-12-21T11:30:00Z,https://www.twitch.tv/koooorikuma,
f513e865b8aa4afab938316563c4955f,upcoming," 艾爾登法會GOGO~今天想找神奇魔法跟主線第一個王。",2022-12-21T11:30:00Z,https://www.twitch.tv/riko_akuma,
d8b5835bc6aa46119cc7ddd4447e780f,upcoming,這是魔法師【咘小星】每週召喚小精靈的固定時段⎝༼ ◕Д ◕ ༽⎠（如有變故以DC群為主）,2022-12-21T11:30:00Z,https://www.twitch.tv/ssstar_180,
228427b15b964f1396b5a7b5eb224a21,upcoming,Asteria配音時間，一起來聽劇本、閒聊吧！,2022-12-21T12:00:00Z,https://www.twitch.tv/asterialive0503,
554ca19c3d924cacac1f680675b9fdd2,upcoming,原神日常任務及聊天,2022-12-21T12:30:00Z,https://www.twitch.tv/yueyuhoshizora,
854282eb3f32406aa85dd53f14748228,upcoming,唱兔餅想唱的歌!,2022-12-21T12:30:00Z,https://www.twitch.tv/s17116222,
f88d85aeb79a429e9751db330f469df1,upcoming,鹿言鹿語,2022-12-21T13:00:00Z,https://www.twitch.tv/lunaluna2021,
837cc45c90974caa9f07699c3899fa7b,upcoming,雀魂,2022-12-21T13:00:00Z,https://www.twitch.tv/yoru_yn,
5356357f112b46db862b472a4aafcee8,upcoming,bRING POPCORN AND SEE ME SUFFER,2022-12-21T13:00:00Z,https://www.twitch.tv/kyunekoch,
7d6e0693d6f5427a8d392972b6196ea8,upcoming,【2.0新衣裝】coming soon...ᕱ♕ᕱ【兔兔夢話】,2022-12-21T15:59:00Z,https://www.youtube.com/watch?v=5xN4oBbykuo,https://i.ytimg.com/vi/5xN4oBbykuo/mqdefault_live.jpg
3dda133703f64b019d7eea0c5cb55335,upcoming,,2022-12-22T00:30:00Z,https://www.twitch.tv/miamya0615,
457ffaa09f6c4f3384cb06739b2f2f3d,upcoming,畫畫,2022-12-22T01:00:00Z,https://www.twitch.tv/christinllt5,
2bd52c3a964541febb42782fd1f9fdba,upcoming,FPS喵 (ﾉ◕ヮ◕)ﾉ*:･ﾟ✧,2022-12-22T04:00:00Z,https://www.twitch.tv/jojo51113,
547aa467c2ce497e9d95c4a085effe0d,upcoming,會開,2022-12-22T05:00:00Z,https://www.twitch.tv/umimiowo,
828ab4c66f5f43f298d237374a266b7e,upcoming,,2022-12-22T06:00:00Z,https://www.twitch.tv/0lilier0,
803435ca691f43a4b02360926fee23d1,upcoming,,2022-12-22T06:00:00Z,https://www.twitch.tv/yukou_ouo,
090be1be8d29429183e190e22fc4be22,upcoming,試試看這ㄍ功能【Ness9s奈斯糖】,2022-12-22T12:00:00Z,https://www.twitch.tv/ness9s1222,
854282eb3f32406aa85dd53f14748228,upcoming,LOL 召喚峽谷,2022-12-22T12:00:00Z,https://www.twitch.tv/s17116222,
554ca19c3d924cacac1f680675b9fdd2,upcoming,原神日常任務及聊天,2022-12-22T12:30:00Z,https://www.twitch.tv/yueyuhoshizora,
f88d85aeb79a429e9751db330f469df1,upcoming,鹿言鹿語,2022-12-22T13:00:00Z,https://www.twitch.tv/lunaluna2021,
048b1a247cbb4eaa985d7311dc651945,upcoming,【雜談】人生鬼故事聊天台,2022-12-22T13:00:00Z,https://www.twitch.tv/yiyue_maple,
837cc45c90974caa9f07699c3899fa7b,upcoming,未定,2022-12-22T13:00:00Z,https://www.twitch.tv/yoru_yn,
58e377df63f745fc8473368b20afe2ae,upcoming,遊戲或其他直播（連動取代可能）,2022-12-22T13:30:00Z,https://www.twitch.tv/yuutatsubasa,
0ad03ee6159c4d37a4feccbc49ba3dcf,upcoming,【Vtuber默夜】  我!沒有!沉迷!,2022-12-22T14:00:00Z,https://www.twitch.tv/mokuya987,
d407b30c72a841bd82af1f5cc8ec0667,upcoming,主委泡茶間 邀請不同類型的來賓來對談，主題依當周來賓性質而定,2022-12-23T01:00:00Z,https://www.twitch.tv/chiveswang_llt5,
c29bc8bf78dd417980491f19333c8fa2,upcoming,工作雜談,2022-12-23T04:00:00Z,https://www.twitch.tv/muling0606,
50ec735272014b1b996ee80a8df4671a,upcoming,"Some games, i dunno yet!",2022-12-23T05:00:00Z,https://www.twitch.tv/azuusaru,
4efffd7632e94c9faad30a543c3e1150,upcoming,,2022-12-23T11:30:00Z,https://www.twitch.tv/aveza_manon,
091ac99f10804fe3b417a0f285731b4e,upcoming,咪米黑白講,2022-12-23T12:00:00Z,https://www.twitch.tv/umamixchami,
554ca19c3d924cacac1f680675b9fdd2,upcoming,原神日常任務及聊天,2022-12-23T12:30:00Z,https://www.twitch.tv/yueyuhoshizora,
f88d85aeb79a429e9751db330f469df1,upcoming,DBD殺鹿日,2022-12-23T13:00:00Z,https://www.twitch.tv/lunaluna2021,
993abf9d9dd84cccae3b8cbba00df320,upcoming,【聖誕報佳音】來唱充滿聖誕氣氛的歌吧！ 【白石幽怜 HKVtuber】,2022-12-23T13:00:08Z,https://www.youtube.com/watch?v=Qln6jwg7-cc,https://i.ytimg.com/vi/Qln6jwg7-cc/mqdefault_live.jpg
2af6cb0e15ce4839ba711b47608d4f4d,upcoming,【Art】畫畫,2022-12-23T14:00:00Z,https://www.twitch.tv/moyu_moyu,
662a78ad8e834664a4dbe127d8630647,upcoming,遊戲(OW2),2022-12-23T14:30:00Z,https://www.twitch.tv/hanavtuber,
7b578956fab14341919193c03ca3ab32,upcoming,"【2.0 + 生日會】久等了,終於萬事屋的新面孔要出現了【#萬事屋出差中】",2022-12-23T16:00:00Z,https://www.youtube.com/watch?v=utZzamUBsXo,https://i.ytimg.com/vi/utZzamUBsXo/mqdefault_live.jpg
f6a4e7aa8d0c4e5cb39d199845ec4d02,upcoming,APEX特化,2022-12-23T17:00:00Z,https://www.twitch.tv/vtuber_amiru,
1937fa889b474d339713d1117f435018,upcoming,早安台,2022-12-23T23:00:00Z,https://www.twitch.tv/vtalisa,
c29bc8bf78dd417980491f19333c8fa2,upcoming,工作雜談,2022-12-24T04:00:00Z,https://www.twitch.tv/muling0606,
cef544ae38ec4c03ad337e68e2d885f4,upcoming,Apex or osu chat,2022-12-24T04:00:00Z,https://www.twitch.tv/ilzenkion1,
1937fa889b474d339713d1117f435018,upcoming,海上生存漂流記 ft.立穎/薰草/莉芙,2022-12-24T06:00:00Z,https://www.twitch.tv/vtalisa,
c01af5d5f9b74ac29b51dcae0dc55a2d,upcoming,? ? ?,2022-12-24T12:00:00Z,https://www.youtube.com/watch?v=ib3E7dzQhss,https://i.ytimg.com/vi/ib3E7dzQhss/mqdefault_live.jpg
fa3bc2669fe041dfaa0765278ffd6330,upcoming,⭐又是和妹子一起待在木舟上的生存啦~~ #raft,2022-12-24T12:00:00Z,https://www.twitch.tv/hoshinokawanao,
5535c9524eb046c38e172ebfa06b302f,upcoming,,2022-12-24T13:00:00Z,https://www.twitch.tv/ruroroisme,
58e377df63f745fc8473368b20afe2ae,upcoming,雜談或歌回直播（連動取代可能）,2022-12-24T13:30:00Z,https://www.twitch.tv/yuutatsubasa,
f9d27b07ff84433b8397b0587f339e27,upcoming,,2022-12-24T14:00:00Z,https://www.twitch.tv/singgggg0610,
662a78ad8e834664a4dbe127d8630647,upcoming,遊戲(Apex ),2022-12-24T14:30:00Z,https://www.twitch.tv/hanavtuber,
34973abcef4e41b29add2b476ce0a7fb,upcoming,"今日感謝瑾瑜邀請到幼幼相見歡進行雜談,對於自己休息一個月後歸來看到自己的情況...,只能說百感交集",2022-12-24T16:00:00Z,https://www.twitch.tv/sweetcat_10450077,
2af6cb0e15ce4839ba711b47608d4f4d,upcoming,,2022-12-25T01:00:00Z,https://www.twitch.tv/moyu_moyu,
aa9fa329d639488dbb860b8f8b3235f8,upcoming,,2022-12-25T01:17:00Z,https://www.twitch.tv/rie_miyasaka,
c29bc8bf78dd417980491f19333c8fa2,upcoming,工作雜談,2022-12-25T04:00:00Z,https://www.twitch.tv/muling0606,
5535c9524eb046c38e172ebfa06b302f,upcoming,,2022-12-25T11:00:00Z,https://www.twitch.tv/ruroroisme,
fa3bc2669fe041dfaa0765278ffd6330,upcoming,【#史萊姆農場】又到了史萊姆餵食時間啦 阿姆阿姆 【#Mirolive/🤍#星之川倷緒🤍】【#NAO】,2022-12-25T12:00:00Z,https://www.twitch.tv/hoshinokawanao,
49393dd4bc284768852b0d4f9bba2ec8,upcoming,【AmongUS】首次登船能不被爆打嗎！？#珍奶茗璐ft.豪多人,2022-12-25T12:00:00Z,https://www.twitch.tv/tapiokalop,
837cc45c90974caa9f07699c3899fa7b,upcoming,未定,2022-12-25T12:00:00Z,https://www.twitch.tv/yoru_yn,
57843e9c870647729c2438a7a7077008,upcoming,集合吧～歌回的時間到了哦～,2022-12-25T12:00:00Z,https://www.twitch.tv/ainohikaru,
a0467c81a3014fbf83029acffe5b1d3f,upcoming,每週例行麻將大會！歡迎觀眾參加,2022-12-25T12:30:00Z,https://www.twitch.tv/hlinak9527,
8db6aab32c8e45c8a70d0850bfcd3e5c,upcoming,【Minecraft】週日三毛會員伺服器，即刻開始同樂,2022-12-25T13:00:00Z,https://www.twitch.tv/da_ton_brother,
f9d27b07ff84433b8397b0587f339e27,upcoming,,2022-12-25T15:30:00Z,https://www.twitch.tv/singgggg0610,
823311ac8226476e8d1e323f536bf8b1,upcoming,下午14:00~17:30在主委的V曲龍虎榜 深夜雜談做週表~~,2022-12-25T17:30:00Z,https://www.twitch.tv/kujosenko,
50ec735272014b1b996ee80a8df4671a,upcoming,"Some games, I dunno yet!",2022-12-26T05:00:00Z,https://www.twitch.tv/azuusaru,
828ab4c66f5f43f298d237374a266b7e,upcoming,,2022-12-26T06:00:00Z,https://www.twitch.tv/0lilier0,
091ac99f10804fe3b417a0f285731b4e,upcoming,瑪搽瘋遊戲,2022-12-26T11:00:00Z,https://www.twitch.tv/umamixchami,
57843e9c870647729c2438a7a7077008,upcoming,集合吧～歌回的時間到了哦～,2022-12-26T12:00:00Z,https://www.twitch.tv/ainohikaru,
50ec735272014b1b996ee80a8df4671a,upcoming,"Some games, I dunno yet!",2022-12-27T00:00:00Z,https://www.twitch.tv/azuusaru,
d407b30c72a841bd82af1f5cc8ec0667,upcoming,台V好聲音 - 介紹你可能不知道的台灣 VTuber 們，從美妙歌聲到獨特個性，不知道從何˙看起的最佳入門選擇,2022-12-27T01:00:00Z,https://www.twitch.tv/chiveswang_llt5,
457ffaa09f6c4f3384cb06739b2f2f3d,upcoming,練練槍,2022-12-27T01:00:00Z,https://www.twitch.tv/christinllt5,
e41bf48a09d64e4aa3d96064a9a63b08,upcoming,【魔物獵人:崛起】魔物獵人PC打起來٩(◦`꒳´◦)۶自由參加場,2022-12-27T12:00:00Z,https://www.twitch.tv/azuchiron,
9272afe9ef72434082d9b5621857afd0,upcoming,【戀愛煩惱幫你解】愛情大要點？玉姐與貓姬若的戀愛細節 | 新式PK陪聊型Vtuber直播,2022-12-27T12:30:00Z,https://www.twitch.tv/gilma04,
2af6cb0e15ce4839ba711b47608d4f4d,upcoming,【Art】畫畫,2022-12-27T14:00:00Z,https://www.twitch.tv/moyu_moyu,
662a78ad8e834664a4dbe127d8630647,upcoming,唱歌與聊天,2022-12-27T14:30:00Z,https://www.twitch.tv/hanavtuber,
457ffaa09f6c4f3384cb06739b2f2f3d,upcoming,快樂練槍,2022-12-28T01:00:00Z,https://www.twitch.tv/christinllt5,
091ac99f10804fe3b417a0f285731b4e,upcoming,烏瑪咪x搽米無限系,2022-12-28T11:00:00Z,https://www.twitch.tv/umamixchami,
f513e865b8aa4afab938316563c4955f,upcoming," 艾爾登法會GOGO~今天想找神奇魔法跟主線第一個王。",2022-12-28T11:30:00Z,https://www.twitch.tv/riko_akuma,
228427b15b964f1396b5a7b5eb224a21,upcoming,Asteria配音時間，一起來聽劇本、閒聊吧！,2022-12-28T12:00:00Z,https://www.twitch.tv/asterialive0503,
837cc45c90974caa9f07699c3899fa7b,upcoming,雀魂,2022-12-28T13:00:00Z,https://www.twitch.tv/yoru_yn,
5356357f112b46db862b472a4aafcee8,upcoming,bRING POPCORN AND SEE ME SUFFER,2022-12-28T13:00:00Z,https://www.twitch.tv/kyunekoch,
457ffaa09f6c4f3384cb06739b2f2f3d,upcoming,畫畫,2022-12-29T01:00:00Z,https://www.twitch.tv/christinllt5,
828ab4c66f5f43f298d237374a266b7e,upcoming,,2022-12-29T06:00:00Z,https://www.twitch.tv/0lilier0,
090be1be8d29429183e190e22fc4be22,upcoming,試試看這ㄍ功能【Ness9s奈斯糖】,2022-12-29T12:00:00Z,https://www.twitch.tv/ness9s1222,
048b1a247cbb4eaa985d7311dc651945,upcoming,【雜談】人生鬼故事聊天台,2022-12-29T13:00:00Z,https://www.twitch.tv/yiyue_maple,
837cc45c90974caa9f07699c3899fa7b,upcoming,未定,2022-12-29T13:00:00Z,https://www.twitch.tv/yoru_yn,
0ad03ee6159c4d37a4feccbc49ba3dcf,upcoming,【Vtuber默夜】  我!沒有!沉迷!,2022-12-29T14:00:00Z,https://www.twitch.tv/mokuya987,
d407b30c72a841bd82af1f5cc8ec0667,upcoming,主委泡茶間 邀請不同類型的來賓來對談，主題依當周來賓性質而定,2022-12-30T01:00:00Z,https://www.twitch.tv/chiveswang_llt5,
c29bc8bf78dd417980491f19333c8fa2,upcoming,工作雜談,2022-12-30T04:00:00Z,https://www.twitch.tv/muling0606,
50ec735272014b1b996ee80a8df4671a,upcoming,"Some games, i dunno yet!",2022-12-30T05:00:00Z,https://www.twitch.tv/azuusaru,
4efffd7632e94c9faad30a543c3e1150,upcoming,,2022-12-30T11:30:00Z,https://www.twitch.tv/aveza_manon,
091ac99f10804fe3b417a0f285731b4e,upcoming,咪米黑白講,2022-12-30T12:00:00Z,https://www.twitch.tv/umamixchami,
2af6cb0e15ce4839ba711b47608d4f4d,upcoming,【Art】畫畫,2022-12-30T14:00:00Z,https://www.twitch.tv/moyu_moyu,
662a78ad8e834664a4dbe127d8630647,upcoming,遊戲(OW2),2022-12-30T14:30:00Z,https://www.twitch.tv/hanavtuber,
f6a4e7aa8d0c4e5cb39d199845ec4d02,upcoming,APEX特化,2022-12-30T17:00:00Z,https://www.twitch.tv/vtuber_amiru,
9265e640081f4625bd36cd1235c75bc7,upcoming,【 週計畫表 】12/05－12/11的計劃表｜歡迎來玩唷！【紫藤堇Yukari】,2022-12-30T18:15:00Z,https://www.youtube.com/watch?v=zHvEmmU-nVg,https://i.ytimg.com/vi/zHvEmmU-nVg/mqdefault_live.jpg
cef544ae38ec4c03ad337e68e2d885f4,upcoming,Apex or osu chat,2022-12-31T04:00:00Z,https://www.twitch.tv/ilzenkion1,
fa3bc2669fe041dfaa0765278ffd6330,upcoming,⭐又是和妹子一起待在木舟上的生存啦~~ #raft,2022-12-31T12:00:00Z,https://www.twitch.tv/hoshinokawanao,
5535c9524eb046c38e172ebfa06b302f,upcoming,,2022-12-31T13:00:00Z,https://www.twitch.tv/ruroroisme,
d13fdb8fdd3049e5bf80b5ab0fa8a1a6,upcoming,【翻唱｜好一點】我希望，你的心情好一點【殷绯】【小藍背心】,2022-12-31T14:00:00Z,https://www.youtube.com/watch?v=RlGNawvog1I,https://i.ytimg.com/vi/RlGNawvog1I/mqdefault.jpg
f9d27b07ff84433b8397b0587f339e27,upcoming,,2022-12-31T14:00:00Z,https://www.twitch.tv/singgggg0610,
34973abcef4e41b29add2b476ce0a7fb,upcoming,"今日感謝瑾瑜邀請到幼幼相見歡進行雜談,對於自己休息一個月後歸來看到自己的情況...,只能說百感交集",2022-12-31T16:00:00Z,https://www.twitch.tv/sweetcat_10450077,
8150f530d858418282811429cc32622b,upcoming,目標!!!今年6000訂閱!!! 2023/01/01來確認能否達成!!!,2022-12-31T17:30:00Z,https://www.youtube.com/watch?v=RY7-CcqVQ2g,https://i.ytimg.com/vi/RY7-CcqVQ2g/mqdefault_live.jpg
aa9fa329d639488dbb860b8f8b3235f8,upcoming,,2023-01-01T01:17:00Z,https://www.twitch.tv/rie_miyasaka,
5535c9524eb046c38e172ebfa06b302f,upcoming,,2023-01-01T11:00:00Z,https://www.twitch.tv/ruroroisme,
fa3bc2669fe041dfaa0765278ffd6330,upcoming,【#史萊姆農場】又到了史萊姆餵食時間啦 阿姆阿姆 【#Mirolive/🤍#星之川倷緒🤍】【#NAO】,2023-01-01T12:00:00Z,https://www.twitch.tv/hoshinokawanao,
49393dd4bc284768852b0d4f9bba2ec8,upcoming,【AmongUS】首次登船能不被爆打嗎！？#珍奶茗璐ft.豪多人,2023-01-01T12:00:00Z,https://www.twitch.tv/tapiokalop,
57843e9c870647729c2438a7a7077008,upcoming,集合吧～歌回的時間到了哦～,2023-01-01T12:00:00Z,https://www.twitch.tv/ainohikaru,
a0467c81a3014fbf83029acffe5b1d3f,upcoming,每週例行麻將大會！歡迎觀眾參加,2023-01-01T12:30:00Z,https://www.twitch.tv/hlinak9527,
8db6aab32c8e45c8a70d0850bfcd3e5c,upcoming,【Minecraft】週日三毛會員伺服器，即刻開始同樂,2023-01-01T13:00:00Z,https://www.twitch.tv/da_ton_brother,
6417469030e943748dfdba4ee26a08e4,upcoming,【#周邊商品】目前最新周邊【希琉 柏洛斯｜#中文Vtuber】,2023-01-01T15:30:00Z,https://www.youtube.com/watch?v=d7gbSnxqrnk,https://i.ytimg.com/vi/d7gbSnxqrnk/mqdefault_live.jpg
f9d27b07ff84433b8397b0587f339e27,upcoming,,2023-01-01T15:30:00Z,https://www.twitch.tv/singgggg0610,
823311ac8226476e8d1e323f536bf8b1,upcoming,下午14:00~17:30在主委的V曲龍虎榜 深夜雜談做週表~~,2023-01-01T17:30:00Z,https://www.twitch.tv/kujosenko,
828ab4c66f5f43f298d237374a266b7e,upcoming,,2023-01-02T06:00:00Z,https://www.twitch.tv/0lilier0,
2a3824dd5c0a46f597b27dd183283aea,upcoming,【偉人開運】勵志名言，充滿胡說八道的偉人開運詩籤,2023-01-02T11:30:00Z,https://www.youtube.com/watch?v=YVtOJr0PgMg,https://i.ytimg.com/vi/YVtOJr0PgMg/mqdefault_live.jpg
57843e9c870647729c2438a7a7077008,upcoming,集合吧～歌回的時間到了哦～,2023-01-02T12:00:00Z,https://www.twitch.tv/ainohikaru,
d407b30c72a841bd82af1f5cc8ec0667,upcoming,台V好聲音 - 介紹你可能不知道的台灣 VTuber 們，從美妙歌聲到獨特個性，不知道從何˙看起的最佳入門選擇,2023-01-03T01:00:00Z,https://www.twitch.tv/chiveswang_llt5,
457ffaa09f6c4f3384cb06739b2f2f3d,upcoming,練練槍,2023-01-03T01:00:00Z,https://www.twitch.tv/christinllt5,
2a3824dd5c0a46f597b27dd183283aea,upcoming,【繭眠福笑】拼湊你記憶中繭眠的絕美容顏,2023-01-03T11:30:00Z,https://www.youtube.com/watch?v=tDqPbQCatl4,https://i.ytimg.com/vi/tDqPbQCatl4/mqdefault_live.jpg
e41bf48a09d64e4aa3d96064a9a63b08,upcoming,【魔物獵人:崛起】魔物獵人PC打起來٩(◦`꒳´◦)۶自由參加場,2023-01-03T12:00:00Z,https://www.twitch.tv/azuchiron,
9272afe9ef72434082d9b5621857afd0,upcoming,【戀愛煩惱幫你解】愛情大要點？玉姐與貓姬若的戀愛細節 | 新式PK陪聊型Vtuber直播,2023-01-03T12:30:00Z,https://www.twitch.tv/gilma04,
2df2e0bc14fa4450a0d17d294b5a0bc0,upcoming,【For the king 】你最愛的賭徒上線啦【xinvan信凡】,2023-01-03T14:30:00Z,https://www.youtube.com/watch?v=FvGIPYbYkow,https://i.ytimg.com/vi/FvGIPYbYkow/mqdefault_live.jpg
f513e865b8aa4afab938316563c4955f,upcoming," 艾爾登法會GOGO~今天想找神奇魔法跟主線第一個王。",2023-01-04T11:30:00Z,https://www.twitch.tv/riko_akuma,
228427b15b964f1396b5a7b5eb224a21,upcoming,Asteria配音時間，一起來聽劇本、閒聊吧！,2023-01-04T12:00:00Z,https://www.twitch.tv/asterialive0503,
5356357f112b46db862b472a4aafcee8,upcoming,bRING POPCORN AND SEE ME SUFFER,2023-01-04T13:00:00Z,https://www.twitch.tv/kyunekoch,
828ab4c66f5f43f298d237374a266b7e,upcoming,,2023-01-05T06:00:00Z,https://www.twitch.tv/0lilier0,
090be1be8d29429183e190e22fc4be22,upcoming,試試看這ㄍ功能【Ness9s奈斯糖】,2023-01-05T12:00:00Z,https://www.twitch.tv/ness9s1222,
048b1a247cbb4eaa985d7311dc651945,upcoming,【雜談】人生鬼故事聊天台,2023-01-05T13:00:00Z,https://www.twitch.tv/yiyue_maple,
0ad03ee6159c4d37a4feccbc49ba3dcf,upcoming,【Vtuber默夜】  我!沒有!沉迷!,2023-01-05T14:00:00Z,https://www.twitch.tv/mokuya987,
d407b30c72a841bd82af1f5cc8ec0667,upcoming,主委泡茶間 邀請不同類型的來賓來對談，主題依當周來賓性質而定,2023-01-06T01:00:00Z,https://www.twitch.tv/chiveswang_llt5,
4efffd7632e94c9faad30a543c3e1150,upcoming,,2023-01-06T11:30:00Z,https://www.twitch.tv/aveza_manon,
3430201d0e1f4672a58faf16ee0f2761,upcoming,【3.0 Redebut】Watashi no True Form... UNLOCK!,2023-01-06T13:00:00Z,https://www.youtube.com/watch?v=yvL2lbujBCw,https://i.ytimg.com/vi/yvL2lbujBCw/mqdefault_live.jpg
f6a4e7aa8d0c4e5cb39d199845ec4d02,upcoming,APEX特化,2023-01-06T17:00:00Z,https://www.twitch.tv/vtuber_amiru,
cef544ae38ec4c03ad337e68e2d885f4,upcoming,Apex or osu chat,2023-01-07T04:00:00Z,https://www.twitch.tv/ilzenkion1,
fa3bc2669fe041dfaa0765278ffd6330,upcoming,⭐又是和妹子一起待在木舟上的生存啦~~ #raft,2023-01-07T12:00:00Z,https://www.twitch.tv/hoshinokawanao,
5535c9524eb046c38e172ebfa06b302f,upcoming,,2023-01-07T13:00:00Z,https://www.twitch.tv/ruroroisme,
f9d27b07ff84433b8397b0587f339e27,upcoming,,2023-01-07T14:00:00Z,https://www.twitch.tv/singgggg0610,
64dc8c2de5de4c43906e515ec03f79c6,upcoming,【遊欺王子開講】絕讚羞恥PLAY 念自己寫的BDSM全肉文小說，主人主人啊...嗯啊啊..,2023-01-07T15:00:00Z,https://www.youtube.com/watch?v=aAb7mm7tImQ,https://i.ytimg.com/vi/aAb7mm7tImQ/mqdefault_live.jpg
34973abcef4e41b29add2b476ce0a7fb,upcoming,"今日感謝瑾瑜邀請到幼幼相見歡進行雜談,對於自己休息一個月後歸來看到自己的情況...,只能說百感交集",2023-01-07T16:00:00Z,https://www.twitch.tv/sweetcat_10450077,
aa9fa329d639488dbb860b8f8b3235f8,upcoming,,2023-01-08T01:17:00Z,https://www.twitch.tv/rie_miyasaka,
5535c9524eb046c38e172ebfa06b302f,upcoming,,2023-01-08T11:00:00Z,https://www.twitch.tv/ruroroisme,
fa3bc2669fe041dfaa0765278ffd6330,upcoming,【#史萊姆農場】又到了史萊姆餵食時間啦 阿姆阿姆 【#Mirolive/🤍#星之川倷緒🤍】【#NAO】,2023-01-08T12:00:00Z,https://www.twitch.tv/hoshinokawanao,
49393dd4bc284768852b0d4f9bba2ec8,upcoming,【AmongUS】首次登船能不被爆打嗎！？#珍奶茗璐ft.豪多人,2023-01-08T12:00:00Z,https://www.twitch.tv/tapiokalop,
57843e9c870647729c2438a7a7077008,upcoming,集合吧～歌回的時間到了哦～,2023-01-08T12:00:00Z,https://www.twitch.tv/ainohikaru,
a0467c81a3014fbf83029acffe5b1d3f,upcoming,每週例行麻將大會！歡迎觀眾參加,2023-01-08T12:30:00Z,https://www.twitch.tv/hlinak9527,
8db6aab32c8e45c8a70d0850bfcd3e5c,upcoming,【Minecraft】週日三毛會員伺服器，即刻開始同樂,2023-01-08T13:00:00Z,https://www.twitch.tv/da_ton_brother,
f9d27b07ff84433b8397b0587f339e27,upcoming,,2023-01-08T15:30:00Z,https://www.twitch.tv/singgggg0610,
823311ac8226476e8d1e323f536bf8b1,upcoming,下午14:00~17:30在主委的V曲龍虎榜 深夜雜談做週表~~,2023-01-08T17:30:00Z,https://www.twitch.tv/kujosenko,
828ab4c66f5f43f298d237374a266b7e,upcoming,,2023-01-09T06:00:00Z,https://www.twitch.tv/0lilier0,
57843e9c870647729c2438a7a7077008,upcoming,集合吧～歌回的時間到了哦～,2023-01-09T12:00:00Z,https://www.twitch.tv/ainohikaru,
d407b30c72a841bd82af1f5cc8ec0667,upcoming,台V好聲音 - 介紹你可能不知道的台灣 VTuber 們，從美妙歌聲到獨特個性，不知道從何˙看起的最佳入門選擇,2023-01-10T01:00:00Z,https://www.twitch.tv/chiveswang_llt5,
e41bf48a09d64e4aa3d96064a9a63b08,upcoming,【魔物獵人:崛起】魔物獵人PC打起來٩(◦`꒳´◦)۶自由參加場,2023-01-10T12:00:00Z,https://www.twitch.tv/azuchiron,
9272afe9ef72434082d9b5621857afd0,upcoming,【戀愛煩惱幫你解】愛情大要點？玉姐與貓姬若的戀愛細節 | 新式PK陪聊型Vtuber直播,2023-01-10T12:30:00Z,https://www.twitch.tv/gilma04,
f513e865b8aa4afab938316563c4955f,upcoming," 艾爾登法會GOGO~今天想找神奇魔法跟主線第一個王。",2023-01-11T11:30:00Z,https://www.twitch.tv/riko_akuma,
228427b15b964f1396b5a7b5eb224a21,upcoming,Asteria配音時間，一起來聽劇本、閒聊吧！,2023-01-11T12:00:00Z,https://www.twitch.tv/asterialive0503,
5356357f112b46db862b472a4aafcee8,upcoming,bRING POPCORN AND SEE ME SUFFER,2023-01-11T13:00:00Z,https://www.twitch.tv/kyunekoch,
828ab4c66f5f43f298d237374a266b7e,upcoming,,2023-01-12T06:00:00Z,https://www.twitch.tv/0lilier0,
e73551cd98ec47388899522353fc89e3,upcoming,手機開台測試,2023-01-12T11:00:00Z,https://www.youtube.com/watch?v=VOwDbFQpcWU,https://i.ytimg.com/vi/VOwDbFQpcWU/mqdefault_live.jpg
090be1be8d29429183e190e22fc4be22,upcoming,試試看這ㄍ功能【Ness9s奈斯糖】,2023-01-12T12:00:00Z,https://www.twitch.tv/ness9s1222,
048b1a247cbb4eaa985d7311dc651945,upcoming,【雜談】人生鬼故事聊天台,2023-01-12T13:00:00Z,https://www.twitch.tv/yiyue_maple,
0ad03ee6159c4d37a4feccbc49ba3dcf,upcoming,【Vtuber默夜】  我!沒有!沉迷!,2023-01-12T14:00:00Z,https://www.twitch.tv/mokuya987,
4efffd7632e94c9faad30a543c3e1150,upcoming,,2023-01-13T11:30:00Z,https://www.twitch.tv/aveza_manon,
f6a4e7aa8d0c4e5cb39d199845ec4d02,upcoming,APEX特化,2023-01-13T17:00:00Z,https://www.twitch.tv/vtuber_amiru,
cef544ae38ec4c03ad337e68e2d885f4,upcoming,Apex or osu chat,2023-01-14T04:00:00Z,https://www.twitch.tv/ilzenkion1,
34973abcef4e41b29add2b476ce0a7fb,upcoming,"今日感謝瑾瑜邀請到幼幼相見歡進行雜談,對於自己休息一個月後歸來看到自己的情況...,只能說百感交集",2023-01-14T16:00:00Z,https://www.twitch.tv/sweetcat_10450077,
aa9fa329d639488dbb860b8f8b3235f8,upcoming,,2023-01-15T01:17:00Z,https://www.twitch.tv/rie_miyasaka,
49393dd4bc284768852b0d4f9bba2ec8,upcoming,【AmongUS】首次登船能不被爆打嗎！？#珍奶茗璐ft.豪多人,2023-01-15T12:00:00Z,https://www.twitch.tv/tapiokalop,
a0467c81a3014fbf83029acffe5b1d3f,upcoming,每週例行麻將大會！歡迎觀眾參加,2023-01-15T12:30:00Z,https://www.twitch.tv/hlinak9527,
8db6aab32c8e45c8a70d0850bfcd3e5c,upcoming,【Minecraft】週日三毛會員伺服器，即刻開始同樂,2023-01-15T13:00:00Z,https://www.twitch.tv/da_ton_brother,
823311ac8226476e8d1e323f536bf8b1,upcoming,下午14:00~17:30在主委的V曲龍虎榜 深夜雜談做週表~~,2023-01-15T17:30:00Z,https://www.twitch.tv/kujosenko,
e41bf48a09d64e4aa3d96064a9a63b08,upcoming,【魔物獵人:崛起】魔物獵人PC打起來٩(◦`꒳´◦)۶自由參加場,2023-01-17T12:00:00Z,https://www.twitch.tv/azuchiron,
9272afe9ef72434082d9b5621857afd0,upcoming,【戀愛煩惱幫你解】愛情大要點？玉姐與貓姬若的戀愛細節 | 新式PK陪聊型Vtuber直播,2023-01-17T12:30:00Z,https://www.twitch.tv/gilma04,
f513e865b8aa4afab938316563c4955f,upcoming," 艾爾登法會GOGO~今天想找神奇魔法跟主線第一個王。",2023-01-18T11:30:00Z,https://www.twitch.tv/riko_akuma,
228427b15b964f1396b5a7b5eb224a21,upcoming,Asteria配音時間，一起來聽劇本、閒聊吧！,2023-01-18T12:00:00Z,https://www.twitch.tv/asterialive0503,
5356357f112b46db862b472a4aafcee8,upcoming,bRING POPCORN AND SEE ME SUFFER,2023-01-18T13:00:00Z,https://www.twitch.tv/kyunekoch,
090be1be8d29429183e190e22fc4be22,upcoming,試試看這ㄍ功能【Ness9s奈斯糖】,2023-01-19T12:00:00Z,https://www.twitch.tv/ness9s1222,
048b1a247cbb4eaa985d7311dc651945,upcoming,【雜談】人生鬼故事聊天台,2023-01-19T13:00:00Z,https://www.twitch.tv/yiyue_maple,
0ad03ee6159c4d37a4feccbc49ba3dcf,upcoming,【Vtuber默夜】  我!沒有!沉迷!,2023-01-19T14:00:00Z,https://www.twitch.tv/mokuya987,
4efffd7632e94c9faad30a543c3e1150,upcoming,,2023-01-20T11:30:00Z,https://www.twitch.tv/aveza_manon,
e1b2337b79d1449e9ae6a754ec74050d,upcoming,【Sonic Frontiers】【時間未定】遊戲到了自然有台【香港VTUBER】,2023-01-20T15:50:00Z,https://www.youtube.com/watch?v=9XiE5LSvwzU,https://i.ytimg.com/vi/9XiE5LSvwzU/mqdefault_live.jpg
f6a4e7aa8d0c4e5cb39d199845ec4d02,upcoming,APEX特化,2023-01-20T17:00:00Z,https://www.twitch.tv/vtuber_amiru,
cef544ae38ec4c03ad337e68e2d885f4,upcoming,Apex or osu chat,2023-01-21T04:00:00Z,https://www.twitch.tv/ilzenkion1,
34973abcef4e41b29add2b476ce0a7fb,upcoming,"今日感謝瑾瑜邀請到幼幼相見歡進行雜談,對於自己休息一個月後歸來看到自己的情況...,只能說百感交集",2023-01-21T16:00:00Z,https://www.twitch.tv/sweetcat_10450077,
aa9fa329d639488dbb860b8f8b3235f8,upcoming,,2023-01-22T01:17:00Z,https://www.twitch.tv/rie_miyasaka,
49393dd4bc284768852b0d4f9bba2ec8,upcoming,【AmongUS】首次登船能不被爆打嗎！？#珍奶茗璐ft.豪多人,2023-01-22T12:00:00Z,https://www.twitch.tv/tapiokalop,
a0467c81a3014fbf83029acffe5b1d3f,upcoming,每週例行麻將大會！歡迎觀眾參加,2023-01-22T12:30:00Z,https://www.twitch.tv/hlinak9527,
8db6aab32c8e45c8a70d0850bfcd3e5c,upcoming,【Minecraft】週日三毛會員伺服器，即刻開始同樂,2023-01-22T13:00:00Z,https://www.twitch.tv/da_ton_brother,
823311ac8226476e8d1e323f536bf8b1,upcoming,下午14:00~17:30在主委的V曲龍虎榜 深夜雜談做週表~~,2023-01-22T17:30:00Z,https://www.twitch.tv/kujosenko,
e41bf48a09d64e4aa3d96064a9a63b08,upcoming,【魔物獵人:崛起】魔物獵人PC打起來٩(◦`꒳´◦)۶自由參加場,2023-01-24T12:00:00Z,https://www.twitch.tv/azuchiron,
9272afe9ef72434082d9b5621857afd0,upcoming,【戀愛煩惱幫你解】愛情大要點？玉姐與貓姬若的戀愛細節 | 新式PK陪聊型Vtuber直播,2023-01-24T12:30:00Z,https://www.twitch.tv/gilma04,
f513e865b8aa4afab938316563c4955f,upcoming," 艾爾登法會GOGO~今天想找神奇魔法跟主線第一個王。",2023-01-25T11:30:00Z,https://www.twitch.tv/riko_akuma,
228427b15b964f1396b5a7b5eb224a21,upcoming,Asteria配音時間，一起來聽劇本、閒聊吧！,2023-01-25T12:00:00Z,https://www.twitch.tv/asterialive0503,
5356357f112b46db862b472a4aafcee8,upcoming,bRING POPCORN AND SEE ME SUFFER,2023-01-25T13:00:00Z,https://www.twitch.tv/kyunekoch,
090be1be8d29429183e190e22fc4be22,upcoming,試試看這ㄍ功能【Ness9s奈斯糖】,2023-01-26T12:00:00Z,https://www.twitch.tv/ness9s1222,
048b1a247cbb4eaa985d7311dc651945,upcoming,【雜談】人生鬼故事聊天台,2023-01-26T13:00:00Z,https://www.twitch.tv/yiyue_maple,
0ad03ee6159c4d37a4feccbc49ba3dcf,upcoming,【Vtuber默夜】  我!沒有!沉迷!,2023-01-26T14:00:00Z,https://www.twitch.tv/mokuya987,
4efffd7632e94c9faad30a543c3e1150,upcoming,,2023-01-27T11:30:00Z,https://www.twitch.tv/aveza_manon,
f6a4e7aa8d0c4e5cb39d199845ec4d02,upcoming,APEX特化,2023-01-27T17:00:00Z,https://www.twitch.tv/vtuber_amiru,
cef544ae38ec4c03ad337e68e2d885f4,upcoming,Apex or osu chat,2023-01-28T04:00:00Z,https://www.twitch.tv/ilzenkion1,
34973abcef4e41b29add2b476ce0a7fb,upcoming,"今日感謝瑾瑜邀請到幼幼相見歡進行雜談,對於自己休息一個月後歸來看到自己的情況...,只能說百感交集",2023-01-28T16:00:00Z,https://www.twitch.tv/sweetcat_10450077,
aa9fa329d639488dbb860b8f8b3235f8,upcoming,,2023-01-29T01:17:00Z,https://www.twitch.tv/rie_miyasaka,
49393dd4bc284768852b0d4f9bba2ec8,upcoming,【AmongUS】首次登船能不被爆打嗎！？#珍奶茗璐ft.豪多人,2023-01-29T12:00:00Z,https://www.twitch.tv/tapiokalop,
a0467c81a3014fbf83029acffe5b1d3f,upcoming,每週例行麻將大會！歡迎觀眾參加,2023-01-29T12:30:00Z,https://www.twitch.tv/hlinak9527,
8db6aab32c8e45c8a70d0850bfcd3e5c,upcoming,【Minecraft】週日三毛會員伺服器，即刻開始同樂,2023-01-29T13:00:00Z,https://www.twitch.tv/da_ton_brother,
823311ac8226476e8d1e323f536bf8b1,upcoming,下午14:00~17:30在主委的V曲龍虎榜 深夜雜談做週表~~,2023-01-29T17:30:00Z,https://www.twitch.tv/kujosenko,
715cc1261d7e42c18135d47bd1cf2500,upcoming,？？？？？,2023-01-30T13:30:00Z,https://www.youtube.com/watch?v=S5XzPCpjo8k,https://i.ytimg.com/vi/S5XzPCpjo8k/mqdefault_live.jpg
e41bf48a09d64e4aa3d96064a9a63b08,upcoming,【魔物獵人:崛起】魔物獵人PC打起來٩(◦`꒳´◦)۶自由參加場,2023-01-31T12:00:00Z,https://www.twitch.tv/azuchiron,
9272afe9ef72434082d9b5621857afd0,upcoming,【戀愛煩惱幫你解】愛情大要點？玉姐與貓姬若的戀愛細節 | 新式PK陪聊型Vtuber直播,2023-01-31T12:30:00Z,https://www.twitch.tv/gilma04,
f513e865b8aa4afab938316563c4955f,upcoming," 艾爾登法會GOGO~今天想找神奇魔法跟主線第一個王。",2023-02-01T11:30:00Z,https://www.twitch.tv/riko_akuma,
228427b15b964f1396b5a7b5eb224a21,upcoming,Asteria配音時間，一起來聽劇本、閒聊吧！,2023-02-01T12:00:00Z,https://www.twitch.tv/asterialive0503,
5356357f112b46db862b472a4aafcee8,upcoming,bRING POPCORN AND SEE ME SUFFER,2023-02-01T13:00:00Z,https://www.twitch.tv/kyunekoch,
090be1be8d29429183e190e22fc4be22,upcoming,試試看這ㄍ功能【Ness9s奈斯糖】,2023-02-02T12:00:00Z,https://www.twitch.tv/ness9s1222,
048b1a247cbb4eaa985d7311dc651945,upcoming,【雜談】人生鬼故事聊天台,2023-02-02T13:00:00Z,https://www.twitch.tv/yiyue_maple,
0ad03ee6159c4d37a4feccbc49ba3dcf,upcoming,【Vtuber默夜】  我!沒有!沉迷!,2023-02-02T14:00:00Z,https://www.twitch.tv/mokuya987,
4efffd7632e94c9faad30a543c3e1150,upcoming,,2023-02-03T11:30:00Z,https://www.twitch.tv/aveza_manon,
f6a4e7aa8d0c4e5cb39d199845ec4d02,upcoming,APEX特化,2023-02-03T17:00:00Z,https://www.twitch.tv/vtuber_amiru,
cef544ae38ec4c03ad337e68e2d885f4,upcoming,Apex or osu chat,2023-02-04T04:00:00Z,https://www.twitch.tv/ilzenkion1,
34973abcef4e41b29add2b476ce0a7fb,upcoming,"今日感謝瑾瑜邀請到幼幼相見歡進行雜談,對於自己休息一個月後歸來看到自己的情況...,只能說百感交集",2023-02-04T16:00:00Z,https://www.twitch.tv/sweetcat_10450077,
aa9fa329d639488dbb860b8f8b3235f8,upcoming,,2023-02-05T01:17:00Z,https://www.twitch.tv/rie_miyasaka,
49393dd4bc284768852b0d4f9bba2ec8,upcoming,【AmongUS】首次登船能不被爆打嗎！？#珍奶茗璐ft.豪多人,2023-02-05T12:00:00Z,https://www.twitch.tv/tapiokalop,
a0467c81a3014fbf83029acffe5b1d3f,upcoming,每週例行麻將大會！歡迎觀眾參加,2023-02-05T12:30:00Z,https://www.twitch.tv/hlinak9527,
8db6aab32c8e45c8a70d0850bfcd3e5c,upcoming,【Minecraft】週日三毛會員伺服器，即刻開始同樂,2023-02-05T13:00:00Z,https://www.twitch.tv/da_ton_brother,
823311ac8226476e8d1e323f536bf8b1,upcoming,下午14:00~17:30在主委的V曲龍虎榜 深夜雜談做週表~~,2023-02-05T17:30:00Z,https://www.twitch.tv/kujosenko,
e41bf48a09d64e4aa3d96064a9a63b08,upcoming,【魔物獵人:崛起】魔物獵人PC打起來٩(◦`꒳´◦)۶自由參加場,2023-02-07T12:00:00Z,https://www.twitch.tv/azuchiron,
9272afe9ef72434082d9b5621857afd0,upcoming,【戀愛煩惱幫你解】愛情大要點？玉姐與貓姬若的戀愛細節 | 新式PK陪聊型Vtuber直播,2023-02-07T12:30:00Z,https://www.twitch.tv/gilma04,
f513e865b8aa4afab938316563c4955f,upcoming," 艾爾登法會GOGO~今天想找神奇魔法跟主線第一個王。",2023-02-08T11:30:00Z,https://www.twitch.tv/riko_akuma,
228427b15b964f1396b5a7b5eb224a21,upcoming,Asteria配音時間，一起來聽劇本、閒聊吧！,2023-02-08T12:00:00Z,https://www.twitch.tv/asterialive0503,
5356357f112b46db862b472a4aafcee8,upcoming,bRING POPCORN AND SEE ME SUFFER,2023-02-08T13:00:00Z,https://www.twitch.tv/kyunekoch,
090be1be8d29429183e190e22fc4be22,upcoming,試試看這ㄍ功能【Ness9s奈斯糖】,2023-02-09T12:00:00Z,https://www.twitch.tv/ness9s1222,
048b1a247cbb4eaa985d7311dc651945,upcoming,【雜談】人生鬼故事聊天台,2023-02-09T13:00:00Z,https://www.twitch.tv/yiyue_maple,
0ad03ee6159c4d37a4feccbc49ba3dcf,upcoming,【Vtuber默夜】  我!沒有!沉迷!,2023-02-09T14:00:00Z,https://www.twitch.tv/mokuya987,
4efffd7632e94c9faad30a543c3e1150,upcoming,,2023-02-10T11:30:00Z,https://www.twitch.tv/aveza_manon,
f6a4e7aa8d0c4e5cb39d199845ec4d02,upcoming,APEX特化,2023-02-10T17:00:00Z,https://www.twitch.tv/vtuber_amiru,
cef544ae38ec4c03ad337e68e2d885f4,upcoming,Apex or osu chat,2023-02-11T04:00:00Z,https://www.twitch.tv/ilzenkion1,
34973abcef4e41b29add2b476ce0a7fb,upcoming,"今日感謝瑾瑜邀請到幼幼相見歡進行雜談,對於自己休息一個月後歸來看到自己的情況...,只能說百感交集",2023-02-11T16:00:00Z,https://www.twitch.tv/sweetcat_10450077,
aa9fa329d639488dbb860b8f8b3235f8,upcoming,,2023-02-12T01:17:00Z,https://www.twitch.tv/rie_miyasaka,
49393dd4bc284768852b0d4f9bba2ec8,upcoming,【AmongUS】首次登船能不被爆打嗎！？#珍奶茗璐ft.豪多人,2023-02-12T12:00:00Z,https://www.twitch.tv/tapiokalop,
a0467c81a3014fbf83029acffe5b1d3f,upcoming,每週例行麻將大會！歡迎觀眾參加,2023-02-12T12:30:00Z,https://www.twitch.tv/hlinak9527,
8db6aab32c8e45c8a70d0850bfcd3e5c,upcoming,【Minecraft】週日三毛會員伺服器，即刻開始同樂,2023-02-12T13:00:00Z,https://www.twitch.tv/da_ton_brother,
823311ac8226476e8d1e323f536bf8b1,upcoming,下午14:00~17:30在主委的V曲龍虎榜 深夜雜談做週表~~,2023-02-12T17:30:00Z,https://www.twitch.tv/kujosenko,
e41bf48a09d64e4aa3d96064a9a63b08,upcoming,【魔物獵人:崛起】魔物獵人PC打起來٩(◦`꒳´◦)۶自由參加場,2023-02-14T12:00:00Z,https://www.twitch.tv/azuchiron,
9272afe9ef72434082d9b5621857afd0,upcoming,【戀愛煩惱幫你解】愛情大要點？玉姐與貓姬若的戀愛細節 | 新式PK陪聊型Vtuber直播,2023-02-14T12:30:00Z,https://www.twitch.tv/gilma04,
f513e865b8aa4afab938316563c4955f,upcoming," 艾爾登法會GOGO~今天想找神奇魔法跟主線第一個王。",2023-02-15T11:30:00Z,https://www.twitch.tv/riko_akuma,
228427b15b964f1396b5a7b5eb224a21,upcoming,Asteria配音時間，一起來聽劇本、閒聊吧！,2023-02-15T12:00:00Z,https://www.twitch.tv/asterialive0503,
5356357f112b46db862b472a4aafcee8,upcoming,bRING POPCORN AND SEE ME SUFFER,2023-02-15T13:00:00Z,https://www.twitch.tv/kyunekoch,
4b8f55c74e594978bb461a27b3924336,upcoming,✨11/28-12/4周表✨,2023-03-15T01:25:00Z,https://www.youtube.com/watch?v=Dkr4MtMMV0s,https://i.ytimg.com/vi/Dkr4MtMMV0s/mqdefault_live.jpg
aff718d907904c398ec8d685b71436a1,upcoming,聊天室,2023-05-20T12:20:00Z,https://www.youtube.com/watch?v=tPmf56BuRCc,https://i.ytimg.com/vi/tPmf56BuRCc/mqdefault_live.jpg
7f9d223a684e44e8b8d30bedcc07f1fa,upcoming,[#週報表]週報12/05~12/11 本週處理會員福利!!!1600訂閱衝刺中/我是特務柴犬!!!/聊聊確診鬱症及思覺失調的服藥日子/圖期不定期練歌[柴可CHAKO],2023-05-31T15:25:00Z,https://www.youtube.com/watch?v=MqfskSwJyWU,https://i.ytimg.com/vi/MqfskSwJyWU/mqdefault_live.jpg
515abc7c33164a98be134d1c7fec84e2,upcoming,【週表】本週熱騰騰的週表出爐～記得來參與充實的一週💜💜,2023-08-28T21:25:00Z,https://www.youtube.com/watch?v=6RPM2qyocn4,https://i.ytimg.com/vi/6RPM2qyocn4/mqdefault_live.jpg
8729a18bfb7848d880a59da20b281640,upcoming,豪無感情的周表,2023-08-30T15:59:00Z,https://www.youtube.com/watch?v=gkNT8aMLzhA,https://i.ytimg.com/vi/gkNT8aMLzhA/mqdefault_live.jpg
1af2e898b30a47518c54d7cb52ea92db,upcoming,🍏Weekly Schedule : 12/05～12/11🖤,2023-09-17T13:00:00Z,https://www.youtube.com/watch?v=8Dr_wKIsC-Y,https://i.ytimg.com/vi/8Dr_wKIsC-Y/mqdefault_live.jpg
73675987096b486287784fc466b881be,upcoming,🐱週表 5/12 - 11/12🍓,2023-10-18T10:00:00Z,https://www.youtube.com/watch?v=u0DXys8KpDc,https://i.ytimg.com/vi/u0DXys8KpDc/mqdefault_live.jpg
9031798ec1884b52b17df470b6c379b2,upcoming,【周表】12.5~12.11🍁歡迎自由聊天【芒楓】,2023-10-21T16:00:00Z,https://www.youtube.com/watch?v=u8puozLe3EM,https://i.ytimg.com/vi/u8puozLe3EM/mqdefault_live.jpg
5d8a211269e449868dc84cc422ae0ec7,upcoming,【課表】11／28～12／04 💙✨,2023-11-13T12:00:00Z,https://www.youtube.com/watch?v=UTLBdY3QWNs,https://i.ytimg.com/vi/UTLBdY3QWNs/mqdefault_live.jpg
bafb134fd2f849898d6242d1f5f683cc,upcoming,【週表異動】12.05~12.11 行事曆です！【Weekly Schedule】⌇ 涅默Nemesis,2023-11-13T15:45:00Z,https://www.youtube.com/watch?v=9BIZZJLz1ww,https://i.ytimg.com/vi/9BIZZJLz1ww/mqdefault_live.jpg
8a8bc32109654a41a7cae0a9f235d9fb,upcoming,【11/21~11/27周表】大家這周一起扛八爹!!!【#芙璐比亞 】,2023-11-20T22:00:00Z,https://www.youtube.com/watch?v=nU4tivpsFXI,https://i.ytimg.com/vi/nU4tivpsFXI/mqdefault_live.jpg
8341bb05d91a4b80b9383e33aeb36542,upcoming,【週表】12/05-11🤍｜Doctor Dora / 菂菂 🩺 #菂Live #台灣vtuber  #新人vtuber  #台v  #個人勢,2023-11-21T11:30:00Z,https://www.youtube.com/watch?v=XE5rebrMsXQ,https://i.ytimg.com/vi/XE5rebrMsXQ/mqdefault_live.jpg
98187e2cc8c34f5d8e0853bffc1a30c9,upcoming,【早苗SANAE】12/5-12/11周表🦋,2023-11-23T04:15:00Z,https://www.youtube.com/watch?v=op1BcM8Eg64,https://i.ytimg.com/vi/op1BcM8Eg64/mqdefault_live.jpg
6053ed8f018e4bd9991e4e8911940828,upcoming,【食營同萌】11/25~12/16 節目週表,2023-11-24T10:00:00Z,https://www.youtube.com/watch?v=NUDz405ZdsU,https://i.ytimg.com/vi/NUDz405ZdsU/mqdefault_live.jpg
6b8922c9532e435eb4f03cabc8bb23b1,upcoming,【GTA 5故事模式 #2】繼續來飆車！,2023-11-25T11:00:00Z,https://www.youtube.com/watch?v=Vo6ST9BxMjc,https://i.ytimg.com/vi/Vo6ST9BxMjc/mqdefault_live.jpg
e1b2337b79d1449e9ae6a754ec74050d,upcoming,【PKM Scarlet】【時間未定】遊戲到了自然有台【香港VTUBER】,2023-11-25T15:50:00Z,https://www.youtube.com/watch?v=F8ySGcyQP6Y,https://i.ytimg.com/vi/F8ySGcyQP6Y/mqdefault_live.jpg
6b8922c9532e435eb4f03cabc8bb23b1,upcoming,【健身還】或許今天可以還完嗎！！！,2023-11-26T08:00:00Z,https://www.youtube.com/watch?v=9Q8EHL1vNMY,https://i.ytimg.com/vi/9Q8EHL1vNMY/mqdefault_live.jpg
a246e7561e5f40799a48eeca69951b7b,upcoming,【12/07~12/11週表預告】,2023-11-30T18:40:00Z,https://www.youtube.com/watch?v=Jz_0MCAHOg8,https://i.ytimg.com/vi/Jz_0MCAHOg8/mqdefault_live.jpg
8d65d936f3c7411ab8a812d7ebc70cdf,upcoming,【12/05~1211週表】放主頁測試中#莉蘭lilan,2023-12-01T16:00:00Z,https://www.youtube.com/watch?v=WvwDuc2gHNw,https://i.ytimg.com/vi/WvwDuc2gHNw/mqdefault_live.jpg
7c00b7dc73a240dc84d68be389732a0c,upcoming,♥️櫻野露-露露TIME★未來一週行程表,2023-12-03T12:30:00Z,https://www.youtube.com/watch?v=DpuwL4BzNmA,https://i.ytimg.com/vi/DpuwL4BzNmA/mqdefault_live.jpg
971c91b32e9b4e1abfdafe711cb9e440,upcoming,【周表】2022/12/04 - 2022/12/10,2023-12-03T12:45:00Z,https://www.youtube.com/watch?v=Atz3xx_3Td8,https://i.ytimg.com/vi/Atz3xx_3Td8/mqdefault_live.jpg
f53807443055490f87b85ded6caee0aa,upcoming,【周表】12/5-12/11 修行旅遊+褻君來我家+圖奇工作台+12月生日觀賞直播設備+Playone+LOL+麥塊夢想盃 | 可樂月月 ColaMoon,2023-12-04T14:20:00Z,https://www.youtube.com/watch?v=B2dFJLGJ6-w,https://i.ytimg.com/vi/B2dFJLGJ6-w/mqdefault_live.jpg
22c4cd83790e401ca8055a64554cf3a7,upcoming,【週表】12/05－12/11 Weekly Schedule,2023-12-04T17:30:00Z,https://www.youtube.com/watch?v=y32Hgt_FVU4,https://i.ytimg.com/vi/y32Hgt_FVU4/mqdefault_live.jpg
fd7a69505569429fb845ac056825f3a9,upcoming,【起司🧀週表】12/05－12/11 💜 Weekly Schedule,2023-12-04T18:40:00Z,https://www.youtube.com/watch?v=xHeCsgU3Aro,https://i.ytimg.com/vi/xHeCsgU3Aro/mqdefault_live.jpg
8f12066334ed4c4dae19ca1152781e59,upcoming,🐱 雛森菈比行程周表【12/05-12/11】 🥕,2023-12-04T19:25:00Z,https://www.youtube.com/watch?v=LU6nCWTx2Lk,https://i.ytimg.com/vi/LU6nCWTx2Lk/mqdefault_live.jpg
46145dc9eaab4a84898468905a4759b0,upcoming,【本週行程表】12/05 - 12/11【青羽ミ​】,2023-12-05T06:30:00Z,https://www.youtube.com/watch?v=Fm2hx8fddQo,https://i.ytimg.com/vi/Fm2hx8fddQo/mqdefault_live.jpg
fbb142bcb07a4808b0164c41ab1877ea,upcoming,【周表】遛狗行程看這邊(❁´◡`❁)｜多多栗茲,2023-12-05T16:05:00Z,https://www.youtube.com/watch?v=4CHs2bTIGSU,https://i.ytimg.com/vi/4CHs2bTIGSU/mqdefault_live.jpg
cf66d52e3a4146dbaf03c1578fc25c47,upcoming,【12/05~12/11】✿ 阿啾啵天界課表 ✿ 菲尼拉比,2023-12-06T14:15:00Z,https://www.youtube.com/watch?v=qlYcB6iisHU,https://i.ytimg.com/vi/qlYcB6iisHU/mqdefault_live.jpg
b42416c629e64c948f75aff4ff5c9a8a,upcoming,【合作推廣】PlayOne 聲播語音平台！渡渡用聲音陪你度過每一刻！,2023-12-18T16:00:00Z,https://www.youtube.com/watch?v=GAae1snEsFA,https://i.ytimg.com/vi/GAae1snEsFA/mqdefault_live.jpg
27bbe711f5e848a9bc8accc73fc79471,upcoming,『蕪蕪周表』12/5~12/11,2024-01-21T04:00:00Z,https://www.youtube.com/watch?v=NwFGe0Orvl4,https://i.ytimg.com/vi/NwFGe0Orvl4/mqdefault_live.jpg
9060cac0b33549e08fa816d3bf4c4b39,upcoming,12/05~12/11 週表,2024-10-28T12:50:00Z,https://www.youtube.com/watch?v=VPB4-pqW_uY,https://i.ytimg.com/vi/VPB4-pqW_uY/mqdefault_live.jpg
906fcc288c6840858711cb82b4ebf5f0,upcoming,【社畜】OBS更新後不給我抓視窗擷取所以改天再開ㄌ氣死《朱桃桃》,2024-11-09T11:30:00Z,https://www.youtube.com/watch?v=7_BOFwA4kKc,https://i.ytimg.com/vi/7_BOFwA4kKc/mqdefault_live.jpg
89742766181f469b807f397325a2a6bf,upcoming,【魔王行事曆周表】  🕸️11/21~11/27🕸️  | 達克涅絲 |,2024-11-13T11:55:00Z,https://www.youtube.com/watch?v=rr2juWOgk9w,https://i.ytimg.com/vi/rr2juWOgk9w/mqdefault_live.jpg
8f0b41303e8a481689fe4309a565ecd3,upcoming,[ 本月會員限定桌布 ],2024-11-21T15:15:00Z,https://www.youtube.com/watch?v=211OjdK1zwI,https://i.ytimg.com/vi/211OjdK1zwI/mqdefault_live.jpg
2ce65a2b0dd14d80afc6dd18b440bc06,upcoming,本周行程表,2024-11-25T02:00:00Z,https://www.youtube.com/watch?v=ZeGF_1xpkwI,https://i.ytimg.com/vi/ZeGF_1xpkwI/mqdefault_live.jpg
f7b1eada802e4ed89c306c6641d243b3,upcoming,【#緹娜的小時光】11/28~12/04週排程🌺【緹娜Vtuber】#緹娜,2024-11-27T14:50:00Z,https://www.youtube.com/watch?v=GcLZXU53pSg,https://i.ytimg.com/vi/GcLZXU53pSg/mqdefault_live.jpg
c28d59f83d9345de91d208cf7732bac5,upcoming,【ASMR】預告！999訂閱感謝祭！你家隔壁大姊姊劇情向ASMR！【森羅アルケ】,2024-11-29T16:00:00Z,https://www.youtube.com/watch?v=MS6x01ENon0,https://i.ytimg.com/vi/MS6x01ENon0/mqdefault_live.jpg
6b8922c9532e435eb4f03cabc8bb23b1,upcoming,行程表 / FREE CHAT,2024-11-29T16:45:00Z,https://www.youtube.com/watch?v=I81EmN_zoPE,https://i.ytimg.com/vi/I81EmN_zoPE/mqdefault_live.jpg
4b6655120fbd4431a8f7894cac4a4d49,upcoming,12/5~12/11週間行程表,2024-11-29T17:50:00Z,https://www.youtube.com/watch?v=BtssoX6HiGk,https://i.ytimg.com/vi/BtssoX6HiGk/mqdefault_live.jpg
1b63d89e0b1a4b579de6d99e25eaff8f,upcoming,【十二月報表】 自由聊天室 | 給我錢的地方  #Vtuber #貓祭,2024-11-29T18:00:00Z,https://www.youtube.com/watch?v=cyw1-VO7G7Q,https://i.ytimg.com/vi/cyw1-VO7G7Q/mqdefault_live.jpg
cbaa062d8a2443b1b2b1efd92d9bd3bb,upcoming,🎀度假小屋公告欄🎀本周週表【伏圓圓Fu_Yuanyuan】#伏圓圓,2024-11-29T21:00:00Z,https://www.youtube.com/watch?v=F3lfwmmxeMI,https://i.ytimg.com/vi/F3lfwmmxeMI/mqdefault_live.jpg
42ff41f7d6884ae8b93ed46415376d83,upcoming,2022年11月28日~12月04日行程表【萊卡·庫特莉亞芙卡Laika Kudryavka】,2024-11-30T10:30:00Z,https://www.youtube.com/watch?v=l0BqoWrhxVw,https://i.ytimg.com/vi/l0BqoWrhxVw/mqdefault_live.jpg
53a39a5e2de449ccb192683b9df38fdf,upcoming,【周表】歐拉.郥兒Ola.pear周表大全 ［中文 vtuber］,2024-11-30T12:15:00Z,https://www.youtube.com/watch?v=u_yNTA6r_7I,https://i.ytimg.com/vi/u_yNTA6r_7I/mqdefault_live.jpg
4b9dd40ad6f94e5fb03be5c79c6bcd25,upcoming,周表,2024-11-30T14:10:00Z,https://www.youtube.com/watch?v=ZU4opJPKoW4,https://i.ytimg.com/vi/ZU4opJPKoW4/mqdefault_live.jpg
ad2a1148ff4747229694f9aa2c3645d9,upcoming,【週表】12/05~12/11🪶｜ #鶇 #Tsugumi,2024-11-30T15:30:00Z,https://www.youtube.com/watch?v=GUTxGwESb34,https://i.ytimg.com/vi/GUTxGwESb34/mqdefault_live.jpg
f5838bbd59cf4922897b71efe3dc25af,upcoming,【周表schedule】11.28—12.04,2024-11-30T15:45:00Z,https://www.youtube.com/watch?v=302NviK9IOM,https://i.ytimg.com/vi/302NviK9IOM/mqdefault_live.jpg
5cfc673e9de1433096a85e9236895c79,upcoming,【天巡的時間表】/ Free Chat,2024-11-30T15:45:00Z,https://www.youtube.com/watch?v=VlGy4i-ChIs,https://i.ytimg.com/vi/VlGy4i-ChIs/mqdefault_live.jpg
c430f1e7cfee4440b2b537c80a2a667d,upcoming,【12/5～12/11行程表💫】聖誕節就快到囉💖這週也要努力加油！【白羽祈／台灣Vtuber】,2024-12-06T11:20:00Z,https://www.youtube.com/watch?v=mHd_671kduU,https://i.ytimg.com/vi/mHd_671kduU/mqdefault_live.jpg
63adc221665b47e6b9d638e66029958d,upcoming,本周周表,2024-12-17T16:00:00Z,https://www.youtube.com/watch?v=t7bhgoLHcHg,https://i.ytimg.com/vi/t7bhgoLHcHg/mqdefault_live.jpg
0715c3b900ad423fa1b981cf4fc15c8f,upcoming,《週表》12/4~12/10週表,2024-12-31T15:50:00Z,https://www.youtube.com/watch?v=rzYy8_yix8o,https://i.ytimg.com/vi/rzYy8_yix8o/mqdefault_live.jpg