V5##VTuber ID,YouTube Subscriber Count,YouTube View Count,YouTube Recent Total Median View Count,YouTube Recent Total Popularity,YouTube Recent Total Highest View Count,YouTube Recent Total Highest Viewed URL,YouTube Recent Livestream Median View Count,YouTube Recent Livestream Popularity,YouTube Recent Livestream Highest View Count,YouTube Recent Livestream Highest Viewed URL,YouTube Recent Video Median View Count,YouTube Recent Video Popularity,YouTube Recent Video Highest View Count,YouTube Recent Video Highest Viewed URL,Twitch Follower Count,Twitch Recent Median View Count,Twitch Recent Popularity,Twitch Recent Highest View Count,Twitch Recent Highest Viewed URL
1c5619a4ece046dd8ba68ed343489ca3,482000,89034541,10305,2996,29642,https://www.youtube.com/watch?v=sc27oYDm3Vk,3592,1496,4257,https://www.youtube.com/watch?v=9u81X-87CGM,11683,3537,29642,https://www.youtube.com/watch?v=sc27oYDm3Vk,31210,0,0,0,
f6a4e7aa8d0c4e5cb39d199845ec4d02,437000,44735602,15231,10013,89984,https://www.youtube.com/watch?v=u8NKu9wnF24,17736,13542,89984,https://www.youtube.com/watch?v=u8NKu9wnF24,14431,6957,49606,https://www.youtube.com/watch?v=xnoAaiyMqrM,80324,38318,18076,93553,https://www.twitch.tv/videos/2004631585
664e1b310cf343b78623f99b31e40fae,395000,57048238,18217,4007,26359,https://www.youtube.com/watch?v=0vVLYUvM7w8,0,0,0,,18217,4007,26359,https://www.youtube.com/watch?v=0vVLYUvM7w8,16923,616,343,879,https://www.twitch.tv/videos/2026426886
5535c9524eb046c38e172ebfa06b302f,318000,73923160,17675,7521,107892,https://www.youtube.com/watch?v=_ZmPs05DrT8,22195,7423,107892,https://www.youtube.com/watch?v=_ZmPs05DrT8,15243,8054,76028,https://www.youtube.com/watch?v=BNJhv8s2roc,62399,4487,2901,19111,https://www.twitch.tv/videos/2009079422
4b6b055ada4d4f0ab63b7ad02a3fa3ef,223000,15760125,3877,1730,182807,https://www.youtube.com/watch?v=FFqUmCD532c,2998,1566,182807,https://www.youtube.com/watch?v=FFqUmCD532c,7744,2042,48328,https://www.youtube.com/watch?v=oI7bqljn4WQ,53358,1994,863,5830,https://www.twitch.tv/videos/2023166634
a9f6574e98f34b20a05269134930fb50,217000,7445948,10637,4401,72575,https://www.youtube.com/watch?v=IYazB7p8KPQ,11071,4786,14659,https://www.youtube.com/watch?v=JCcQY-JQf9I,8903,4015,72575,https://www.youtube.com/watch?v=IYazB7p8KPQ,0,0,0,0,
7c06b9e316ce4ac18ce836cd72442bbe,192000,33565267,8501,3175,112701,https://www.youtube.com/watch?v=Z8vh7LdIfd8,12383,5035,112701,https://www.youtube.com/watch?v=Z8vh7LdIfd8,3572,1921,36559,https://www.youtube.com/watch?v=DbPqmeu0UeY,45474,4233,1493,8490,https://www.twitch.tv/videos/2017537573
abd64c9a64e04fb1b23faa2480c1c106,173000,59010940,5028,2282,30524,https://www.youtube.com/watch?v=C2Seq0BCWtU,3409,2185,23778,https://www.youtube.com/watch?v=mDAokLsh7qw,5452,2978,30524,https://www.youtube.com/watch?v=C2Seq0BCWtU,1401,61,41,81,https://www.twitch.tv/videos/2023433602
312fdd3c5e6d4aefa73fd3860ecc5613,165000,16383714,10776,5353,93564,https://www.youtube.com/watch?v=o3P6ADZ4LVk,15450,7662,41254,https://www.youtube.com/watch?v=x0O6A9kSNCg,9668,2673,93564,https://www.youtube.com/watch?v=o3P6ADZ4LVk,5933,0,0,0,
21428cae24af4607bffe25cb2746daa6,154000,0,0,0,0,,0,0,0,,0,0,0,,0,0,0,0,
265a18972d244affae35711cfd1f9931,139000,11396640,2998,1280,27330,https://www.youtube.com/watch?v=bWVmHHVQaBM,2998,1440,27330,https://www.youtube.com/watch?v=bWVmHHVQaBM,3371,1082,17261,https://www.youtube.com/watch?v=-hzE6_s_zw0,2231,487,450,2252,https://www.twitch.tv/videos/2027370128
e93bd1102e214cbaa71cc5b2e4a53595,132000,14625182,12054,3696,43306,https://www.youtube.com/watch?v=9Djvz1-dnWQ,16303,7264,23965,https://www.youtube.com/watch?v=E_PlyjMqSKU,7424,1926,43306,https://www.youtube.com/watch?v=9Djvz1-dnWQ,47951,20554,9268,53803,https://www.twitch.tv/videos/2008187540
c04f006e69e04000a68cd0c41f888eb2,123000,7081882,5125,3414,11788,https://www.youtube.com/watch?v=UwrxOrxh1E0,5125,3414,11788,https://www.youtube.com/watch?v=UwrxOrxh1E0,0,0,0,,0,0,0,0,
c82ab1b4f8f64d1f84cae4ce09aa0dea,120000,12588120,12561,4336,32247,https://www.youtube.com/watch?v=1iaGFHwINy0,14595,4055,23074,https://www.youtube.com/watch?v=QvylzGG_e0g,10007,6357,32247,https://www.youtube.com/watch?v=1iaGFHwINy0,31377,13152,5351,20005,https://www.twitch.tv/videos/2015981619
bafb134fd2f849898d6242d1f5f683cc,119000,11961973,8431,4103,70890,https://www.youtube.com/watch?v=koBPZDLhpTs,6847,2554,15337,https://www.youtube.com/watch?v=q0UOZSL8i18,14651,5051,70890,https://www.youtube.com/watch?v=koBPZDLhpTs,20723,11529,5416,21734,https://www.twitch.tv/videos/2026360363
f110fd69b66941bab04de9ada563c6ac,114000,9531787,3998,2709,25644,https://www.youtube.com/watch?v=PE7Wxr0ekLg,3274,2148,6033,https://www.youtube.com/watch?v=h_Gc0kg2Z2s,14918,4343,25644,https://www.youtube.com/watch?v=PE7Wxr0ekLg,4820,0,0,0,
ab4f892ca62e4043b6287bdfe50b145d,111000,17133970,1158,330,2092,https://www.youtube.com/watch?v=gxWvvDhpEpU,1158,330,2092,https://www.youtube.com/watch?v=gxWvvDhpEpU,1244,494,1657,https://www.youtube.com/watch?v=tTxeJZXytJM,1358,0,0,0,
494d2c5daf9f4a8a8e4538687e6be14c,106000,4282867,4247,1764,17963,https://www.youtube.com/watch?v=y7Xqy_njkmQ,4247,1764,4962,https://www.youtube.com/watch?v=bILotwYslPY,9870,3909,17963,https://www.youtube.com/watch?v=y7Xqy_njkmQ,0,0,0,0,
a3ce195c0069494c99849d0b1a10a7fd,106000,9090729,4208,1459,18163,https://www.youtube.com/watch?v=3ClUuxZfCK8,2312,1370,13694,https://www.youtube.com/watch?v=_TkCYklk9Jc,4237,1553,18163,https://www.youtube.com/watch?v=3ClUuxZfCK8,7383,2940,1353,8820,https://www.twitch.tv/videos/2011676352
b126053a1356460ebf85a874a6a55aca,102000,30939030,3725,1567,60307,https://www.youtube.com/watch?v=XKMxPDT5kuU,5116,2675,14958,https://www.youtube.com/watch?v=9URXbmXKx0k,1560,976,60307,https://www.youtube.com/watch?v=XKMxPDT5kuU,0,0,0,0,
04d2ff1dde6b4bb68503a734274f4b7e,91900,4938948,3064,1753,10994,https://www.youtube.com/watch?v=HaNtG5RkYlk,2686,1508,10994,https://www.youtube.com/watch?v=HaNtG5RkYlk,3957,2877,5618,https://www.youtube.com/watch?v=8o-C90c9l6g,0,0,0,0,
f1b5f88144e14bd188e17b2f98303713,90900,3362114,3448,2129,6094,https://www.youtube.com/watch?v=Nl6v2lSSg-c,3381,1199,5033,https://www.youtube.com/watch?v=gmtgMn9D3Lc,4652,3821,6094,https://www.youtube.com/watch?v=Nl6v2lSSg-c,0,0,0,0,
58abad4aa8de49efb785367503dfd92c,90500,7980650,8907,3450,51218,https://www.youtube.com/watch?v=660er1OMZhk,30702,11548,51218,https://www.youtube.com/watch?v=660er1OMZhk,4017,2335,23070,https://www.youtube.com/watch?v=UA_Chnlj8Uo,0,0,0,0,
98e3a5838fec4a6caa936ae35485de23,86100,4966426,2909,1855,6679,https://www.youtube.com/watch?v=qZD3CwBaJhU,2909,1855,6679,https://www.youtube.com/watch?v=qZD3CwBaJhU,2403,1452,3119,https://www.youtube.com/watch?v=a24c1wFp6HU,0,0,0,0,
e78cffa246c24a1c88031151cad8c385,85000,4749083,3292,2388,8015,https://www.youtube.com/watch?v=clldO2PoiMk,2817,1934,8015,https://www.youtube.com/watch?v=clldO2PoiMk,5308,3044,7567,https://www.youtube.com/watch?v=JKAmVafOfbg,1540,0,0,0,
b4a1791208fd4d85b7b08ee2bad0c236,84300,5354164,7033,3742,24510,https://www.youtube.com/watch?v=DWA50BZSDHs,6491,3324,9859,https://www.youtube.com/watch?v=H8cH6LoiF6s,24352,12492,24510,https://www.youtube.com/watch?v=DWA50BZSDHs,0,0,0,0,
01f26342ae4e419280bcfd6ec6e86db1,79500,5448896,0,0,0,,0,0,0,,0,0,0,,4689,0,0,0,
a9b855767b2d432c9f263e3427ff33a6,73300,6165573,4558,2809,16016,https://www.youtube.com/watch?v=aOEbyGhPJ3s,4372,2838,16016,https://www.youtube.com/watch?v=aOEbyGhPJ3s,6656,2781,15850,https://www.youtube.com/watch?v=BtBvHmGUgkQ,0,0,0,0,
0641a9c8b9a94994aaa33e0c86fef75b,72600,6937264,13940,8295,97689,https://www.youtube.com/watch?v=gFB3W-QpkvY,8262,5142,17545,https://www.youtube.com/watch?v=Ym8GQNB5US0,45692,21287,97689,https://www.youtube.com/watch?v=gFB3W-QpkvY,3452,0,0,0,
ea4c1a67c2e445ad8028768616ceb659,71100,6294905,4126,1909,19945,https://www.youtube.com/watch?v=jk0JFZ6DApY,4030,1758,9111,https://www.youtube.com/watch?v=PClXkdI8KAg,9685,2115,19945,https://www.youtube.com/watch?v=jk0JFZ6DApY,0,0,0,0,
0bf0ec441dc6489583f7218e02ab6a89,70700,7230441,1241,415,7690,https://www.youtube.com/watch?v=jd211r454Ig,1262,461,7690,https://www.youtube.com/watch?v=jd211r454Ig,693,207,1513,https://www.youtube.com/watch?v=cyB4PYhOXeQ,2480,322,286,457,https://www.twitch.tv/videos/2031095160
2741a90689f342548daad7f760b0a8f7,69200,6961840,67254,25243,166086,https://www.youtube.com/watch?v=AlemlU6MF9Q,11929,6823,67842,https://www.youtube.com/watch?v=kSB26G4GmB0,77150,30464,166086,https://www.youtube.com/watch?v=AlemlU6MF9Q,1209,0,0,0,
ec65566d949944ffb1e2723f97ded6e0,69100,4678998,9190,5466,22595,https://www.youtube.com/watch?v=7E9M767TF4c,10148,5191,22595,https://www.youtube.com/watch?v=7E9M767TF4c,8815,5466,8815,https://www.youtube.com/watch?v=ogVjBGdr_jE,6941,1817,747,2591,https://www.twitch.tv/videos/2024955195
9cec24b011ee45648eb404066c997f49,68700,6674482,6405,3398,20774,https://www.youtube.com/watch?v=OG1akqqzmrU,6145,3780,20774,https://www.youtube.com/watch?v=OG1akqqzmrU,8202,2042,13082,https://www.youtube.com/watch?v=nKPJAiC-OCw,18429,8582,4608,10642,https://www.twitch.tv/videos/2016932815
fa5a7cdc259543259af42bb23f1e4041,67700,5674814,5398,3013,15707,https://www.youtube.com/watch?v=6OvoU-K0ct4,3918,2629,6326,https://www.youtube.com/watch?v=1w5-5xZs5vE,9545,5090,15707,https://www.youtube.com/watch?v=6OvoU-K0ct4,0,0,0,0,
e113ace92bbe445385bcc4635a9ca570,65300,13724,0,0,0,,0,0,0,,0,0,0,,0,0,0,0,
8a4988902b5640e6ae1829285307c636,62600,4376352,0,0,0,,0,0,0,,0,0,0,,0,0,0,0,
4b6655120fbd4431a8f7894cac4a4d49,62500,5535422,960,582,11742,https://www.youtube.com/watch?v=VCqkGkMIq9M,960,582,11742,https://www.youtube.com/watch?v=VCqkGkMIq9M,0,0,0,,0,0,0,0,
2e01ec6b25684995ab109ac0f74f1456,60200,18830378,0,0,0,,0,0,0,,0,0,0,,47215,0,0,0,
1323f1b775bf43659f8b8ec2899522cd,60000,2566140,3458,1299,7823,https://www.youtube.com/watch?v=8CmdLLPnFrc,2886,1127,5852,https://www.youtube.com/watch?v=K-QnkGvd7PU,5921,2351,7823,https://www.youtube.com/watch?v=8CmdLLPnFrc,0,0,0,0,
c65e7caaf81a43249d5132b9fe312b24,59100,2727244,6325,1638,10577,https://www.youtube.com/watch?v=Qr-FBH3cJ0Y,6495,2639,10577,https://www.youtube.com/watch?v=Qr-FBH3cJ0Y,2035,488,2035,https://www.youtube.com/watch?v=T_yxgRnBn3I,0,0,0,0,
66c812bb04844241af1d1c7539b5e251,57900,37836642,385,184,7437,https://www.youtube.com/watch?v=LPBh6sZJUUE,368,153,2101,https://www.youtube.com/watch?v=uV_6mhc0DzQ,1069,239,7437,https://www.youtube.com/watch?v=LPBh6sZJUUE,1068,55,34,182,https://www.twitch.tv/videos/2017742568
512b64ec20174d018540516e9edf2b2f,56300,5644433,1121,559,5740,https://www.youtube.com/watch?v=YEjtZeVB4g0,1142,562,5740,https://www.youtube.com/watch?v=YEjtZeVB4g0,417,49,417,https://www.youtube.com/watch?v=D4B-SY6nPbA,1064,0,0,0,
9d9c6477329245cbb2557895f4f15686,56000,3221646,8564,5806,22123,https://www.youtube.com/watch?v=O5Is9bHDfLA,0,0,0,,8564,5806,22123,https://www.youtube.com/watch?v=O5Is9bHDfLA,123804,28018,13192,93706,https://www.twitch.tv/videos/2011532016
cd42e06c40534d9eac7e30a434e47d43,55500,2797341,4603,2315,25310,https://www.youtube.com/watch?v=wBR0kNPpKNg,4603,2464,25310,https://www.youtube.com/watch?v=wBR0kNPpKNg,5154,2142,24844,https://www.youtube.com/watch?v=VfJVnwVKZxQ,2043,0,0,0,
702c74978d8f4adab79f292cbecb49a4,52500,2486094,3903,1988,21397,https://www.youtube.com/watch?v=Az8N8Kjmlcc,3084,1830,7019,https://www.youtube.com/watch?v=ereTS0edeFc,4175,2052,21397,https://www.youtube.com/watch?v=Az8N8Kjmlcc,11257,755,544,755,https://www.twitch.tv/videos/2023391744
1ccdbe5d48934f4cbabc86512dd1d357,51800,2455208,9262,4728,30506,https://www.youtube.com/watch?v=DuhTwhvR7r8,9892,4993,30506,https://www.youtube.com/watch?v=DuhTwhvR7r8,4264,4006,4952,https://www.youtube.com/watch?v=OiIOGAhHOh4,0,0,0,0,
5c4241def363418d9b7167d8369d0350,50900,2292681,0,0,0,,0,0,0,,0,0,0,,42,0,0,0,
a02bb0332f5942ec892c932d6a089014,50200,4805229,0,0,0,,0,0,0,,0,0,0,,0,0,0,0,
a8ce4642418b4fe8ba1471a32097f4c4,49500,2308227,1895,978,7244,https://www.youtube.com/watch?v=9HnunzCc34g,1895,864,7244,https://www.youtube.com/watch?v=9HnunzCc34g,1895,1091,2291,https://www.youtube.com/watch?v=tWdApw5m3ro,0,0,0,0,
7ead9e2cac544a7cb00444ef6b4698d1,48600,3214869,8208,2728,21134,https://www.youtube.com/watch?v=TTEBKHqxOsI,6213,2728,21134,https://www.youtube.com/watch?v=TTEBKHqxOsI,10226,4929,11351,https://www.youtube.com/watch?v=CPGE0b_wjbc,7906,4887,3498,9732,https://www.twitch.tv/videos/2027299905
2694a505a0e0441bb99b49e8ce1f7473,48400,2332400,1226,356,5137,https://www.youtube.com/watch?v=groZwjyAlcU,1233,388,5137,https://www.youtube.com/watch?v=groZwjyAlcU,1164,61,1164,https://www.youtube.com/watch?v=xyMNP4LMKFs,26495,21912,6960,43209,https://www.twitch.tv/videos/2020508639
d837e8fda137492c9d77882b98ff863a,48400,5868119,2463,1636,38863,https://www.youtube.com/watch?v=rwCjHbp7yno,1864,802,11215,https://www.youtube.com/watch?v=asm9aGMs-Jo,15587,5699,38863,https://www.youtube.com/watch?v=rwCjHbp7yno,0,0,0,0,
c41044006a014ed28107f33221a7de98,46700,3790028,2866,1783,5977,https://www.youtube.com/watch?v=zitrBZE8bPY,2866,1783,5977,https://www.youtube.com/watch?v=zitrBZE8bPY,0,0,0,,5043,926,613,1005,https://www.twitch.tv/videos/2018881642
17c335762a694402b8cb9a96b2865572,45800,2631600,2786,1225,26632,https://www.youtube.com/watch?v=S49EpSHBXBM,3506,2495,26632,https://www.youtube.com/watch?v=S49EpSHBXBM,877,443,6866,https://www.youtube.com/watch?v=Gz2o6L4s7Z4,0,0,0,0,
3f4650e05ceb41008bd16869780b7af1,45700,10651951,7940,3380,25725,https://www.youtube.com/watch?v=yMsfHUv9jiE,3772,1363,9168,https://www.youtube.com/watch?v=eU37aJPxG5Q,10903,3458,25725,https://www.youtube.com/watch?v=yMsfHUv9jiE,0,0,0,0,
dee8efe8990e458c915e4f6a6a16b49f,44200,4534086,3212,1819,71177,https://www.youtube.com/watch?v=R-d4hgq6-MI,1257,854,15295,https://www.youtube.com/watch?v=Ltw8IrcL45U,27452,15976,71177,https://www.youtube.com/watch?v=R-d4hgq6-MI,3101,401,271,521,https://www.twitch.tv/videos/2018975454
22ca620b93c94e5cb48175bbecf8d3af,43800,4326229,1214,481,3624,https://www.youtube.com/watch?v=0V8B1XeQz2o,1204,441,1448,https://www.youtube.com/watch?v=SYnkIwuHtqc,3624,3215,3624,https://www.youtube.com/watch?v=0V8B1XeQz2o,0,0,0,0,
8bf35c3b9a9e461d825a9170555b71c2,43800,1077699,7591,3113,11663,https://www.youtube.com/watch?v=zt-Erdh7SbQ,7591,3113,11663,https://www.youtube.com/watch?v=zt-Erdh7SbQ,5106,4345,8312,https://www.youtube.com/watch?v=eTz5fzK_t0M,6968,5999,3651,9111,https://www.twitch.tv/videos/2017943615
ba59bb31bbcd4cf3a481c4cf72918fb0,43600,4608874,4090,1961,11508,https://www.youtube.com/watch?v=7MYk3okeGpY,4068,1934,11508,https://www.youtube.com/watch?v=7MYk3okeGpY,5586,4389,5586,https://www.youtube.com/watch?v=CXSyTjZS73w,0,0,0,0,
1b63d89e0b1a4b579de6d99e25eaff8f,42800,4615583,7639,2250,47668,https://www.youtube.com/watch?v=8f65hGERSyU,2336,1580,4844,https://www.youtube.com/watch?v=-zSg3nYEe0s,9873,2357,47668,https://www.youtube.com/watch?v=8f65hGERSyU,4353,0,0,0,
658e63bebdca421ca934b0bf6aa2bcd8,42700,3230452,3160,1612,20014,https://www.youtube.com/watch?v=j7moC4Veujo,3357,1904,15069,https://www.youtube.com/watch?v=cK5T_RXsYE8,2131,917,20014,https://www.youtube.com/watch?v=j7moC4Veujo,8515,0,0,0,
5f12df329c6144e1a6c596f4fbcb9e81,41700,1466983,7073,3528,18663,https://www.youtube.com/watch?v=95kJ8BXMsxU,7381,2777,14615,https://www.youtube.com/watch?v=uO-VjsOLLqM,6948,3544,18663,https://www.youtube.com/watch?v=95kJ8BXMsxU,0,0,0,0,
f5ff982730f54cd4826ff0530a4288c2,39500,2053306,3780,1564,13778,https://www.youtube.com/watch?v=7x17EKj0dCM,3993,1675,7771,https://www.youtube.com/watch?v=g7WgH36pm8s,3493,1564,13778,https://www.youtube.com/watch?v=7x17EKj0dCM,0,0,0,0,
d797701ab1564b62906f91a341134a9e,39300,1435769,1041,276,3557,https://www.youtube.com/watch?v=Yq0dGDR4Zqo,1730,276,3557,https://www.youtube.com/watch?v=Yq0dGDR4Zqo,835,286,1080,https://www.youtube.com/watch?v=YCjLi-dFD4g,2995,690,441,792,https://www.twitch.tv/videos/2018887849
ce2a2c07a74640fc8d3b39d022b16dd9,38700,2079824,4107,1167,22661,https://www.youtube.com/watch?v=2f3bXwDEx2Y,2602,1087,22661,https://www.youtube.com/watch?v=2f3bXwDEx2Y,6115,1998,15972,https://www.youtube.com/watch?v=GR4sWtwSWv8,0,0,0,0,
6fb8c6dea7404638a9d78d4b0d84f64c,37300,2925030,1218,437,3663,https://www.youtube.com/watch?v=J3INqmMEB4k,1837,757,3663,https://www.youtube.com/watch?v=J3INqmMEB4k,698,309,1018,https://www.youtube.com/watch?v=6Xur3Zmx1js,0,0,0,0,
6c872a4043b84e4493877a42af684d1d,37300,2625814,12097,5589,27048,https://www.youtube.com/watch?v=jtnskNS52Nc,5323,2280,21245,https://www.youtube.com/watch?v=d0c2H3lUrDg,16439,6569,27048,https://www.youtube.com/watch?v=jtnskNS52Nc,0,0,0,0,
1cfadb0d2e154a258c3177ff8264336f,36400,2572631,2395,1262,13790,https://www.youtube.com/watch?v=R_zUx0EczUM,2395,1262,5917,https://www.youtube.com/watch?v=auAm2zB3JmQ,7173,4772,13790,https://www.youtube.com/watch?v=R_zUx0EczUM,0,0,0,0,
be6c475c291d45a0a7349abdb70be20d,35200,10011170,3609,1149,11300,https://www.youtube.com/watch?v=GmtR2rTx4UU,3209,1137,4477,https://www.youtube.com/watch?v=UpIckSzMWw4,7755,1785,11300,https://www.youtube.com/watch?v=GmtR2rTx4UU,0,0,0,0,
b08047f2566246ac995e03a5db727cfe,34700,1681371,1007,423,6479,https://www.youtube.com/watch?v=_SNjlpZDXCQ,1013,401,6479,https://www.youtube.com/watch?v=_SNjlpZDXCQ,673,551,3572,https://www.youtube.com/watch?v=KsELsUveLnw,6695,686,405,734,https://www.twitch.tv/videos/2018863541
15c9a54b946a40c38c07ea2f9efddfa5,34400,1465644,9947,3990,86998,https://www.youtube.com/watch?v=zsMblyY3Bfk,9439,3674,20000,https://www.youtube.com/watch?v=0tRvrXao6_U,17019,5850,86998,https://www.youtube.com/watch?v=zsMblyY3Bfk,8190,7929,5181,15911,https://www.twitch.tv/videos/2027293586
6bd49f94afb144e995247388ca8c42a8,34400,1019662,8907,4114,18577,https://www.youtube.com/watch?v=_Yfr6nqckEw,8954,4327,18577,https://www.youtube.com/watch?v=_Yfr6nqckEw,2319,41,2319,https://www.youtube.com/watch?v=8A5DCjwDd-A,9232,7364,4558,11679,https://www.twitch.tv/videos/2027298726
5c7beefaa54444e3b0443d7abd93c1f7,34300,3211138,2397,1342,3252,https://www.youtube.com/watch?v=PB0ZPa-5Bsk,2397,1342,3252,https://www.youtube.com/watch?v=PB0ZPa-5Bsk,0,0,0,,3201,406,307,406,https://www.twitch.tv/videos/2024451069
bc0b8c437eda4361b2a10003013f49cf,32300,285011,3547,2111,5318,https://www.youtube.com/watch?v=qqHsoYrQJ-g,1777,918,1777,https://www.youtube.com/watch?v=Tx3z6bdXgSU,5318,3304,5318,https://www.youtube.com/watch?v=qqHsoYrQJ-g,0,0,0,0,
e73551cd98ec47388899522353fc89e3,32000,2125030,361,196,8706,https://www.youtube.com/watch?v=sS3MUpcL4xM,388,209,8706,https://www.youtube.com/watch?v=sS3MUpcL4xM,101,32,101,https://www.youtube.com/watch?v=rtS_hoqjAdE,595,260,204,260,https://www.twitch.tv/videos/2025446542
f18407d79b4b43ffa6adf629d1723a8f,31300,1275,0,0,0,,0,0,0,,0,0,0,,0,0,0,0,
64c779f8cc214e7a9b570c7b3fc128cc,31300,1525548,1275,696,6439,https://www.youtube.com/watch?v=aHjA7CKIEic,1189,605,3758,https://www.youtube.com/watch?v=4odK6c8bJ0M,3519,1414,6439,https://www.youtube.com/watch?v=aHjA7CKIEic,3802,0,0,0,
20f0e269ce554a00920de0444bc22aaf,31200,2897509,1082,485,2909,https://www.youtube.com/watch?v=HBORH6G3wSc,1984,429,2886,https://www.youtube.com/watch?v=iBkwvBKigr8,1074,531,2909,https://www.youtube.com/watch?v=HBORH6G3wSc,0,0,0,0,
521fb650b9534787b19c8762957fb5d2,31100,0,0,0,0,,0,0,0,,0,0,0,,0,0,0,0,
62e5d9c4ad1e4d7a9fb61fe531c4b940,30900,1052771,2667,617,15637,https://www.youtube.com/watch?v=_exyV-mjY2I,2285,526,6384,https://www.youtube.com/watch?v=WQHMDzbY2Ks,5007,3248,15637,https://www.youtube.com/watch?v=_exyV-mjY2I,0,0,0,0,
660531d691fb49c6a454bff9b0fb8c9e,30800,905579,1095,659,30175,https://www.youtube.com/watch?v=bEPCiM5J47g,1067,664,30175,https://www.youtube.com/watch?v=bEPCiM5J47g,1581,578,7389,https://www.youtube.com/watch?v=2LHs8nD8QrI,0,0,0,0,
2760c9a44c20464d8e140e6367ed1cdf,30700,1308295,1314,674,3031,https://www.youtube.com/watch?v=Lv6Z6L_8QaA,1283,653,2192,https://www.youtube.com/watch?v=fcA0MMiemqM,2330,1065,3031,https://www.youtube.com/watch?v=Lv6Z6L_8QaA,0,0,0,0,
3681a0b4e4bd48888473b1884f6ee420,30500,2644341,1341,802,66157,https://www.youtube.com/watch?v=YJ4MnYxsFZo,1157,694,9722,https://www.youtube.com/watch?v=-XeiEAmojVc,18082,7530,66157,https://www.youtube.com/watch?v=YJ4MnYxsFZo,0,0,0,0,
d81d1032a43642eca36e82ba9a3c39c5,30500,1251991,2467,129,2467,https://www.youtube.com/watch?v=QqxJf2XxjdQ,0,0,0,,2467,129,2467,https://www.youtube.com/watch?v=QqxJf2XxjdQ,10594,555,423,1505,https://www.twitch.tv/videos/2018865030
6c88799c6f45407faf0f9ea007b0dcab,29800,1375742,1417,744,2641,https://www.youtube.com/watch?v=z8nIvBXo2nM,1417,744,2641,https://www.youtube.com/watch?v=z8nIvBXo2nM,0,0,0,,0,0,0,0,
e350c8b7e41045419ee1ac73bc78921b,29600,2338568,1523,968,54343,https://www.youtube.com/watch?v=DeWIUC3QWmo,1244,773,12099,https://www.youtube.com/watch?v=ITrN6QzzEdQ,7443,3069,54343,https://www.youtube.com/watch?v=DeWIUC3QWmo,0,0,0,0,
30114f720b104e7f89d9dc0399a00dd4,29400,36043,0,0,0,,0,0,0,,0,0,0,,0,0,0,0,
84a911e2b05f4919a32e0c1618e32a7d,29000,615476,331,160,633,https://www.youtube.com/watch?v=-h4IKPdxvJc,331,160,633,https://www.youtube.com/watch?v=-h4IKPdxvJc,0,0,0,,0,0,0,0,
c5fe413a473d4638b53fb3f9019aabbe,28800,1318258,2061,718,5980,https://www.youtube.com/watch?v=nBgqQxmHzfs,2088,847,3836,https://www.youtube.com/watch?v=-wmGEkiB-MY,1277,629,5980,https://www.youtube.com/watch?v=nBgqQxmHzfs,959,0,0,0,
95de1fe6727944e68404aec425d09170,28800,0,0,0,0,,0,0,0,,0,0,0,,3687,0,0,0,
2ce2f9977d4a4dc0844e518369e11e6b,28400,1970376,1091,565,1837,https://www.youtube.com/watch?v=9df21NzFPTc,1152,597,1837,https://www.youtube.com/watch?v=9df21NzFPTc,442,83,442,https://www.youtube.com/watch?v=Ikwt-HCjdFU,0,0,0,0,
fd6a0236861940389e15ef85b16c6069,28200,420659,3558,2096,15882,https://www.youtube.com/watch?v=7X6lFOKVvN4,0,0,0,,3558,2096,15882,https://www.youtube.com/watch?v=7X6lFOKVvN4,110677,65274,22812,211838,https://www.twitch.tv/videos/2029239733
49bb221fc77f440cae0c007a73f99aab,27500,855898,0,0,0,,0,0,0,,0,0,0,,23596,2917,1582,26769,https://www.twitch.tv/videos/2029240352
3afa3d15ff4a40de9b0950fa81a9ffc7,27500,0,0,0,0,,0,0,0,,0,0,0,,2697,0,0,0,
d1dd83b6e8a24df4b61f766cff45113c,27100,14648407,1184,355,5177,https://www.youtube.com/watch?v=Sgsk5EvLC30,537,250,2089,https://www.youtube.com/watch?v=E_KCzSKgrk8,2342,1647,5177,https://www.youtube.com/watch?v=Sgsk5EvLC30,0,0,0,0,
23ec5ecfb8c14ea893576783f1790643,26500,1596425,3685,1920,14018,https://www.youtube.com/watch?v=5U7gCeH5xE4,3464,1971,14018,https://www.youtube.com/watch?v=5U7gCeH5xE4,4969,832,6315,https://www.youtube.com/watch?v=LRbDjfxkysQ,0,0,0,0,
de0e98c9266449b7874a942cbbb63a0d,26400,1737327,0,0,0,,0,0,0,,0,0,0,,3319,0,0,0,
9ca368e73d514656ade48dc946f55956,26000,2815990,1572,1301,741475,https://www.youtube.com/watch?v=7aDWxEmEB9Y,1274,957,7408,https://www.youtube.com/watch?v=5dd-IByX1FY,314989,68174,741475,https://www.youtube.com/watch?v=7aDWxEmEB9Y,0,0,0,0,
22c8ee785f7446e5978bab336fda92cb,24800,729240,1181,131,1883,https://www.youtube.com/watch?v=RcY2ANG3XrI,1292,118,1883,https://www.youtube.com/watch?v=RcY2ANG3XrI,820,144,1126,https://www.youtube.com/watch?v=Xp0Rff34w8w,0,0,0,0,
bed13deb3871443980e131a466519b54,24700,1583438,1326,843,1972,https://www.youtube.com/watch?v=TDXbtcgcjgc,1326,843,1972,https://www.youtube.com/watch?v=TDXbtcgcjgc,0,0,0,,0,0,0,0,
4544974bc5624035ae7bb0c9ed33e44e,24600,677327,3632,1708,32675,https://www.youtube.com/watch?v=Tg0_hckIVDA,3684,2138,32675,https://www.youtube.com/watch?v=Tg0_hckIVDA,2530,1453,5028,https://www.youtube.com/watch?v=qqTlBiR5-YI,0,0,0,0,
d6c4708f6eb94ac6ad7668363b132248,24500,2007454,250,141,1505,https://www.youtube.com/watch?v=3pPZqdMhrHE,255,162,1505,https://www.youtube.com/watch?v=3pPZqdMhrHE,165,97,524,https://www.youtube.com/watch?v=r_EYzfoTS6o,0,0,0,0,
3be86a2a9cb447f393d235132e157789,24400,1522068,2038,982,3570,https://www.youtube.com/watch?v=03pnNh2epus,2038,982,3570,https://www.youtube.com/watch?v=03pnNh2epus,0,0,0,,0,0,0,0,
626750f4e7a745619c171c44fb1efcc0,24400,2130007,640,332,10448,https://www.youtube.com/watch?v=Wj8BwGIakOs,570,266,4673,https://www.youtube.com/watch?v=bN7vqI3dwsI,887,460,10448,https://www.youtube.com/watch?v=Wj8BwGIakOs,5484,169,120,457,https://www.twitch.tv/videos/2019739599
c0c033c9c8014562b58a7124b6b22fb0,24300,326004,771,525,3595,https://www.youtube.com/watch?v=wD-ksEyNFcg,771,525,3595,https://www.youtube.com/watch?v=wD-ksEyNFcg,803,628,3289,https://www.youtube.com/watch?v=WTBofNylAJM,0,0,0,0,
222a91c2efbe47628911ee0b2413ae3e,24300,1756759,0,0,0,,0,0,0,,0,0,0,,2348,0,0,0,
b0fa9fc53f99425db4cca93d2d48a91f,24200,584712,429,283,7783,https://www.youtube.com/watch?v=YxfUqL8dPCA,380,195,7783,https://www.youtube.com/watch?v=YxfUqL8dPCA,1471,813,6729,https://www.youtube.com/watch?v=T7ceRzqlFb0,0,0,0,0,
7081557634db487fa467b0bd2f939f66,24200,821038,0,0,0,,0,0,0,,0,0,0,,0,0,0,0,
7a88afc5eb644d76b35ed4ca968259bb,23900,1615379,7649,3282,9486,https://www.youtube.com/watch?v=bVjJIi0AY0M,7649,3282,9486,https://www.youtube.com/watch?v=bVjJIi0AY0M,0,0,0,,11566,939,274,1024,https://www.twitch.tv/videos/2008211906
f7c48554816643cdb8d343e6e9e6d313,23800,1205109,1120,535,5791,https://www.youtube.com/watch?v=VAny9XiFeFY,955,535,1534,https://www.youtube.com/watch?v=vHNaLsL86i4,1610,937,5791,https://www.youtube.com/watch?v=VAny9XiFeFY,5996,0,0,0,
5ba11a0bf35147d499259ad5608a7de1,23300,1123808,803,419,3349,https://www.youtube.com/watch?v=NLxLKIZTyes,803,419,3349,https://www.youtube.com/watch?v=NLxLKIZTyes,0,0,0,,3602,0,0,0,
7c00b7dc73a240dc84d68be389732a0c,23300,957179,517,368,8047,https://www.youtube.com/watch?v=hvdm5YKwEUM,612,422,8047,https://www.youtube.com/watch?v=hvdm5YKwEUM,203,194,422,https://www.youtube.com/watch?v=7mWeSQ_tbmA,0,0,0,0,
b42416c629e64c948f75aff4ff5c9a8a,23200,715743,457,204,1425,https://www.youtube.com/watch?v=HFFmUmVJNPc,457,204,1425,https://www.youtube.com/watch?v=HFFmUmVJNPc,515,289,830,https://www.youtube.com/watch?v=vNVOQZFbc-s,0,0,0,0,
0825b7bbb6134dbc98a132cc1782fb1f,23000,674050,838,492,15239,https://www.youtube.com/watch?v=QGSRaxHlOrw,872,461,2472,https://www.youtube.com/watch?v=6CKOfq5TCqk,688,509,15239,https://www.youtube.com/watch?v=QGSRaxHlOrw,0,0,0,0,
e7fd5d01e57c42658be2bf1e3ad5d696,22500,865139,2133,507,4952,https://www.youtube.com/watch?v=WpDYABioF2s,2133,662,4472,https://www.youtube.com/watch?v=QGsobyCUFLo,2251,221,4952,https://www.youtube.com/watch?v=WpDYABioF2s,0,0,0,0,
31f17632340f4e7fbd0ced07193dd81b,22000,592159,1380,914,9795,https://www.youtube.com/watch?v=DQ5WegTKUOg,1246,637,5386,https://www.youtube.com/watch?v=NSUc8wdSZSg,4385,1390,9795,https://www.youtube.com/watch?v=DQ5WegTKUOg,0,0,0,0,
ffc3304b633b45ceab7cc58fb8208989,21700,607267,0,0,0,,0,0,0,,0,0,0,,0,0,0,0,
4c3cae772e974f8fb8e04f4cc9c8cd8d,21600,530208,4931,2300,9902,https://www.youtube.com/watch?v=KCmDQD0NYUI,4920,2300,9902,https://www.youtube.com/watch?v=KCmDQD0NYUI,6077,1897,7258,https://www.youtube.com/watch?v=y3r722YFeA0,0,0,0,0,
60716febdfe949248e8f67d85634bec5,21500,7928778,621,27,930,https://www.youtube.com/watch?v=O_ypGYkw90k,0,0,0,,621,27,930,https://www.youtube.com/watch?v=O_ypGYkw90k,0,0,0,0,
d1694c709e0f489fbd07fc9bc67c0a66,21400,750731,1106,672,8405,https://www.youtube.com/watch?v=FPLG5cIXLBY,1116,713,8405,https://www.youtube.com/watch?v=FPLG5cIXLBY,839,280,1111,https://www.youtube.com/watch?v=rLf7RaQ6Wtk,367,0,0,0,
305290c734e94a74881ae46c49ea18c4,21000,1483787,2700,1201,9230,https://www.youtube.com/watch?v=uQffRz8uSz8,3161,1217,9230,https://www.youtube.com/watch?v=uQffRz8uSz8,491,361,538,https://www.youtube.com/watch?v=tpyyjRpqeMk,1404,307,158,579,https://www.twitch.tv/videos/2027413737
1f54bc2ce03344728234e590bfb0134f,20900,82754,1871,938,40612,https://www.youtube.com/watch?v=yzDBt7ue380,0,0,0,,1871,938,40612,https://www.youtube.com/watch?v=yzDBt7ue380,30,0,0,0,
6dc75ab227e34c928598bde8f2d324bf,20700,1169497,2749,1793,55668,https://www.youtube.com/watch?v=aIbws9Iq0Y8,1788,798,14924,https://www.youtube.com/watch?v=RMjpHW8Vs7U,9361,5624,55668,https://www.youtube.com/watch?v=aIbws9Iq0Y8,0,0,0,0,
575d15d21f7240e1ad72935bf7fa0465,20700,658273,653,365,6006,https://www.youtube.com/watch?v=nnkd5ZkNDf0,651,340,5139,https://www.youtube.com/watch?v=rjuvXfF1How,915,534,6006,https://www.youtube.com/watch?v=nnkd5ZkNDf0,0,0,0,0,
67d6807619064938a78832b4106de5c0,20200,816798,196,79,750,https://www.youtube.com/watch?v=EnJG6WfHh8Q,196,79,750,https://www.youtube.com/watch?v=EnJG6WfHh8Q,0,0,0,,2583,974,589,1591,https://www.twitch.tv/videos/2023370305
8267ea37c12a471a8a038f501832e099,20100,893659,584,272,2331,https://www.youtube.com/watch?v=QaeYKW7J67Y,438,294,1874,https://www.youtube.com/watch?v=tD9sgC5tiuU,632,124,2331,https://www.youtube.com/watch?v=QaeYKW7J67Y,0,0,0,0,
9265e640081f4625bd36cd1235c75bc7,20000,1217307,1250,395,15076,https://www.youtube.com/watch?v=WhAItFqf9Pk,1179,391,15076,https://www.youtube.com/watch?v=WhAItFqf9Pk,11547,4057,11547,https://www.youtube.com/watch?v=OeO0H74gWOg,1621,0,0,0,
73b97b1a35c84579aa8ffcd6534efad3,19900,1090671,2186,723,20473,https://www.youtube.com/watch?v=G3VTY1SWdts,1364,547,20473,https://www.youtube.com/watch?v=G3VTY1SWdts,4954,2426,16205,https://www.youtube.com/watch?v=xh6xugukxT4,8840,0,0,0,
3197e5649c65405cbbe6e5f1a44cf8e1,19700,783783,1277,526,15369,https://www.youtube.com/watch?v=95uL_EasLWs,1277,705,15369,https://www.youtube.com/watch?v=95uL_EasLWs,1256,476,1922,https://www.youtube.com/watch?v=bn_wXS6qSRI,0,0,0,0,
8f12066334ed4c4dae19ca1152781e59,19600,361767,519,238,19969,https://www.youtube.com/watch?v=6_R2orfxw3U,488,253,1313,https://www.youtube.com/watch?v=PduZATgyNPU,3769,148,19969,https://www.youtube.com/watch?v=6_R2orfxw3U,235,0,0,0,
a667c79cb8284de29d5843dc3eafcc57,19600,122890,897,441,2085,https://www.youtube.com/watch?v=vupOitlP8pE,864,441,1526,https://www.youtube.com/watch?v=P-xY4bdwC44,1372,341,2085,https://www.youtube.com/watch?v=vupOitlP8pE,0,0,0,0,
4b8137b8ba4e4a4dad994e2e07e351fe,19400,81452,867,442,41921,https://www.youtube.com/watch?v=qTXIYj_bNlQ,0,0,0,,867,442,41921,https://www.youtube.com/watch?v=qTXIYj_bNlQ,42,0,0,0,
951dd0b605d04163b38de18262e9a438,19400,432308,254,152,721,https://www.youtube.com/watch?v=pB1W7kLJph8,254,152,721,https://www.youtube.com/watch?v=pB1W7kLJph8,0,0,0,,652,0,0,0,
fe569b0c059e406daf57eb2acd11cc21,19400,980171,813,330,6575,https://www.youtube.com/watch?v=ZTxO6tjGlr8,492,259,2832,https://www.youtube.com/watch?v=1mNx2GmL9K8,2523,826,6575,https://www.youtube.com/watch?v=ZTxO6tjGlr8,0,0,0,0,
896f74ae454b42a890e413bddc690335,19100,109496,686,331,6471,https://www.youtube.com/watch?v=2j4lk4iIISo,615,347,3831,https://www.youtube.com/watch?v=7Qfb6Hkup4s,1420,177,6471,https://www.youtube.com/watch?v=2j4lk4iIISo,336,242,192,339,https://www.twitch.tv/videos/2028036302
2a310e9273014b12a0517d13d25697e1,18900,678376,532,227,5313,https://www.youtube.com/watch?v=e1TRehmFWxM,582,270,2710,https://www.youtube.com/watch?v=0by4dLyTp6E,383,131,5313,https://www.youtube.com/watch?v=e1TRehmFWxM,0,0,0,0,
f928118054aa4e11aa4ec88504d8b886,18800,599233,1140,609,5168,https://www.youtube.com/watch?v=Ct7rRjJBVGA,963,333,5168,https://www.youtube.com/watch?v=Ct7rRjJBVGA,2354,687,3691,https://www.youtube.com/watch?v=RjL4LWwUg1U,169,0,0,0,
3dda133703f64b019d7eea0c5cb55335,18800,489271,0,0,0,,0,0,0,,0,0,0,,18603,1360,652,3183,https://www.twitch.tv/videos/2016797485
2a28e77671ae43d7bccec54e7e956dd9,18700,951383,623,205,8861,https://www.youtube.com/watch?v=2f2d2NiRUSY,589,175,8861,https://www.youtube.com/watch?v=2f2d2NiRUSY,3494,1828,3494,https://www.youtube.com/watch?v=2U08Z7U9cRU,0,0,0,0,
4fc5a770272a43f1bb0a1d12aa3a9b46,18700,1281516,516,324,645,https://www.youtube.com/watch?v=jn9doDNMv5k,611,322,645,https://www.youtube.com/watch?v=jn9doDNMv5k,405,400,405,https://www.youtube.com/watch?v=sUCxbF6G8-s,0,0,0,0,
549ccdec24884233bd675a2bab77cacf,18100,736115,940,507,2787,https://www.youtube.com/watch?v=WtB64hRwbUA,882,499,2015,https://www.youtube.com/watch?v=zVnzDtO0sz0,1850,778,2787,https://www.youtube.com/watch?v=WtB64hRwbUA,0,0,0,0,
c0c35f0471774be2b33163ae20f2d6bb,17800,672475,1122,681,76684,https://www.youtube.com/watch?v=qCrihRF4wvM,897,565,76684,https://www.youtube.com/watch?v=qCrihRF4wvM,12599,2853,19471,https://www.youtube.com/watch?v=htvnsS1bPQU,0,0,0,0,
9af7c10c618844f08a327d38753124bd,17700,365282,2040,883,6506,https://www.youtube.com/watch?v=FMP6p6vUrEs,2072,912,6506,https://www.youtube.com/watch?v=FMP6p6vUrEs,640,238,640,https://www.youtube.com/watch?v=MNviybmnj_0,0,0,0,0,
7e81a72484054a5c89f3826ebc8946be,17600,368941,2102,1156,6403,https://www.youtube.com/watch?v=KLi9ew4SaLk,2108,1126,6403,https://www.youtube.com/watch?v=KLi9ew4SaLk,1793,1341,2429,https://www.youtube.com/watch?v=OWdceU_uuPc,0,0,0,0,
f7c8264349654390a5e39810dc012a38,17400,902573,408,173,1448,https://www.youtube.com/watch?v=IJ7j1GaKsxg,417,175,1448,https://www.youtube.com/watch?v=IJ7j1GaKsxg,380,147,380,https://www.youtube.com/watch?v=dr51VMzIrPs,0,0,0,0,
0665fb3db61c43b5933f1de118625382,17300,1077867,0,0,0,,0,0,0,,0,0,0,,0,0,0,0,
9e351b7cdabd45c49c64074bc7d947ce,17100,0,0,0,0,,0,0,0,,0,0,0,,13023,5412,280,5412,https://www.twitch.tv/videos/2005547048
ae4eaef845fc4daaa8106a51a590e145,17000,582944,530,292,5910,https://www.youtube.com/watch?v=_pI0RKJ5Qo4,714,458,4245,https://www.youtube.com/watch?v=vNC3f-INj-0,329,224,5910,https://www.youtube.com/watch?v=_pI0RKJ5Qo4,0,0,0,0,
ebe5c5f9d67f44f3bc5e70b413ce9df7,17000,349133,1394,708,8274,https://www.youtube.com/watch?v=mvTj4uMnLB4,1465,721,8274,https://www.youtube.com/watch?v=mvTj4uMnLB4,1286,635,2700,https://www.youtube.com/watch?v=pGhqu6X-lGE,0,0,0,0,
2be709cdd22f4a63a95504731ba79afd,16900,478007,844,358,2327,https://www.youtube.com/watch?v=JQKx6cFyF38,844,358,2327,https://www.youtube.com/watch?v=JQKx6cFyF38,0,0,0,,0,0,0,0,
c9ece3513c804b3db003cd8fca683857,16800,608207,1002,508,1327,https://www.youtube.com/watch?v=RhV7MTuoCIM,1002,508,1327,https://www.youtube.com/watch?v=RhV7MTuoCIM,0,0,0,,5874,1143,698,2335,https://www.twitch.tv/videos/2019845151
b63a5ee44acf4498827a3fd984ab23e0,16800,981728,0,0,0,,0,0,0,,0,0,0,,0,0,0,0,
729621ce509b4641ad8cde76dec037d0,16400,277385,1543,849,5102,https://www.youtube.com/watch?v=bHAEFlPcPyQ,1602,882,3810,https://www.youtube.com/watch?v=l2uMii_jPQI,1368,759,5102,https://www.youtube.com/watch?v=bHAEFlPcPyQ,0,0,0,0,
a000aa1d3ea7489c993277d33ab2457e,16200,340311,3358,1336,7432,https://www.youtube.com/watch?v=u1u4PfpM3F4,3412,1336,7432,https://www.youtube.com/watch?v=u1u4PfpM3F4,2677,1562,4998,https://www.youtube.com/watch?v=w1ESZc0DQO4,0,0,0,0,
f928e57423634094b3d7d8461321c028,16000,220316,1098,715,12222,https://www.youtube.com/watch?v=Ws2yesn1oDQ,1098,717,12222,https://www.youtube.com/watch?v=Ws2yesn1oDQ,1101,314,1282,https://www.youtube.com/watch?v=og0gH6Lj9dk,0,0,0,0,
efe550a729e14dbab790a3f73205d8ed,16000,652872,552,240,1095,https://www.youtube.com/watch?v=TdBdL0UN0po,537,227,1095,https://www.youtube.com/watch?v=TdBdL0UN0po,679,265,735,https://www.youtube.com/watch?v=TtUbAWjgvZE,0,0,0,0,
6929e06cd9ed49739cadaa35115847c7,15900,280503,2848,1289,6121,https://www.youtube.com/watch?v=B_Q24atmR_4,2783,1165,6121,https://www.youtube.com/watch?v=B_Q24atmR_4,2913,1896,4204,https://www.youtube.com/watch?v=HQ1FKVoExkU,0,0,0,0,
3809ec8a42634d11aa1b7b8f99755c6a,15800,815448,28212,20956,28212,https://www.youtube.com/watch?v=DDyYQnEouc4,0,0,0,,28212,20956,28212,https://www.youtube.com/watch?v=DDyYQnEouc4,54601,5202,2226,12520,https://www.twitch.tv/videos/2022520590
f4cc8258f66e4276871f213aeaf93fbb,15800,262127,0,0,0,,0,0,0,,0,0,0,,3652,0,0,0,
6943bbfc993443d4b3853833b3bb1a66,15600,1128874,1247,928,17249,https://www.youtube.com/watch?v=f0zthzc9FMc,1056,414,17249,https://www.youtube.com/watch?v=f0zthzc9FMc,13313,7585,16906,https://www.youtube.com/watch?v=CmOFUC2gvbc,0,0,0,0,
f2a403cb46354371837550730a397bd1,15600,897345,710,457,9268,https://www.youtube.com/watch?v=hLRCYgIB9r8,643,343,1289,https://www.youtube.com/watch?v=gDH0oL9xZf4,1358,699,9268,https://www.youtube.com/watch?v=hLRCYgIB9r8,0,0,0,0,
d32bd28cd67b4e64a56b24f9a76dadcd,15500,798748,0,0,0,,0,0,0,,0,0,0,,318,0,0,0,
f6a8c59d8b8d4e009d4e147ec268cd73,15500,454180,1539,865,11223,https://www.youtube.com/watch?v=mdgGh6KgOj4,1580,963,11223,https://www.youtube.com/watch?v=mdgGh6KgOj4,654,217,690,https://www.youtube.com/watch?v=kA0Alxfo58o,2645,944,834,1274,https://www.twitch.tv/videos/2027208036
cd88de8b4bc84a71975df9afb42192b8,15500,1053711,985,566,6089,https://www.youtube.com/watch?v=v0QIyMgeGIY,968,548,6089,https://www.youtube.com/watch?v=v0QIyMgeGIY,1683,1224,2373,https://www.youtube.com/watch?v=-HB6xuP46hM,2893,0,0,0,
adc9d30b5940427e96ae92238f0f8b83,15500,275248,544,293,5125,https://www.youtube.com/watch?v=PJEB4xxbMaQ,532,292,5125,https://www.youtube.com/watch?v=PJEB4xxbMaQ,568,313,568,https://www.youtube.com/watch?v=qKienAP_jck,654,0,0,0,
05e831b267914fc5b4d9b28de1f648dc,15500,594251,1624,741,2640,https://www.youtube.com/watch?v=Pw8Tf48Tcuk,1872,862,2640,https://www.youtube.com/watch?v=Pw8Tf48Tcuk,554,176,554,https://www.youtube.com/watch?v=FXpDpxTViGQ,0,0,0,0,
d35707348d554507a98f97eb59230efc,15400,682523,849,524,3901,https://www.youtube.com/watch?v=X7qNIBJnk3Y,839,511,3001,https://www.youtube.com/watch?v=hHBF1T6RaTA,873,715,3901,https://www.youtube.com/watch?v=X7qNIBJnk3Y,1129,0,0,0,
60282d578bb747b8b232dba81168a5b6,15200,276758,2287,1141,6556,https://www.youtube.com/watch?v=KOJFWi3W5GM,2287,1141,6556,https://www.youtube.com/watch?v=KOJFWi3W5GM,2982,1276,5477,https://www.youtube.com/watch?v=1mUEng3TI-I,0,0,0,0,
da4a58b114b94469a0a93f6b8ee7512d,15100,585598,530,178,655,https://www.youtube.com/watch?v=LBNan85Kfc4,530,178,655,https://www.youtube.com/watch?v=LBNan85Kfc4,440,163,589,https://www.youtube.com/watch?v=5hK6nyisPKU,10587,238,132,238,https://www.twitch.tv/videos/2018905638
05be4fb717614738a87daac46157ddb1,15000,725347,652,412,2252,https://www.youtube.com/watch?v=O0DiQFwIGio,643,412,2252,https://www.youtube.com/watch?v=O0DiQFwIGio,1601,550,1601,https://www.youtube.com/watch?v=XQwRJIhh9qw,0,0,0,0,
0b63fa89b80e4649b0297d156ed1c791,14900,842752,2083,1297,5706,https://www.youtube.com/watch?v=6jfwNhRZthQ,4726,1626,5706,https://www.youtube.com/watch?v=6jfwNhRZthQ,1844,1297,2216,https://www.youtube.com/watch?v=3YpLNrmjQ2w,0,0,0,0,
e150e350532b4327b26989dd43cd3bad,14800,605450,856,452,5809,https://www.youtube.com/watch?v=UTE8r6Xt7cQ,835,386,4662,https://www.youtube.com/watch?v=cRQlkpUOcuU,1312,710,5809,https://www.youtube.com/watch?v=UTE8r6Xt7cQ,183,0,0,0,
1edf4940878546569e52dd06c95b8581,14700,845970,1170,471,3251,https://www.youtube.com/watch?v=dOPkaSPluyE,1546,542,3251,https://www.youtube.com/watch?v=dOPkaSPluyE,339,163,2829,https://www.youtube.com/watch?v=64NqrtXVIzg,0,0,0,0,
6c7a8b443aa942a89a83485c98d10559,14300,1100696,1701,897,12855,https://www.youtube.com/watch?v=_xnA3iae3pI,1288,330,1924,https://www.youtube.com/watch?v=pVTqaVywqAY,3082,1313,12855,https://www.youtube.com/watch?v=_xnA3iae3pI,0,0,0,0,
5d00575c06d74f588238857d7dec1b02,14200,879424,1648,726,38537,https://www.youtube.com/watch?v=C4s1VKvFlQ8,1442,622,38537,https://www.youtube.com/watch?v=C4s1VKvFlQ8,2489,1291,12216,https://www.youtube.com/watch?v=shlDydJb12Y,0,0,0,0,
77533b0fb2324e33bff67fbbf4daf13f,14100,3481376,1309,737,2049,https://www.youtube.com/watch?v=UAF2cUGmyMs,1453,971,2049,https://www.youtube.com/watch?v=UAF2cUGmyMs,765,647,797,https://www.youtube.com/watch?v=9BvT3JxArGY,1451,0,0,0,
02d67d58d59644be9cdf0b1179419637,14000,89816,5424,3248,42270,https://www.youtube.com/watch?v=uePeOYMAsBg,0,0,0,,5424,3248,42270,https://www.youtube.com/watch?v=uePeOYMAsBg,0,0,0,0,
239947732521428d946087065b7c8e17,13500,523866,955,723,8597,https://www.youtube.com/watch?v=6COWFB3zkVQ,955,770,6744,https://www.youtube.com/watch?v=YhIszyNPt9o,946,414,8597,https://www.youtube.com/watch?v=6COWFB3zkVQ,0,0,0,0,
e9ec2395070144b0af7231570e06a743,13400,269450,468,202,1779,https://www.youtube.com/watch?v=7S78XT6CnEQ,477,214,1391,https://www.youtube.com/watch?v=RrpxpB0LgNc,390,177,1779,https://www.youtube.com/watch?v=7S78XT6CnEQ,0,0,0,0,
abc7acc71b474ebebecfde51ad5f88e1,13300,404413,747,545,5539,https://www.youtube.com/watch?v=dOK5g-GnyUU,747,478,5539,https://www.youtube.com/watch?v=dOK5g-GnyUU,738,579,951,https://www.youtube.com/watch?v=BYj5Ne1CGYs,1631,0,0,0,
2d57d202ef8e46a5871302b944309bc2,13100,1988635,144,92,1183,https://www.youtube.com/watch?v=8gq0VmbOEfc,120,87,144,https://www.youtube.com/watch?v=7SsD5iTkMfE,328,186,1183,https://www.youtube.com/watch?v=8gq0VmbOEfc,0,0,0,0,
793e165182584e9aaee5dcc331abbb1e,13100,425633,360,202,360,https://www.youtube.com/watch?v=qG-46tUIMrY,360,202,360,https://www.youtube.com/watch?v=qG-46tUIMrY,0,0,0,,1787,220,118,258,https://www.twitch.tv/videos/2017868928
18bd2d37e2e64f0cab20ec6a2b2f2474,13000,344656,342,168,3341,https://www.youtube.com/watch?v=jVUNZc3IBZE,330,162,550,https://www.youtube.com/watch?v=yB5JrlMJ87Q,574,455,3341,https://www.youtube.com/watch?v=jVUNZc3IBZE,1307,155,131,188,https://www.twitch.tv/videos/2026396493
28a930938667442288010b333937e2ab,12800,964241,980,281,7520,https://www.youtube.com/watch?v=jCdv75z4ob0,595,312,595,https://www.youtube.com/watch?v=Mh2b6P-wfTs,1123,250,7520,https://www.youtube.com/watch?v=jCdv75z4ob0,6283,3767,917,6253,https://www.twitch.tv/videos/2017882164
af9cab022b2d4d1cb7e57246975842c4,12700,627429,0,0,0,,0,0,0,,0,0,0,,0,0,0,0,
b6f68e0e323f45458752f3a7ec6a08f2,12600,649496,3188,1763,13895,https://www.youtube.com/watch?v=s_g0AOuNS1Q,2664,1745,13895,https://www.youtube.com/watch?v=s_g0AOuNS1Q,3188,1763,6093,https://www.youtube.com/watch?v=hWk40VN_8sc,539,423,335,545,https://www.twitch.tv/videos/2029369876
0bfd032de03c48a4bd7d1f4505335a7d,12500,315098,538,200,1568,https://www.youtube.com/watch?v=XXBIMTSUEek,537,195,1040,https://www.youtube.com/watch?v=LLGfeXsgo4U,1568,1067,1568,https://www.youtube.com/watch?v=XXBIMTSUEek,0,0,0,0,
390346240f4748bd9d81e472411c20c2,12400,264119,166,107,442,https://www.youtube.com/watch?v=_3WNbsKimxI,134,90,426,https://www.youtube.com/watch?v=kQrcPBKLYM4,180,118,442,https://www.youtube.com/watch?v=_3WNbsKimxI,3371,202,185,422,https://www.twitch.tv/videos/2019621580
7b2c8df9fd9d4f33bd5ec0c38f12826f,12400,248979,0,0,0,,0,0,0,,0,0,0,,6620,0,0,0,
d5c19a6328af48ba88bf41b2dd757f14,12400,464600,208,68,1310,https://www.youtube.com/watch?v=OpHADUzhLvo,197,57,1310,https://www.youtube.com/watch?v=OpHADUzhLvo,538,135,538,https://www.youtube.com/watch?v=GkbVfyBYcQw,0,0,0,0,
1d2404a7bd5a4baab9473392d62e7ca9,12300,319146,2189,1229,4907,https://www.youtube.com/watch?v=zV7xqcD3SAQ,1508,1203,4907,https://www.youtube.com/watch?v=zV7xqcD3SAQ,3743,1413,4421,https://www.youtube.com/watch?v=0MIpDiehVL4,6147,4120,1368,8268,https://www.twitch.tv/videos/2018832803
71cee502a14d4ef1b9b0264fa2db8987,12200,453247,878,379,8417,https://www.youtube.com/watch?v=Svb5od1RDkU,846,379,8417,https://www.youtube.com/watch?v=Svb5od1RDkU,3132,378,8023,https://www.youtube.com/watch?v=5qUPHFGcm-Y,1939,712,508,928,https://www.twitch.tv/videos/2027212274
67d348e6690c43729cce031e70a26645,12200,187101,847,130,2295,https://www.youtube.com/watch?v=Tkv-91q4sgU,729,231,1006,https://www.youtube.com/watch?v=Gq9uDHCZxko,1492,67,2295,https://www.youtube.com/watch?v=Tkv-91q4sgU,18221,3859,1926,13443,https://www.twitch.tv/videos/2027339917
fa3bc2669fe041dfaa0765278ffd6330,12100,403886,0,0,0,,0,0,0,,0,0,0,,2457,0,0,0,
ed3f69b9de7c43f3a32b4e7dfdb5bfd0,12000,265399,382,169,806,https://www.youtube.com/watch?v=DNsumsiHi6E,382,169,806,https://www.youtube.com/watch?v=DNsumsiHi6E,437,187,572,https://www.youtube.com/watch?v=0K6NDAHifHs,0,0,0,0,
f78c2a00a6854a79930a52885181590c,11900,515770,0,0,0,,0,0,0,,0,0,0,,895,0,0,0,
8150f530d858418282811429cc32622b,11900,698596,506,276,4527,https://www.youtube.com/watch?v=3REYrp-UaU8,538,281,4527,https://www.youtube.com/watch?v=3REYrp-UaU8,205,126,451,https://www.youtube.com/watch?v=8SJ9dq_SBmM,7706,274,208,799,https://www.twitch.tv/videos/2025388013
b165ca888a7d4f61b754ac53ca374f11,11800,687479,352,126,352,https://www.youtube.com/watch?v=VvQo1pE2_vY,352,126,352,https://www.youtube.com/watch?v=VvQo1pE2_vY,0,0,0,,0,0,0,0,
824c0c36956f4a73bb3ec479dd8e4da8,11600,335810,532,247,6662,https://www.youtube.com/watch?v=5Z5ZgQUZPZ4,487,218,786,https://www.youtube.com/watch?v=ZijMIwet9NA,668,310,6662,https://www.youtube.com/watch?v=5Z5ZgQUZPZ4,1350,0,0,0,
6559d42f66684b8f80b4cd4589addd85,11600,587331,346,160,610,https://www.youtube.com/watch?v=gAq74YqmxnQ,346,160,610,https://www.youtube.com/watch?v=gAq74YqmxnQ,0,0,0,,3395,240,174,290,https://www.twitch.tv/videos/2018882004
19234cc590224c45912a14487f756dc5,11500,370845,623,447,3314,https://www.youtube.com/watch?v=9JeJvZgK8JU,517,328,3314,https://www.youtube.com/watch?v=9JeJvZgK8JU,932,628,1446,https://www.youtube.com/watch?v=cvBRLpgIi9E,629,407,297,557,https://www.twitch.tv/videos/2019640836
221563b6b46245379c6dc6328c9d0447,11500,828261,519,151,1333,https://www.youtube.com/watch?v=vwfuGTj0Ms8,791,269,791,https://www.youtube.com/watch?v=eua-B-O2-_8,248,139,1333,https://www.youtube.com/watch?v=vwfuGTj0Ms8,0,0,0,0,
8ee549546bb14154b5e1fcaf3dd51f09,11300,270414,432,183,697,https://www.youtube.com/watch?v=f6PckcDwdS4,302,240,697,https://www.youtube.com/watch?v=f6PckcDwdS4,562,47,562,https://www.youtube.com/watch?v=ukwtmWL_zkk,980,23,22,23,https://www.twitch.tv/videos/2031321973
d3a75c3d9f204420808f38ed629becf4,11300,193340,513,238,2765,https://www.youtube.com/watch?v=byf3yXQ66OY,513,192,2765,https://www.youtube.com/watch?v=byf3yXQ66OY,775,305,2090,https://www.youtube.com/watch?v=oJvRNw63VVY,0,0,0,0,
08184fac3ec1408a8009f2e7078794dd,11300,490304,1124,251,2696,https://www.youtube.com/watch?v=DkZc631Hswo,696,304,2696,https://www.youtube.com/watch?v=DkZc631Hswo,1552,139,1552,https://www.youtube.com/watch?v=kP5E-fEpf7s,0,0,0,0,
bb08b8a2a44746499cbe1be1932fa5f9,11200,45211,41,14,184,https://www.youtube.com/watch?v=nvqsd6cVRJI,78,51,184,https://www.youtube.com/watch?v=nvqsd6cVRJI,29,14,125,https://www.youtube.com/watch?v=QUXFT5oOIz4,0,0,0,0,
911d3403c8e84dc3b0c4a2f6017698b6,11200,302841,1154,739,14128,https://www.youtube.com/watch?v=x37b8x-KZjA,1222,851,12718,https://www.youtube.com/watch?v=N9CEIbeHPtk,892,311,14128,https://www.youtube.com/watch?v=x37b8x-KZjA,0,0,0,0,
59110c6bf6e64ce6bdf86b40246dc106,11200,304971,1227,406,8022,https://www.youtube.com/watch?v=pY3PRAd7UfI,1092,442,8022,https://www.youtube.com/watch?v=pY3PRAd7UfI,1774,390,2846,https://www.youtube.com/watch?v=4p-9uEP7HrE,0,0,0,0,
6a30fc9ee6f24d839198497406c63cc1,11100,1038208,143,63,5229,https://www.youtube.com/watch?v=CJXojME1QRo,138,56,218,https://www.youtube.com/watch?v=cluNVrMkT_M,212,80,5229,https://www.youtube.com/watch?v=CJXojME1QRo,352,0,0,0,
15cbed02d2f74630b04b73515909c1f4,11000,328992,306,166,1084,https://www.youtube.com/watch?v=VwZykmOrsPY,291,185,1084,https://www.youtube.com/watch?v=VwZykmOrsPY,382,148,1017,https://www.youtube.com/watch?v=imRc-oGYiRw,1935,233,201,928,https://www.twitch.tv/videos/2022276418
090be1be8d29429183e190e22fc4be22,11000,438939,174,91,730,https://www.youtube.com/watch?v=hWhXy-PfQ_g,179,88,730,https://www.youtube.com/watch?v=hWhXy-PfQ_g,170,94,170,https://www.youtube.com/watch?v=PO99J2uP2g0,2700,189,157,925,https://www.twitch.tv/videos/2019628219
dad6fb7439d744739755a9a7c6c18d20,11000,518043,976,426,16191,https://www.youtube.com/watch?v=rlRGHhymX7I,976,426,16191,https://www.youtube.com/watch?v=rlRGHhymX7I,951,376,2810,https://www.youtube.com/watch?v=ZC8gg13B8bU,215,103,91,103,https://www.twitch.tv/videos/2028273529
75d0bd5fa58a4a5fb479e3b2ebae82a7,10800,329393,222,112,430,https://www.youtube.com/watch?v=J_uZLTMq0Wc,222,112,430,https://www.youtube.com/watch?v=J_uZLTMq0Wc,0,0,0,,0,0,0,0,
767afb93c0454b6291ea94d28ae5b5de,10700,185953,957,517,2742,https://www.youtube.com/watch?v=Nnv6ELys6Tw,1057,526,2742,https://www.youtube.com/watch?v=Nnv6ELys6Tw,373,168,373,https://www.youtube.com/watch?v=KtvSEk1LJdU,4965,1264,764,2914,https://www.twitch.tv/videos/2024236079
2d8030df89d042fba678da36c8f68aea,10600,380678,392,146,1433,https://www.youtube.com/watch?v=D99eC8jAMu4,392,146,1433,https://www.youtube.com/watch?v=D99eC8jAMu4,0,0,0,,0,0,0,0,
656455380d524045b9f75d6082563f94,10600,797292,453,220,1395,https://www.youtube.com/watch?v=polQvL7m8rA,276,169,591,https://www.youtube.com/watch?v=E7KXe8jwnDY,690,301,1395,https://www.youtube.com/watch?v=polQvL7m8rA,514,159,152,159,https://www.twitch.tv/videos/2030197319
ec4bc8d279af43eaba4679b762bbbc59,10600,205883,1324,555,5585,https://www.youtube.com/watch?v=FUymQkA2SrI,1324,559,3351,https://www.youtube.com/watch?v=q6UtriwMOAk,2035,531,5585,https://www.youtube.com/watch?v=FUymQkA2SrI,0,0,0,0,
d2c76258b7ff45ee88e3585c4c9ed0c1,10500,265452,675,493,1488,https://www.youtube.com/watch?v=jAdcTMRvOJ4,607,445,1488,https://www.youtube.com/watch?v=jAdcTMRvOJ4,818,690,818,https://www.youtube.com/watch?v=OJ6CtMkUf_s,3360,361,254,613,https://www.twitch.tv/videos/2024465686
80f7b111f0e044abae4c37f6a96b5957,10400,171884,252,132,1375,https://www.youtube.com/watch?v=BK7w9dVl-Ak,261,149,1375,https://www.youtube.com/watch?v=BK7w9dVl-Ak,66,59,77,https://www.youtube.com/watch?v=rtYrzI-RZ1I,0,0,0,0,
4fd17e8877024633876c5d85bc81e56b,10400,704914,2947,1081,22641,https://www.youtube.com/watch?v=C1kDCrcaESw,1219,814,22641,https://www.youtube.com/watch?v=C1kDCrcaESw,4874,2297,9919,https://www.youtube.com/watch?v=ZCcSZ0BjHf0,0,0,0,0,
e02e777312df43b986f089339652402e,10400,0,0,0,0,,0,0,0,,0,0,0,,0,0,0,0,
e9a9d88bf69e4c83842fe05b3ae1601b,10200,329772,764,386,6387,https://www.youtube.com/watch?v=BPIIgT4GyXk,602,318,938,https://www.youtube.com/watch?v=RwKsBPnKE1k,6387,2056,6387,https://www.youtube.com/watch?v=BPIIgT4GyXk,0,0,0,0,
5d8a211269e449868dc84cc422ae0ec7,10100,233752,528,213,3422,https://www.youtube.com/watch?v=taZw1qm4H5c,512,231,945,https://www.youtube.com/watch?v=GHBL_fs-GzI,3422,177,3422,https://www.youtube.com/watch?v=taZw1qm4H5c,0,0,0,0,
42844ee6e0cc47938829b43a3101b9bb,10100,63868,0,0,0,,0,0,0,,0,0,0,,4235,3350,1481,10074,https://www.twitch.tv/videos/2009200857
43864254e678407fae3dc899f7155912,10000,311447,272,128,1748,https://www.youtube.com/watch?v=_ebpFkJgwRU,255,128,379,https://www.youtube.com/watch?v=qiG3zEuLk6g,864,326,1748,https://www.youtube.com/watch?v=_ebpFkJgwRU,0,0,0,0,
9e485b7b44e34693ad25bd04be743dbc,10000,387882,0,0,0,,0,0,0,,0,0,0,,0,0,0,0,
b77374e93bbf4e289a5b6082a7b43c3c,10000,451870,549,326,10027,https://www.youtube.com/watch?v=3wTh5lBL7jU,413,182,577,https://www.youtube.com/watch?v=2uMnJ2JTKrc,2952,958,10027,https://www.youtube.com/watch?v=3wTh5lBL7jU,0,0,0,0,
14d83faa414c415097d577d2da9636ce,9930,486073,273,133,416,https://www.youtube.com/watch?v=iqYMwL2XTGs,131,123,131,https://www.youtube.com/watch?v=z-6OPvce1N8,416,144,416,https://www.youtube.com/watch?v=iqYMwL2XTGs,0,0,0,0,
8dd4a8b4598e483e9112b2b1a9466013,9780,2418023,168,75,1783,https://www.youtube.com/watch?v=hPqPX_Sisrc,138,71,196,https://www.youtube.com/watch?v=-YHOdd8fr3M,443,137,1783,https://www.youtube.com/watch?v=hPqPX_Sisrc,210,0,0,0,
b57162e62056494d85f1743abdbad648,9680,404058,532,272,2640,https://www.youtube.com/watch?v=k7pLl2IetfU,462,216,1243,https://www.youtube.com/watch?v=sR2cQL2yhVQ,2591,2022,2640,https://www.youtube.com/watch?v=k7pLl2IetfU,279,0,0,0,
aa1ff405338c41b98ff7197eb4d90349,9600,53072,4223,955,24169,https://www.youtube.com/watch?v=7U8t-UTaIgA,0,0,0,,4223,955,24169,https://www.youtube.com/watch?v=7U8t-UTaIgA,0,0,0,0,
c518b228a5a849179ab26f28d230036e,9550,66725,429,163,22228,https://www.youtube.com/watch?v=5_uJjrlH7t0,429,163,22228,https://www.youtube.com/watch?v=5_uJjrlH7t0,3290,308,6535,https://www.youtube.com/watch?v=iL64ZqL36lw,0,0,0,0,
3cf8b7b95c244f0d9cba700f561c9737,9530,356062,0,0,0,,0,0,0,,0,0,0,,0,0,0,0,
22fd5004e4a34134b6855525e01cda73,9510,208350,352,143,919,https://www.youtube.com/watch?v=5hE2q2xVTgk,265,143,919,https://www.youtube.com/watch?v=5hE2q2xVTgk,490,203,573,https://www.youtube.com/watch?v=R5FSGJVKQe4,0,0,0,0,
51cd04cab0de47d4b2b5a156bbe2dfb0,9430,204942,361,221,1952,https://www.youtube.com/watch?v=RI4GBLuzkuU,339,210,519,https://www.youtube.com/watch?v=AoLKSNqFpiA,787,648,1952,https://www.youtube.com/watch?v=RI4GBLuzkuU,0,0,0,0,
1eec022f916a46b58f5124936afdabe3,9360,91735,191,74,566,https://www.youtube.com/watch?v=oLPYl0U1EvQ,191,85,566,https://www.youtube.com/watch?v=oLPYl0U1EvQ,185,26,238,https://www.youtube.com/watch?v=4g0Caz9dNgU,0,0,0,0,
a7145a6e0ede44dfbef984d9dc22534f,9360,357486,510,214,3143,https://www.youtube.com/watch?v=v-HAQI4PP1o,396,185,1241,https://www.youtube.com/watch?v=HJipqxpiGEI,804,324,3143,https://www.youtube.com/watch?v=v-HAQI4PP1o,0,0,0,0,
86cb23450c22439e91affb91db6ed326,9350,181161,0,0,0,,0,0,0,,0,0,0,,0,0,0,0,
0f595c5e48be4f29befb358388a61f8b,9160,282046,466,193,18089,https://www.youtube.com/watch?v=qARQMjuZYCs,395,94,1419,https://www.youtube.com/watch?v=x-5gZigsbKg,2488,1785,18089,https://www.youtube.com/watch?v=qARQMjuZYCs,159,92,83,143,https://www.twitch.tv/videos/2026398464
14770d49681b44c1a6a7fcbdc265f539,9060,427144,2092,393,2572,https://www.youtube.com/watch?v=RIro7na6InY,1081,393,1081,https://www.youtube.com/watch?v=GbICsPXgCDo,2332,558,2572,https://www.youtube.com/watch?v=RIro7na6InY,0,0,0,0,
78195639f2464c75a84f79d46120e28a,8930,191684,0,0,0,,0,0,0,,0,0,0,,4806,0,0,0,
52e472aa762449b585c45a2d578bdf41,8870,332896,1101,278,8905,https://www.youtube.com/watch?v=9zAMMqMBf0Y,652,268,8905,https://www.youtube.com/watch?v=9zAMMqMBf0Y,1251,280,6251,https://www.youtube.com/watch?v=IOviZSaqMsU,0,0,0,0,
c51f84b3ec9c4501a364a6a4982fa284,8850,284631,0,0,0,,0,0,0,,0,0,0,,2606,424,263,581,https://www.twitch.tv/videos/2023337222
cdb5c89f61c94949a989457cf549b7e4,8830,290023,471,267,1069,https://www.youtube.com/watch?v=YKQEcDG-zUQ,578,419,1069,https://www.youtube.com/watch?v=YKQEcDG-zUQ,373,144,936,https://www.youtube.com/watch?v=TPGEwQ2aeKU,0,0,0,0,
423dd7da92be47f4af7273c5f74efb27,8780,363241,0,0,0,,0,0,0,,0,0,0,,37700,2637,908,4806,https://www.twitch.tv/videos/2019544720
fefbcad20d8344c79c74a103d0ea45b2,8740,221585,200,105,1656,https://www.youtube.com/watch?v=KOtlfHjsAbo,241,143,410,https://www.youtube.com/watch?v=BcsvdK-RERU,200,70,1656,https://www.youtube.com/watch?v=KOtlfHjsAbo,0,0,0,0,
7298d2db845840d7ab462c7628967f4e,8500,330362,290,145,375,https://www.youtube.com/watch?v=UTwLyOFb7pA,290,145,375,https://www.youtube.com/watch?v=UTwLyOFb7pA,0,0,0,,0,0,0,0,
4b53aa789e544bd9aaecc9fbc79e4bbe,8490,600313,478,152,620,https://www.youtube.com/watch?v=D1BatSflHXM,337,289,337,https://www.youtube.com/watch?v=JRCXZVwY4gc,620,15,620,https://www.youtube.com/watch?v=D1BatSflHXM,0,0,0,0,
3005ff0c09064d7f924c506e1e9c18ba,8480,213384,3422,2511,4180,https://www.youtube.com/watch?v=ieT2bWRj9Zs,0,0,0,,3422,2511,4180,https://www.youtube.com/watch?v=ieT2bWRj9Zs,10405,2512,1073,4506,https://www.twitch.tv/videos/2012754296
a11814b8fb494b0c88170f182aa37cf9,8450,202733,595,266,2694,https://www.youtube.com/watch?v=l2BbQuhzFfk,595,266,2694,https://www.youtube.com/watch?v=l2BbQuhzFfk,807,252,1388,https://www.youtube.com/watch?v=l9xFhJVGLIg,0,0,0,0,
c163cb7f683c453fa8a994ebbb09ede8,8340,124602,166,34,245,https://www.youtube.com/watch?v=46gv6Jl8uGI,166,34,245,https://www.youtube.com/watch?v=46gv6Jl8uGI,0,0,0,,0,0,0,0,
1434ae451f81469da327f32c387b9df0,8230,184715,494,47,677,https://www.youtube.com/watch?v=qVOOy8qlYKU,494,47,677,https://www.youtube.com/watch?v=qVOOy8qlYKU,0,0,0,,0,0,0,0,
b7f222493f4d4bd1be65f1c08300b45e,8220,260636,189,103,1213,https://www.youtube.com/watch?v=xwS2w_EyNcw,193,108,1213,https://www.youtube.com/watch?v=xwS2w_EyNcw,96,34,96,https://www.youtube.com/watch?v=sJhVqxeMVbQ,0,0,0,0,
1c94e6e4d8cf4f8d9195385a9024275a,8120,78752,0,0,0,,0,0,0,,0,0,0,,412,0,0,0,
d407b30c72a841bd82af1f5cc8ec0667,8110,296852,1270,848,2498,https://www.youtube.com/watch?v=HY_OelDQcYA,457,309,2498,https://www.youtube.com/watch?v=HY_OelDQcYA,1514,1011,1759,https://www.youtube.com/watch?v=-JU2d9y9u9k,5350,0,0,0,
2e9fc0ba8558414ba1888ce3a516fc1b,8060,798195,0,0,0,,0,0,0,,0,0,0,,0,0,0,0,
b92c6e4c3bea4b938077a8f152f78083,8030,55768,0,0,0,,0,0,0,,0,0,0,,0,0,0,0,
72cc5bf1729245618e1f10da0b796d53,8020,277032,468,220,7866,https://www.youtube.com/watch?v=wac9ncEnlfs,441,189,7866,https://www.youtube.com/watch?v=wac9ncEnlfs,1430,483,2209,https://www.youtube.com/watch?v=G3LUiu0wP9M,1498,0,0,0,
9d153fd60b584d31b600bca66a86e452,8020,322420,1729,262,6192,https://www.youtube.com/watch?v=9Rmw-ZLuxDk,1729,262,6192,https://www.youtube.com/watch?v=9Rmw-ZLuxDk,0,0,0,,0,0,0,0,
41a8958a1a4a4cc8b404d04da033400e,7990,325443,1054,150,1054,https://www.youtube.com/watch?v=bJm40MjJfAI,1054,150,1054,https://www.youtube.com/watch?v=bJm40MjJfAI,0,0,0,,477,0,0,0,
209a528363cd411886ec9e5d086ff1bc,7950,575291,309,145,580,https://www.youtube.com/watch?v=2_1xhu2afko,309,145,580,https://www.youtube.com/watch?v=2_1xhu2afko,0,0,0,,580,167,142,348,https://www.twitch.tv/videos/2023455567
55be1972142c44799f83ce3db4f14fbd,7900,340639,567,284,4406,https://www.youtube.com/watch?v=qS7VFPJcEaY,378,204,817,https://www.youtube.com/watch?v=6owsbKlKsVU,1398,564,4406,https://www.youtube.com/watch?v=qS7VFPJcEaY,0,0,0,0,
496b5a2dae1a4662806f858e8d40c5ea,7850,268197,0,0,0,,0,0,0,,0,0,0,,0,0,0,0,
538d1d2058da4bdea1c7f43f088e995b,7800,191220,460,124,863,https://www.youtube.com/watch?v=8UwU8q8W0RI,482,158,863,https://www.youtube.com/watch?v=8UwU8q8W0RI,238,49,238,https://www.youtube.com/watch?v=875M8Z8gjkc,3345,0,0,0,
8c3af9f56a3f4f1d84fcfcfa9f280c8d,7790,386374,296,152,1385,https://www.youtube.com/watch?v=tNznP-DVgIk,289,156,1316,https://www.youtube.com/watch?v=oVauvzugQ6Y,536,94,1385,https://www.youtube.com/watch?v=tNznP-DVgIk,0,0,0,0,
590a2bca0051444fb98915e5d761d47c,7670,58817,0,0,0,,0,0,0,,0,0,0,,23561,0,0,0,
f3404208a69741c481201fffcdea3d9e,7650,130821,178,11,216,https://www.youtube.com/watch?v=vm0bcx3Qx5A,0,0,0,,178,11,216,https://www.youtube.com/watch?v=vm0bcx3Qx5A,0,0,0,0,
7cecb437e7a54e07a29c3a164565957d,7570,156472,443,227,1283,https://www.youtube.com/watch?v=sVQ_wMNv1zQ,454,292,1283,https://www.youtube.com/watch?v=sVQ_wMNv1zQ,70,69,70,https://www.youtube.com/watch?v=x2AlPS7LTig,0,0,0,0,
b4bf821f6a6a440996f4fd9cddaf250b,7560,292414,180,59,246,https://www.youtube.com/watch?v=I8luxf0gaN4,180,59,246,https://www.youtube.com/watch?v=I8luxf0gaN4,0,0,0,,305,0,0,0,
936b23e5e87144108c5d3f09f194c8b8,7480,445655,1767,515,7260,https://www.youtube.com/watch?v=JsTekqNRbo4,684,313,5661,https://www.youtube.com/watch?v=hAb3aE-VKtU,3410,973,7260,https://www.youtube.com/watch?v=JsTekqNRbo4,7097,0,0,0,
91919c2ad07a4db88e0b4cfbc1739940,7460,144924,483,266,2066,https://www.youtube.com/watch?v=EtLDqNk1GFY,483,266,1772,https://www.youtube.com/watch?v=zAyZfHlor6Q,778,349,2066,https://www.youtube.com/watch?v=EtLDqNk1GFY,0,0,0,0,
d5aa3e4d1b5e4346baaa0db456048bfa,7390,78841,221,113,9209,https://www.youtube.com/watch?v=IiccxEH52Oc,220,113,503,https://www.youtube.com/watch?v=DJ_xulzG49w,6305,2012,9209,https://www.youtube.com/watch?v=IiccxEH52Oc,0,0,0,0,
00bdfa7c234a47b285152f675d6c650a,7330,1858744,0,0,0,,0,0,0,,0,0,0,,0,0,0,0,
4571c7a211b945f3b608c0066f7e73e4,7270,1304160,180,85,347,https://www.youtube.com/watch?v=iIhhcTSiOcM,180,107,307,https://www.youtube.com/watch?v=pCu3-Uswo2s,250,56,347,https://www.youtube.com/watch?v=iIhhcTSiOcM,699,0,0,0,
823311ac8226476e8d1e323f536bf8b1,7260,129654,410,331,2478,https://www.youtube.com/watch?v=wiHsICxVe0w,410,331,2478,https://www.youtube.com/watch?v=wiHsICxVe0w,0,0,0,,667,0,0,0,
13a520e0a60c4aeea42f1c4d613e7e10,7250,232869,0,0,0,,0,0,0,,0,0,0,,502,0,0,0,
bac1f0b8e8d149d4a48cfd30d7d7ad74,7240,451609,434,286,6469,https://www.youtube.com/watch?v=WrIWA-H1GP4,632,301,6469,https://www.youtube.com/watch?v=WrIWA-H1GP4,279,6,279,https://www.youtube.com/watch?v=Nxf-4rvE98Y,0,0,0,0,
3569cab127ab4bf9af790de9a999a5f8,7220,137822,433,190,1152,https://www.youtube.com/watch?v=CHMWBYZL-zw,426,188,1152,https://www.youtube.com/watch?v=CHMWBYZL-zw,568,334,568,https://www.youtube.com/watch?v=m5SsygUo-yg,0,0,0,0,
cf66d52e3a4146dbaf03c1578fc25c47,7210,232385,199,115,1919,https://www.youtube.com/watch?v=g8_GS9hYFNg,165,75,212,https://www.youtube.com/watch?v=sTTckeCozLU,667,639,1919,https://www.youtube.com/watch?v=g8_GS9hYFNg,935,0,0,0,
aaa45dc386714427ba862f691d4471ac,7200,238129,2096,702,4097,https://www.youtube.com/watch?v=fz9EiFN3-yg,2238,902,4097,https://www.youtube.com/watch?v=fz9EiFN3-yg,1240,383,3254,https://www.youtube.com/watch?v=y5DbjvoBWnY,563,0,0,0,
fd7a69505569429fb845ac056825f3a9,7180,208621,406,201,2299,https://www.youtube.com/watch?v=3AwsSN6jUos,355,194,2299,https://www.youtube.com/watch?v=3AwsSN6jUos,872,238,1861,https://www.youtube.com/watch?v=FXLOHlnnNIk,0,0,0,0,
543ddfe1d70d4a19920f6daa1959b3b4,7170,0,0,0,0,,0,0,0,,0,0,0,,0,0,0,0,
3e1c8d17663e49158b54330fdac1a308,7170,67046,0,0,0,,0,0,0,,0,0,0,,860,0,0,0,
03b825a2908749099e40cd4a4d1169aa,6970,156211,0,0,0,,0,0,0,,0,0,0,,0,0,0,0,
e11a32eec71e4b49aba5525ba012a02a,6910,228082,338,192,2297,https://www.youtube.com/watch?v=A8mTnX-suT4,320,192,734,https://www.youtube.com/watch?v=Jf4ORjwfTKo,1612,329,2297,https://www.youtube.com/watch?v=A8mTnX-suT4,0,0,0,0,
e1e11ed8ecb24ab6ad7e1d4c4c39f563,6900,205430,195,124,1557,https://www.youtube.com/watch?v=YCA0r-WoSbM,154,103,314,https://www.youtube.com/watch?v=dPYcZXf9eK0,359,200,1557,https://www.youtube.com/watch?v=YCA0r-WoSbM,0,0,0,0,
554ca19c3d924cacac1f680675b9fdd2,6810,144285,0,0,0,,0,0,0,,0,0,0,,403,0,0,0,
139f3f1818a2420aa35d5471adaf1a73,6800,109681,802,467,4872,https://www.youtube.com/watch?v=_Y8SOhMbhAo,783,482,4872,https://www.youtube.com/watch?v=_Y8SOhMbhAo,822,374,2839,https://www.youtube.com/watch?v=woO8MJ-R8Ws,0,0,0,0,
340d9b553db042bdb8294ba2f9fd6990,6770,283855,253,133,2168,https://www.youtube.com/watch?v=G8NBeKx3eUg,231,130,627,https://www.youtube.com/watch?v=ruKNdFi6GcU,1154,382,2168,https://www.youtube.com/watch?v=G8NBeKx3eUg,1096,0,0,0,
80f4d6e50af64a48be812258498e86c0,6740,329154,457,403,882,https://www.youtube.com/watch?v=z1UnaSmjoUM,575,453,882,https://www.youtube.com/watch?v=z1UnaSmjoUM,204,120,313,https://www.youtube.com/watch?v=tmbAy0rbKEQ,155,0,0,0,
645fc774332a469ebd03f1a822ebe2be,6730,488966,474,233,1168,https://www.youtube.com/watch?v=3BYjAq9un9E,491,233,1168,https://www.youtube.com/watch?v=3BYjAq9un9E,314,186,409,https://www.youtube.com/watch?v=gUf8EkP-UnI,0,0,0,0,
56abcaadabbe44dbbd18ab0ecfe1037f,6720,194493,419,192,3807,https://www.youtube.com/watch?v=PoUCope0sK0,393,222,3807,https://www.youtube.com/watch?v=PoUCope0sK0,448,161,2955,https://www.youtube.com/watch?v=yGq_MeJZRCc,0,0,0,0,
557a590ea9764e8c99e72415d1837d52,6670,20677,0,0,0,,0,0,0,,0,0,0,,0,0,0,0,
5d2231ea88fd474d8a11e5a759899216,6590,322896,335,168,3029,https://www.youtube.com/watch?v=flcie3Xx19E,333,185,3029,https://www.youtube.com/watch?v=flcie3Xx19E,363,67,703,https://www.youtube.com/watch?v=_l15vg6GAhE,211,0,0,0,
82e63a8d4ae14beab89e13b43b35fce3,6590,81888,261,146,870,https://www.youtube.com/watch?v=9IuvYGxEUVk,264,152,452,https://www.youtube.com/watch?v=1jev5dwDDGM,172,88,870,https://www.youtube.com/watch?v=9IuvYGxEUVk,0,0,0,0,
1254f176d93548aca5ac7f4b53313f71,6590,1654004,107,34,2802,https://www.youtube.com/watch?v=tbdXC0c1uZg,23,9,51,https://www.youtube.com/watch?v=PW-Die3mRF0,206,97,2802,https://www.youtube.com/watch?v=tbdXC0c1uZg,1488,16,12,29,https://www.twitch.tv/videos/2028283338
88f782b3b6c6492c926f70e4a13390c9,6570,310099,552,432,5338,https://www.youtube.com/watch?v=xhX_O5OBPRE,552,244,5338,https://www.youtube.com/watch?v=xhX_O5OBPRE,709,466,914,https://www.youtube.com/watch?v=eqSGkCfEc50,333,0,0,0,
914f6caed3ff4348824d966f76662bc2,6560,447037,602,276,2095,https://www.youtube.com/watch?v=Lyw6oQHPrso,722,280,2095,https://www.youtube.com/watch?v=Lyw6oQHPrso,507,237,522,https://www.youtube.com/watch?v=w18Sf2ih0js,0,0,0,0,
ab19e58312b74ebd9b68e27aeb0adde5,6540,223422,320,157,1676,https://www.youtube.com/watch?v=7ezrP-0gJQU,344,158,1041,https://www.youtube.com/watch?v=2ebdqq6hSkA,171,95,1676,https://www.youtube.com/watch?v=7ezrP-0gJQU,0,0,0,0,
310862830fb648b78cca7e581e2622a7,6490,136275,1424,1115,1424,https://www.youtube.com/watch?v=qXcZ0eI_qYA,0,0,0,,1424,1115,1424,https://www.youtube.com/watch?v=qXcZ0eI_qYA,12009,3342,1409,6063,https://www.twitch.tv/videos/2022408822
88aa589d4a3648738e49243d2056d03b,6460,211565,336,139,3141,https://www.youtube.com/watch?v=JVXLkB5MIuQ,260,125,472,https://www.youtube.com/watch?v=kEAk_fKxMVA,565,142,3141,https://www.youtube.com/watch?v=JVXLkB5MIuQ,1195,0,0,0,
920d34819cf944e99cf469f7552d535f,6440,371388,1606,629,6633,https://www.youtube.com/watch?v=p78CQt0jaIQ,1170,541,2001,https://www.youtube.com/watch?v=8YmFnrTdhLw,3081,1198,6633,https://www.youtube.com/watch?v=p78CQt0jaIQ,0,0,0,0,
febd22ec0bec4ecdbcd383be8c2694c3,6420,0,0,0,0,,0,0,0,,0,0,0,,2083,298,209,521,https://www.twitch.tv/videos/2027284845
ecd7e504a0b64480a4127a25678e4b4a,6410,86732,0,0,0,,0,0,0,,0,0,0,,0,0,0,0,
f40b8e8debf14680b5cc88bae98918f7,6370,203429,284,31,284,https://www.youtube.com/watch?v=7yjIgZ-rULY,284,31,284,https://www.youtube.com/watch?v=7yjIgZ-rULY,0,0,0,,0,0,0,0,
556c69847bc14bc7be03b3e40e52ac98,6350,108715,381,250,1701,https://www.youtube.com/watch?v=LS0k807wyDA,346,196,583,https://www.youtube.com/watch?v=iVNgo6jSbNE,1701,1561,1701,https://www.youtube.com/watch?v=LS0k807wyDA,1583,158,151,263,https://www.twitch.tv/videos/2030278953
bdc034d3afcd4456b6da2b96a2e460ef,6340,198000,66,18,66,https://www.youtube.com/watch?v=2sr7iHWhuBg,66,18,66,https://www.youtube.com/watch?v=2sr7iHWhuBg,0,0,0,,1485,89,58,145,https://www.twitch.tv/videos/2027873821
247215e876d24dae9932464b75fc577c,6320,344421,212,77,2433,https://www.youtube.com/watch?v=l33e_ZQY0h4,228,104,995,https://www.youtube.com/watch?v=_fQiVcXsXa0,132,56,2433,https://www.youtube.com/watch?v=l33e_ZQY0h4,0,0,0,0,
66aa1c91546a4cfdab43faa119cea04a,6210,152,0,0,0,,0,0,0,,0,0,0,,4088,0,0,0,
1c2de2bbc8ec43c49a84e3b3e67c8ca9,6180,314789,0,0,0,,0,0,0,,0,0,0,,0,0,0,0,
a168211aa3dd451cb33e09b80df0ea0a,6150,181276,77,16,168,https://www.youtube.com/watch?v=qGDlUT-1-Ak,77,16,168,https://www.youtube.com/watch?v=qGDlUT-1-Ak,0,0,0,,460,0,0,0,
2adc6f9aabb64fd892ff5d29ebdd5c44,6130,198997,534,272,2228,https://www.youtube.com/watch?v=De00gn_ON2w,495,222,574,https://www.youtube.com/watch?v=sYlIQIAR1oE,2228,1373,2228,https://www.youtube.com/watch?v=De00gn_ON2w,0,0,0,0,
3c5b24ec5e7e4451a917bb1683298c05,6100,280662,0,0,0,,0,0,0,,0,0,0,,0,0,0,0,
317c2fd320f545a1b17bda3044c9d0de,6100,464847,0,0,0,,0,0,0,,0,0,0,,0,0,0,0,
80f41a215cbc487b99f9015de3b58cf0,6030,234954,0,0,0,,0,0,0,,0,0,0,,0,0,0,0,
7ef2dc851df94f5aa7f632c736b4307e,6020,263078,865,458,2946,https://www.youtube.com/watch?v=ZrJ9xdgxXBM,997,534,1654,https://www.youtube.com/watch?v=jkoOg-N0Ktg,213,102,2946,https://www.youtube.com/watch?v=ZrJ9xdgxXBM,443,0,0,0,
b54e216619d14031a317b820113e4084,6020,235653,80,52,226,https://www.youtube.com/watch?v=d-IkO304YvA,117,75,226,https://www.youtube.com/watch?v=d-IkO304YvA,68,49,139,https://www.youtube.com/watch?v=wODMrUOJs0Q,0,0,0,0,
824bd7df6923453292dec9ff3e3f664a,5980,226641,131,52,916,https://www.youtube.com/watch?v=Rz4GDCCQpaQ,137,56,916,https://www.youtube.com/watch?v=Rz4GDCCQpaQ,86,39,107,https://www.youtube.com/watch?v=SWikLrTEqc4,0,0,0,0,
74c26216c39a40d1a9f1c5f63fa4d344,5960,186038,274,139,1783,https://www.youtube.com/watch?v=eyOxAVPLjQw,254,97,675,https://www.youtube.com/watch?v=11kLkIKChR8,456,430,1783,https://www.youtube.com/watch?v=eyOxAVPLjQw,0,0,0,0,
2a5b6a733ac54aba9490db8f504378d1,5950,97808,0,0,0,,0,0,0,,0,0,0,,0,0,0,0,
94c7cb6122bd4dcab2d8660ddc5f5508,5950,191326,118,78,161,https://www.youtube.com/watch?v=6DwT4q72rzg,118,78,161,https://www.youtube.com/watch?v=6DwT4q72rzg,0,0,0,,375,25,19,50,https://www.twitch.tv/videos/2025377471
da3a3993bd8946da824d66d5a5d456e2,5940,274012,300,89,416,https://www.youtube.com/watch?v=VHW64oKUxWc,300,89,416,https://www.youtube.com/watch?v=VHW64oKUxWc,0,0,0,,0,0,0,0,
b58761a33d75486f8aa0bf3f5bf07fe5,5860,58177,0,0,0,,0,0,0,,0,0,0,,1854,0,0,0,
0158495d5a2542a98181c2ddd21b90af,5840,136045,386,84,3912,https://www.youtube.com/watch?v=doccxamctBY,386,84,3912,https://www.youtube.com/watch?v=doccxamctBY,0,0,0,,0,0,0,0,
6603f7e70b684a07a3dac687460bacc5,5820,178747,68,38,97,https://www.youtube.com/watch?v=e1mMu2uMzaM,68,38,97,https://www.youtube.com/watch?v=e1mMu2uMzaM,0,0,0,,928,95,62,153,https://www.twitch.tv/videos/2027380507
976e0cf401784d3f874dc85b2b2c5839,5820,178277,164,40,298,https://www.youtube.com/watch?v=F4mQ3lf-2Ro,164,40,298,https://www.youtube.com/watch?v=F4mQ3lf-2Ro,0,0,0,,1560,141,92,141,https://www.twitch.tv/videos/2021483980
2d6886120def4c148c70514433d77e1e,5790,231636,1221,665,3775,https://www.youtube.com/watch?v=Jte7ip5VZG8,1021,409,1293,https://www.youtube.com/watch?v=5fGlMyE-lg0,1754,868,3775,https://www.youtube.com/watch?v=Jte7ip5VZG8,0,0,0,0,
3e269031fb4b45aaa0906ca424190ce2,5780,71396,489,267,2721,https://www.youtube.com/watch?v=9v27AagzTsk,432,227,432,https://www.youtube.com/watch?v=dRqHP9HH9TU,547,296,2721,https://www.youtube.com/watch?v=9v27AagzTsk,7694,1463,904,4055,https://www.twitch.tv/videos/2006181063
7d7ceaac9d2a41a5bded6debd077e1e2,5750,2307925,0,0,0,,0,0,0,,0,0,0,,2188,0,0,0,
5b6584a73478450d9db3f44b918580fd,5730,126606,380,144,883,https://www.youtube.com/watch?v=2Qn4wea3BmM,380,144,719,https://www.youtube.com/watch?v=NKAQxCFSA0g,560,261,883,https://www.youtube.com/watch?v=2Qn4wea3BmM,0,0,0,0,
6eec62ae2c9849de8ca895cef44ec952,5710,190098,392,193,3667,https://www.youtube.com/watch?v=p6OJxZRqpKk,314,193,992,https://www.youtube.com/watch?v=14WlQpH5lk8,557,190,3667,https://www.youtube.com/watch?v=p6OJxZRqpKk,778,143,95,157,https://www.twitch.tv/videos/2025442890
5cdf289b83524643af7ab2f2c8788adf,5700,192849,225,128,630,https://www.youtube.com/watch?v=XGDQG6yNcIw,192,99,394,https://www.youtube.com/watch?v=CrZ_YW3tk-I,630,128,630,https://www.youtube.com/watch?v=XGDQG6yNcIw,0,0,0,0,
a83b6d485350402b90238deb371ae654,5690,71757,153,67,280,https://www.youtube.com/watch?v=Su-vtGTJmiU,136,57,280,https://www.youtube.com/watch?v=Su-vtGTJmiU,153,81,153,https://www.youtube.com/watch?v=pknBWk9zwRs,2803,502,357,1104,https://www.twitch.tv/videos/2018233991
dc3e05e0c12b4e0a93dc230f30925ee0,5690,138332,374,185,725,https://www.youtube.com/watch?v=_cFDdIvBRbs,262,96,486,https://www.youtube.com/watch?v=2zCqzTLFFic,725,707,725,https://www.youtube.com/watch?v=_cFDdIvBRbs,4706,221,149,510,https://www.twitch.tv/videos/2023370253
95e5788cabf340e397e2726def426229,5690,92042,290,133,1193,https://www.youtube.com/watch?v=kxEjdZQEcTk,292,141,839,https://www.youtube.com/watch?v=Mbq3eSb7bSY,125,53,1193,https://www.youtube.com/watch?v=kxEjdZQEcTk,0,0,0,0,
24e82c81100a446c89de043b738483e9,5680,486024,372,370,2330,https://www.youtube.com/watch?v=HdTQKqTeQ2Y,245,73,372,https://www.youtube.com/watch?v=TpmZddORoU4,1450,689,2330,https://www.youtube.com/watch?v=HdTQKqTeQ2Y,0,0,0,0,
44052b3832774bd7a4e4151f044c0901,5660,118755,0,0,0,,0,0,0,,0,0,0,,2228,0,0,0,
a1470eec8f9349668adfbad2f25329b1,5620,715,0,0,0,,0,0,0,,0,0,0,,1536,0,0,0,
0851296bdf4c4516b2506b8cce5151da,5600,529578,84,35,150,https://www.youtube.com/watch?v=KUhj0UQWLgM,150,56,150,https://www.youtube.com/watch?v=KUhj0UQWLgM,19,14,19,https://www.youtube.com/watch?v=1bcDbeR6UFA,0,0,0,0,
de266b34e79c49b48fa566e9fb1a24af,5570,227692,256,146,2025,https://www.youtube.com/watch?v=meDHkpO6m4Q,254,143,862,https://www.youtube.com/watch?v=PborPzY-U7E,1594,913,2025,https://www.youtube.com/watch?v=meDHkpO6m4Q,168,0,0,0,
281c7713c21e41bcb6e81365f328ab8c,5550,165913,712,209,1604,https://www.youtube.com/watch?v=bS78OQGItv0,712,209,1604,https://www.youtube.com/watch?v=bS78OQGItv0,0,0,0,,0,0,0,0,
4482e4f0cea64f92aa78b2513c7ed897,5530,337684,268,125,495,https://www.youtube.com/watch?v=GuzMgJ2tpeM,278,127,495,https://www.youtube.com/watch?v=GuzMgJ2tpeM,205,72,205,https://www.youtube.com/watch?v=ldwx5rE_bkQ,0,0,0,0,
468c9630d37b4c41bb6b0305dc1143cf,5530,328925,259,150,2149,https://www.youtube.com/watch?v=wElYWxXBZnc,258,146,1790,https://www.youtube.com/watch?v=lmZbbV0ERMQ,2149,700,2149,https://www.youtube.com/watch?v=wElYWxXBZnc,1041,0,0,0,
3ec59b8cb4114af7be754daa0b1b1ced,5520,198179,464,142,511,https://www.youtube.com/watch?v=6LazeLupTd8,464,142,511,https://www.youtube.com/watch?v=6LazeLupTd8,0,0,0,,0,0,0,0,
650652d2db7b4c1bbc27a201cff37639,5520,165499,0,0,0,,0,0,0,,0,0,0,,0,0,0,0,
fffd31d236a2479c9070bcc171bdc13d,5510,92909,393,275,949,https://www.youtube.com/watch?v=2D8AVocnlUY,392,246,555,https://www.youtube.com/watch?v=hI_aWYGlDH8,949,931,949,https://www.youtube.com/watch?v=2D8AVocnlUY,0,0,0,0,
5cb1c062f5f94b44a41ae658f4a53f0c,5510,61827,0,0,0,,0,0,0,,0,0,0,,9109,1019,500,2359,https://www.twitch.tv/videos/2009862899
f819220249044c7ca97126c828833c9b,5480,0,0,0,0,,0,0,0,,0,0,0,,0,0,0,0,
36a96262405a4d4683db73d8403bf8b7,5460,350814,668,283,1847,https://www.youtube.com/watch?v=BZqdIeRpu5Y,481,278,871,https://www.youtube.com/watch?v=SihCdChk9Kk,944,481,1847,https://www.youtube.com/watch?v=BZqdIeRpu5Y,0,0,0,0,
25938d6d61cc45379bb0b98da7924ddf,5450,103085,0,0,0,,0,0,0,,0,0,0,,0,0,0,0,
0471d5082a2e419786e141d6424c9150,5440,171185,1234,477,2950,https://www.youtube.com/watch?v=nYbyZrAIo4U,268,85,2270,https://www.youtube.com/watch?v=Fi8j0h47Yks,1902,632,2950,https://www.youtube.com/watch?v=nYbyZrAIo4U,6141,257,84,1381,https://www.twitch.tv/videos/2004656593
410a9fff47f5491d98c47a4fa25ddf83,5410,6603,0,0,0,,0,0,0,,0,0,0,,0,0,0,0,
a20202f0e1b14feb90c5ec173fad0e93,5390,383612,0,0,0,,0,0,0,,0,0,0,,0,0,0,0,
ac2b3c839ed14b12af1acecf322a15bd,5390,137689,119,28,263,https://www.youtube.com/watch?v=6h7a2M5UA2A,209,40,263,https://www.youtube.com/watch?v=6h7a2M5UA2A,38,19,50,https://www.youtube.com/watch?v=vDvdvchCVfY,0,0,0,0,
1a3a0feb188e499ab4972c971d639f58,5380,195887,449,164,649,https://www.youtube.com/watch?v=WccHHCQfzWI,449,164,649,https://www.youtube.com/watch?v=WccHHCQfzWI,0,0,0,,0,0,0,0,
1af2e898b30a47518c54d7cb52ea92db,5370,161884,471,282,5234,https://www.youtube.com/watch?v=WoEVbGo1mPo,431,281,540,https://www.youtube.com/watch?v=X9lgwzkZozk,4673,333,5234,https://www.youtube.com/watch?v=WoEVbGo1mPo,0,0,0,0,
c4470a1419984fb8aec0851f225b177a,5360,405973,449,263,3250,https://www.youtube.com/watch?v=ZnBSxi-yEXo,674,341,3250,https://www.youtube.com/watch?v=ZnBSxi-yEXo,382,115,2642,https://www.youtube.com/watch?v=rdrL_JBkqt4,0,0,0,0,
7e088cf828bf4e02ae65bb8a1f6a8b89,5320,182429,179,54,254,https://www.youtube.com/watch?v=97FIrGHwV-U,179,54,254,https://www.youtube.com/watch?v=97FIrGHwV-U,0,0,0,,195,0,0,0,
f9c9c29a9fb143539ade06564b99b233,5320,16617,89,42,174,https://www.youtube.com/watch?v=OOCuUVs0LJw,89,42,174,https://www.youtube.com/watch?v=OOCuUVs0LJw,0,0,0,,0,0,0,0,
8faff7aecb9d4e12917ea0144696e2de,5320,125819,427,208,1319,https://www.youtube.com/watch?v=GI1ysVaGfpk,427,208,1058,https://www.youtube.com/watch?v=pL6FIOp7Pj8,762,536,1319,https://www.youtube.com/watch?v=GI1ysVaGfpk,0,0,0,0,
effe96469a7348c786d01ccea8cf71cb,5290,143596,1920,488,1920,https://www.youtube.com/watch?v=m_Z8skacOZs,0,0,0,,1920,488,1920,https://www.youtube.com/watch?v=m_Z8skacOZs,0,0,0,0,
0249265256814f61978f6d492fe1c15d,5290,99046,272,231,4041,https://www.youtube.com/watch?v=1qj9Wx5JjG8,265,185,2727,https://www.youtube.com/watch?v=_kqZSMe9QTo,4041,3577,4041,https://www.youtube.com/watch?v=1qj9Wx5JjG8,0,0,0,0,
3c16d0b797bf49c3a4a6c043802ee2ec,5250,27144,0,0,0,,0,0,0,,0,0,0,,0,0,0,0,
350516d81d0944fd8dde463cbd4fd279,5210,429656,368,87,1446,https://www.youtube.com/watch?v=pWilz68FHyk,188,56,372,https://www.youtube.com/watch?v=kXC8Ll7W-zI,1066,330,1446,https://www.youtube.com/watch?v=pWilz68FHyk,0,0,0,0,
e17f42aa104040deae2ee3f3b1e85ed8,5170,243077,0,0,0,,0,0,0,,0,0,0,,32678,7865,7785,10809,https://www.twitch.tv/videos/2024359766
703ae2c7ccc9431382a5b0f2c35e6ec1,5090,110182,517,357,8094,https://www.youtube.com/watch?v=TrOnXzPRl2U,330,250,517,https://www.youtube.com/watch?v=0ouVyYGk8ug,3420,1048,8094,https://www.youtube.com/watch?v=TrOnXzPRl2U,0,0,0,0,
0448e6929687421c9e0435832765b9fe,5080,33454,462,154,3986,https://www.youtube.com/watch?v=BkVRbUnA8AQ,455,158,3986,https://www.youtube.com/watch?v=BkVRbUnA8AQ,609,106,911,https://www.youtube.com/watch?v=1wFa6JSmIbk,961,260,193,547,https://www.twitch.tv/videos/2025273635
61dcd0f9c508433c824c0ba221d325e0,5060,217019,0,0,0,,0,0,0,,0,0,0,,0,0,0,0,
5f0afd7885894861925e7030c096297e,5050,239899,334,207,1462,https://www.youtube.com/watch?v=fdWkEuzmE6A,334,207,1195,https://www.youtube.com/watch?v=T70XIVMCsVw,877,549,1462,https://www.youtube.com/watch?v=fdWkEuzmE6A,0,0,0,0,
16c4a9b7211a44f6b98d8e1aebf4ea70,5040,162324,220,134,279,https://www.youtube.com/watch?v=9xTxm0WkHHQ,189,127,279,https://www.youtube.com/watch?v=9xTxm0WkHHQ,277,199,277,https://www.youtube.com/watch?v=Fq1L3E7gvdY,571,45,25,45,https://www.twitch.tv/videos/2018867303
532b143e82d6452fac9a18d1d025a2af,5000,0,0,0,0,,0,0,0,,0,0,0,,0,0,0,0,
de81b740d66c439685aa37491d27efc4,4940,451566,0,0,0,,0,0,0,,0,0,0,,4272,367,279,825,https://www.twitch.tv/videos/2019497285
029dfaf0b42a45839661df6dc99efcdd,4930,149915,3969,2432,40580,https://www.youtube.com/watch?v=YnjIVwAODuc,0,0,0,,3969,2432,40580,https://www.youtube.com/watch?v=YnjIVwAODuc,116,0,0,0,
df0c2ce19ccf4e26ac1a18065f85dacc,4920,190162,355,110,804,https://www.youtube.com/watch?v=vczNVpjQ4_c,334,68,499,https://www.youtube.com/watch?v=JAmQV2TYxEM,586,193,804,https://www.youtube.com/watch?v=vczNVpjQ4_c,0,0,0,0,
38fcf8bc7f3f45d68bab44577c019c84,4900,129582,266,173,3857,https://www.youtube.com/watch?v=de1QoyFR3vo,223,123,525,https://www.youtube.com/watch?v=klf3fDzCb-k,575,411,3857,https://www.youtube.com/watch?v=de1QoyFR3vo,0,0,0,0,
e68d9d0d1b344998b5b8adc60f321b50,4900,121831,146,139,146,https://www.youtube.com/watch?v=BuA_53nkv7E,146,139,146,https://www.youtube.com/watch?v=BuA_53nkv7E,0,0,0,,0,0,0,0,
6fe51595bece4323917555fd738c031e,4880,6363,0,0,0,,0,0,0,,0,0,0,,1029,0,0,0,
f53807443055490f87b85ded6caee0aa,4850,151411,264,177,2592,https://www.youtube.com/watch?v=Qs-iJ3n6LMY,281,246,2458,https://www.youtube.com/watch?v=l-ayFtnUL2M,88,54,2592,https://www.youtube.com/watch?v=Qs-iJ3n6LMY,342,0,0,0,
08be94e874d448f8a2794a44c61e8d8f,4830,339180,291,137,415,https://www.youtube.com/watch?v=Wqwb_DmkylQ,303,138,415,https://www.youtube.com/watch?v=Wqwb_DmkylQ,157,20,157,https://www.youtube.com/watch?v=dD_Vsn3U07Q,0,0,0,0,
0b1217df534d441bbdeb11d5f2a6465b,4830,11968,243,192,261,https://www.youtube.com/watch?v=Pn0T4ip7p-8,243,192,261,https://www.youtube.com/watch?v=Pn0T4ip7p-8,0,0,0,,756,0,0,0,
fe1146730c9147f98f2b01f45cf242fd,4810,133763,0,0,0,,0,0,0,,0,0,0,,0,0,0,0,
443df65de03b4bd581708efc29b283ab,4810,66628,0,0,0,,0,0,0,,0,0,0,,2394,0,0,0,
1a520f3d2665454f985490e42467ae27,4790,102263,254,205,1256,https://www.youtube.com/watch?v=OV4GSBv6knA,252,194,1256,https://www.youtube.com/watch?v=OV4GSBv6knA,756,416,787,https://www.youtube.com/watch?v=rcREO9i3XaU,0,0,0,0,
62f0f99b50d84bef91d06efdfe1c011e,4720,123909,0,0,0,,0,0,0,,0,0,0,,0,0,0,0,
1dd6fdbb4f764fc3a18747c8adbf0692,4710,119687,289,98,375,https://www.youtube.com/watch?v=UUYGCYEMxSs,289,98,375,https://www.youtube.com/watch?v=UUYGCYEMxSs,0,0,0,,0,0,0,0,
1aac7d12633a48c2b8f39356ee85de48,4700,109289,0,0,0,,0,0,0,,0,0,0,,2527,0,0,0,
81387cdce77a4a9b9338145b28ae9ff6,4680,57620,159,50,195,https://www.youtube.com/watch?v=5cMaHfJzRSg,159,50,195,https://www.youtube.com/watch?v=5cMaHfJzRSg,0,0,0,,0,0,0,0,
696e947cd8624e609553d6786d21f11c,4640,73773,205,104,443,https://www.youtube.com/watch?v=U6pGJI_GS5k,205,106,443,https://www.youtube.com/watch?v=U6pGJI_GS5k,214,73,418,https://www.youtube.com/watch?v=CBjTRCGRBEs,0,0,0,0,
887b37336c9c4730809ace8b5e38df17,4640,23111,0,0,0,,0,0,0,,0,0,0,,45270,0,0,0,
49196eec11454f589d4d6e52f1b1bbe8,4620,226929,167,50,2608,https://www.youtube.com/watch?v=1_eYo501EIo,165,80,297,https://www.youtube.com/watch?v=69I6Mda7c5s,221,43,2608,https://www.youtube.com/watch?v=1_eYo501EIo,0,0,0,0,
7f72433f23da4bf8bfbf7ee3904eb7ca,4600,153394,192,74,1044,https://www.youtube.com/watch?v=v96NG82KFfc,192,74,1044,https://www.youtube.com/watch?v=v96NG82KFfc,0,0,0,,818,0,0,0,
cb08464feb254db19b620331280e35e4,4600,205766,0,0,0,,0,0,0,,0,0,0,,0,0,0,0,
836fc798e2ec48b9985333de75d490ac,4560,327690,149,66,684,https://www.youtube.com/watch?v=3rMPehkp8G8,372,232,684,https://www.youtube.com/watch?v=3rMPehkp8G8,82,39,555,https://www.youtube.com/watch?v=kkxLsTudCDw,0,0,0,0,
1937fa889b474d339713d1117f435018,4560,593108,0,0,0,,0,0,0,,0,0,0,,5062,632,541,1358,https://www.twitch.tv/videos/2027197639
d9e5219a4cd84ac59bc35faa94729f01,4540,107483,0,0,0,,0,0,0,,0,0,0,,6815,211,163,832,https://www.twitch.tv/videos/2019448310
b6a105f12b904256ba356935ae46657f,4540,99318,199,168,390,https://www.youtube.com/watch?v=pB9xTX0dj5M,173,164,225,https://www.youtube.com/watch?v=OmoVx0VSbzs,390,215,390,https://www.youtube.com/watch?v=pB9xTX0dj5M,7179,373,263,622,https://www.twitch.tv/videos/2018814289
74213f36e573452ca8f9f1e0a72f8ee5,4530,80384,0,0,0,,0,0,0,,0,0,0,,0,0,0,0,
dcbc307037cf4e76995feff3c579760c,4520,6634,0,0,0,,0,0,0,,0,0,0,,2180,180,94,180,https://www.twitch.tv/videos/2017930852
d96ffd71ce0d4f508b270703149a6669,4520,142722,190,78,335,https://www.youtube.com/watch?v=Ba-hXFpzIto,190,78,335,https://www.youtube.com/watch?v=Ba-hXFpzIto,0,0,0,,0,0,0,0,
16197a62aec94bcfa2e73220f291369b,4510,74230,0,0,0,,0,0,0,,0,0,0,,0,0,0,0,
fe1d3152398b44e39d69f7ef78e73a8c,4500,120282,306,159,2408,https://www.youtube.com/watch?v=NxIe5Fa5wLo,280,151,454,https://www.youtube.com/watch?v=IZYwk5MV2zE,1721,940,2408,https://www.youtube.com/watch?v=NxIe5Fa5wLo,0,0,0,0,
5fc94cdcf7594a3ba5ce001ba405d3be,4460,200541,412,185,656,https://www.youtube.com/watch?v=7yrYeU2szCk,415,186,656,https://www.youtube.com/watch?v=7yrYeU2szCk,150,5,150,https://www.youtube.com/watch?v=Ch9aj5HiTMg,867,317,297,386,https://www.twitch.tv/videos/2027968277
2ada3b89962b479bb8dbd2a63bca5da1,4460,198691,214,127,958,https://www.youtube.com/watch?v=X1qpYA8yQyU,196,121,454,https://www.youtube.com/watch?v=iy7867PUGtQ,614,336,958,https://www.youtube.com/watch?v=X1qpYA8yQyU,0,0,0,0,
961e233f32a24593a1628e7c79f43f12,4450,79054,0,0,0,,0,0,0,,0,0,0,,0,0,0,0,
592e95fcfa4e4610959b5635e449813d,4450,264168,187,44,219,https://www.youtube.com/watch?v=Hi-Un4LkcWU,0,0,0,,187,44,219,https://www.youtube.com/watch?v=Hi-Un4LkcWU,793,0,0,0,
c21605e81c714d7d9d66a627984dc30b,4430,0,0,0,0,,0,0,0,,0,0,0,,0,0,0,0,
c9ac78b9004c4c26ba4107ccefe399ec,4430,140757,99,51,1356,https://www.youtube.com/watch?v=Q2aM90IML7Y,99,51,1356,https://www.youtube.com/watch?v=Q2aM90IML7Y,0,0,0,,0,0,0,0,
613b1c970cbf444980eba674ab40d807,4420,144746,0,0,0,,0,0,0,,0,0,0,,0,0,0,0,
0fa88d7be0ba4850abea150aa73fe440,4420,214088,642,199,2146,https://www.youtube.com/watch?v=le52GBUSA4A,642,199,680,https://www.youtube.com/watch?v=1lTSU2Em99o,801,582,2146,https://www.youtube.com/watch?v=le52GBUSA4A,0,0,0,0,
4762b7be8b764f19a33a7cf167c2ea64,4400,84799,103,43,135,https://www.youtube.com/watch?v=DCZVo7kHx4U,103,43,135,https://www.youtube.com/watch?v=DCZVo7kHx4U,0,0,0,,0,0,0,0,
bf48aafcc9464111b358a4595cc7311c,4380,83461,181,115,2145,https://www.youtube.com/watch?v=cAiDPZEdT0c,184,140,231,https://www.youtube.com/watch?v=tjIV6M3_V9g,156,54,2145,https://www.youtube.com/watch?v=cAiDPZEdT0c,0,0,0,0,
c72226925ba94855b9fcc88fc2a25acc,4380,312280,612,416,870,https://www.youtube.com/watch?v=icSrpSfaGRs,614,445,870,https://www.youtube.com/watch?v=icSrpSfaGRs,108,74,108,https://www.youtube.com/watch?v=FKrwi3KKVec,0,0,0,0,
b9569d6e438b473ba61d88c0230899f5,4350,172972,234,53,434,https://www.youtube.com/watch?v=eCZ_ZEizjMU,234,53,434,https://www.youtube.com/watch?v=eCZ_ZEizjMU,0,0,0,,0,0,0,0,
ebc44e2ba78f4790b832d02c31410262,4350,137672,313,155,5968,https://www.youtube.com/watch?v=kVE0AUx5yow,311,130,442,https://www.youtube.com/watch?v=9Dnle5GmPsQ,320,178,5968,https://www.youtube.com/watch?v=kVE0AUx5yow,0,0,0,0,
65d2f574783c4c6297aaa915a891acda,4310,13726,0,0,0,,0,0,0,,0,0,0,,0,0,0,0,
7f9d223a684e44e8b8d30bedcc07f1fa,4310,119030,152,64,283,https://www.youtube.com/watch?v=1x1Ej8-6K0Q,152,64,283,https://www.youtube.com/watch?v=1x1Ej8-6K0Q,0,0,0,,0,0,0,0,
d2a7b2d142ea4076afcfc7263b9e09fd,4280,213441,307,145,461,https://www.youtube.com/watch?v=FUfNCRbXA7E,307,145,461,https://www.youtube.com/watch?v=FUfNCRbXA7E,0,0,0,,665,0,0,0,
1158cc8efbb64d169dd3f2c9512c5bb5,4250,78950,172,88,271,https://www.youtube.com/watch?v=tXaGvFfcAmU,170,86,232,https://www.youtube.com/watch?v=VGGRAanm6J0,182,91,271,https://www.youtube.com/watch?v=tXaGvFfcAmU,281,187,135,371,https://www.twitch.tv/videos/2031254300
9e213402f2f54c42866d4f62545921b4,4250,70033,168,93,1153,https://www.youtube.com/watch?v=ZSCBueHOtAM,136,85,532,https://www.youtube.com/watch?v=PqUzLmY0zrg,614,383,1153,https://www.youtube.com/watch?v=ZSCBueHOtAM,380,0,0,0,
96fc771ccb55485bb770997ec43e1ce1,4240,83074,0,0,0,,0,0,0,,0,0,0,,0,0,0,0,
a462ab3186bc4830be89635acd0a7a1a,4230,342275,0,0,0,,0,0,0,,0,0,0,,0,0,0,0,
48fd85a178c24579ac7d8f43f1e5bc39,4210,151289,0,0,0,,0,0,0,,0,0,0,,203,0,0,0,
872627e5c7a248bfb41a055dee03029a,4210,92471,13,6,234,https://www.youtube.com/watch?v=i71Q-FoLARw,11,5,26,https://www.youtube.com/watch?v=cn6MyTfzKPI,60,7,234,https://www.youtube.com/watch?v=i71Q-FoLARw,679,0,0,0,
470d1cb40a5e460e8cdc1414c5fd1a34,4210,131043,1469,683,10309,https://www.youtube.com/watch?v=CMw512q7V9U,1836,830,10309,https://www.youtube.com/watch?v=CMw512q7V9U,989,158,1274,https://www.youtube.com/watch?v=8UAda0PCKVk,1286,0,0,0,
4cd21df2b76148b182903cc0aebe2bfa,4200,119801,299,147,820,https://www.youtube.com/watch?v=atNM6wijCyQ,299,147,820,https://www.youtube.com/watch?v=atNM6wijCyQ,0,0,0,,0,0,0,0,
f332651666ff4dcfab45f08a39a62d8d,4190,0,0,0,0,,0,0,0,,0,0,0,,0,0,0,0,
c5c929e77b8d4a5d883d8287c2433949,4180,0,0,0,0,,0,0,0,,0,0,0,,1709,0,0,0,
925d91a363914edfb035fe6c08946be9,4170,89797,238,53,353,https://www.youtube.com/watch?v=zOUQsr7jN_c,238,53,353,https://www.youtube.com/watch?v=zOUQsr7jN_c,0,0,0,,0,0,0,0,
f4fc9f87ed4b4f05a339b1f1a1d621b6,4170,83463,0,0,0,,0,0,0,,0,0,0,,0,0,0,0,
9b11be3138284ff3904d3292d6aaa284,4160,175073,363,211,694,https://www.youtube.com/watch?v=3ff_peu5e3I,380,226,694,https://www.youtube.com/watch?v=3ff_peu5e3I,223,204,223,https://www.youtube.com/watch?v=7pjRh4gL5WA,0,0,0,0,
b286145fca2d498794f3688e06ecf2b0,4150,67186,0,0,0,,0,0,0,,0,0,0,,0,0,0,0,
f9c7e5b8bcae492aa838379fb3190c20,4140,137090,239,113,515,https://www.youtube.com/watch?v=Um0g-Z9Bzj8,239,113,515,https://www.youtube.com/watch?v=Um0g-Z9Bzj8,0,0,0,,0,0,0,0,
4fd21f7726694ecfb8e81e5352487a7b,4140,135869,166,95,861,https://www.youtube.com/watch?v=0CMX0EBuH7Y,165,110,861,https://www.youtube.com/watch?v=0CMX0EBuH7Y,206,63,206,https://www.youtube.com/watch?v=tHWRQmaguiw,0,0,0,0,
6073eb006b764614915e90b5c54ce7e6,4130,208713,81,57,2412,https://www.youtube.com/watch?v=IcTPPmMrajk,0,0,0,,81,57,2412,https://www.youtube.com/watch?v=IcTPPmMrajk,2517,339,208,499,https://www.twitch.tv/videos/2026174725
f985903969ad4e8b839e919aabe94480,4130,192432,203,67,1030,https://www.youtube.com/watch?v=q9vflHV9dDQ,200,67,1030,https://www.youtube.com/watch?v=q9vflHV9dDQ,237,58,539,https://www.youtube.com/watch?v=Zsk18MAAY10,0,0,0,0,
757f1b20f7bd459ebd8949da907dceea,4120,174693,180,94,665,https://www.youtube.com/watch?v=zBwXBVMx4Ak,175,88,444,https://www.youtube.com/watch?v=BRHteWtvhmw,390,215,665,https://www.youtube.com/watch?v=zBwXBVMx4Ak,0,0,0,0,
420208d1dcb74abfa325fc1f6a27e17b,4100,156292,297,81,361,https://www.youtube.com/watch?v=ca2Sa-5Y-GQ,297,81,361,https://www.youtube.com/watch?v=ca2Sa-5Y-GQ,0,0,0,,1288,0,0,0,
d41f0a9dfdec46929f6f9534f8d79167,4090,40204,0,0,0,,0,0,0,,0,0,0,,0,0,0,0,
94082eb7d950471b934592394ad3e4c8,4070,125047,567,320,1070,https://www.youtube.com/watch?v=m1U2PKz2J3A,606,329,1070,https://www.youtube.com/watch?v=m1U2PKz2J3A,338,221,338,https://www.youtube.com/watch?v=uCyN0aHZIOo,0,0,0,0,
8309d31b418642db83f0cf56b38fc9ad,4070,254911,432,210,2508,https://www.youtube.com/watch?v=VWgPFvvH8rk,432,247,924,https://www.youtube.com/watch?v=ToISxrtk2jk,490,192,2508,https://www.youtube.com/watch?v=VWgPFvvH8rk,74,0,0,0,
33717d815310491da465eb6258a70b1c,4060,165139,365,158,1463,https://www.youtube.com/watch?v=EqitRTiZwjE,381,213,1284,https://www.youtube.com/watch?v=-qofRUUrsOk,228,71,1463,https://www.youtube.com/watch?v=EqitRTiZwjE,0,0,0,0,
a99bc695c89d41e391a5abf6e781c911,4050,184226,204,113,4965,https://www.youtube.com/watch?v=qJkBbWQvyR0,204,113,204,https://www.youtube.com/watch?v=w8mCfPtmanU,252,135,4965,https://www.youtube.com/watch?v=qJkBbWQvyR0,0,0,0,0,
f7b1eada802e4ed89c306c6641d243b3,4030,131838,155,99,9084,https://www.youtube.com/watch?v=eip8UhyVxPc,148,92,776,https://www.youtube.com/watch?v=YSnrG1M4HIE,1217,922,9084,https://www.youtube.com/watch?v=eip8UhyVxPc,0,0,0,0,
627d42f52e604f3e8eadc7f04ef74d2a,4030,64418,87,37,280,https://www.youtube.com/watch?v=kC1-jWjWvAk,75,32,75,https://www.youtube.com/watch?v=bw4Hd4Jx050,99,41,280,https://www.youtube.com/watch?v=kC1-jWjWvAk,0,0,0,0,
a51be890a1f443ea87bee45c9d8acf13,4020,390494,907,360,1128,https://www.youtube.com/watch?v=HSYy38gvxPc,0,0,0,,907,360,1128,https://www.youtube.com/watch?v=HSYy38gvxPc,11707,1581,696,2666,https://www.twitch.tv/videos/2007142319
e93734c51e5141419d44dc147f1c5420,4020,213972,0,0,0,,0,0,0,,0,0,0,,0,0,0,0,
c9e2b4e07dce42dba2db0fb9d2f358b9,4010,161984,135,89,696,https://www.youtube.com/watch?v=l_Ytv0-3Qng,157,92,677,https://www.youtube.com/watch?v=Fm7WhusD0zs,101,85,696,https://www.youtube.com/watch?v=l_Ytv0-3Qng,0,0,0,0,
9335c3076be84149abfbef91ac0e9e68,4010,113420,370,115,3117,https://www.youtube.com/watch?v=i5mKOtYcaR8,282,78,629,https://www.youtube.com/watch?v=4wxMyXOByr8,393,333,3117,https://www.youtube.com/watch?v=i5mKOtYcaR8,306,252,248,1344,https://www.twitch.tv/videos/2019607474
365db081229a4efeb4630f19587a96b2,3980,104514,300,177,2499,https://www.youtube.com/watch?v=keq_LNYRCfI,299,166,2499,https://www.youtube.com/watch?v=keq_LNYRCfI,982,876,982,https://www.youtube.com/watch?v=QgFu-g3aDuE,0,0,0,0,
6f9d63518a69442a88ac602a3b37bf18,3980,150604,272,80,31085,https://www.youtube.com/watch?v=7Y6hs697vYU,1761,866,31085,https://www.youtube.com/watch?v=7Y6hs697vYU,183,63,2343,https://www.youtube.com/watch?v=_j9Bj1kf82A,0,0,0,0,
1f2b5204983b4d5ebe0a9352de3a66f6,3960,86515,353,233,353,https://www.youtube.com/watch?v=87iCILIzA9I,353,233,353,https://www.youtube.com/watch?v=87iCILIzA9I,0,0,0,,0,0,0,0,
bc70de85cb744f13bffae8a81ebd6bb4,3960,91264,0,0,0,,0,0,0,,0,0,0,,0,0,0,0,
f42c6f5877f14a38aef3f3b515769149,3940,448211,374,156,3023,https://www.youtube.com/watch?v=_qlnqfOtyb4,343,124,964,https://www.youtube.com/watch?v=Y0cHGB3Jzzw,862,337,3023,https://www.youtube.com/watch?v=_qlnqfOtyb4,0,0,0,0,
99cc071a06b949bf8515609757fa9d7e,3930,155269,76,41,187,https://www.youtube.com/watch?v=_XMD_TNAYlA,93,69,187,https://www.youtube.com/watch?v=_XMD_TNAYlA,48,9,56,https://www.youtube.com/watch?v=EVdT-bt88x0,481,0,0,0,
1c1896c15b2e412e84b3951706eb2963,3930,16487,0,0,0,,0,0,0,,0,0,0,,0,0,0,0,
ea7d228d8fb2462f95aef21fc5bd4fb8,3910,472838,795,432,1661,https://www.youtube.com/watch?v=hdfmF5qhsgs,795,432,1661,https://www.youtube.com/watch?v=hdfmF5qhsgs,0,0,0,,0,0,0,0,
b211eff7fcd04d47b81ed440890edabb,3910,95885,0,0,0,,0,0,0,,0,0,0,,403,0,0,0,
2e266a71aa3d4a67bb8d9a2a0b573319,3910,189626,4646,1400,8460,https://www.youtube.com/watch?v=dabS8SgXr4A,0,0,0,,4646,1400,8460,https://www.youtube.com/watch?v=dabS8SgXr4A,34463,5568,1707,15260,https://www.twitch.tv/videos/2010177335
bfc978fbcce54a45b531c58bad2ef6df,3900,321954,0,0,0,,0,0,0,,0,0,0,,491,0,0,0,
7a41133adec34fe1ad2cdbf1749e154f,3880,0,0,0,0,,0,0,0,,0,0,0,,12253,0,0,0,
1b075296e7774f4089c84e663a469197,3870,2185,0,0,0,,0,0,0,,0,0,0,,3594,388,289,725,https://www.twitch.tv/videos/2018805603
bf58297d50a741e5b1808ec4c445f216,3850,108477,494,106,1109,https://www.youtube.com/watch?v=BHrbjzQ7tAk,494,106,873,https://www.youtube.com/watch?v=tf3I4HTqqUg,575,429,1109,https://www.youtube.com/watch?v=BHrbjzQ7tAk,0,0,0,0,
b473dffe721745f6beb34b5a49e9aeda,3810,293680,601,307,2955,https://www.youtube.com/watch?v=2RAua3Ao674,617,386,2955,https://www.youtube.com/watch?v=2RAua3Ao674,185,111,392,https://www.youtube.com/watch?v=rmygjnxx3oE,0,0,0,0,
8c6bc741e4614154a63e987f930a468d,3800,104373,354,143,810,https://www.youtube.com/watch?v=4U2a8HQvSKo,373,162,810,https://www.youtube.com/watch?v=4U2a8HQvSKo,184,139,184,https://www.youtube.com/watch?v=CSZZpJX_TOk,0,0,0,0,
e1b2337b79d1449e9ae6a754ec74050d,3800,386458,373,231,1206,https://www.youtube.com/watch?v=87zBNau1rVg,528,257,1206,https://www.youtube.com/watch?v=87zBNau1rVg,142,95,155,https://www.youtube.com/watch?v=HNQe_TdEo5w,0,0,0,0,
c321746bebe740cb98625ca4cf6fb9a7,3790,83773,267,155,808,https://www.youtube.com/watch?v=Km-sfU3PmlY,267,155,808,https://www.youtube.com/watch?v=Km-sfU3PmlY,0,0,0,,0,0,0,0,
6037df04e04745699bff00fb7b0d1fd0,3790,108656,163,110,4597,https://www.youtube.com/watch?v=XctiRdfSl-w,163,110,4597,https://www.youtube.com/watch?v=XctiRdfSl-w,0,0,0,,0,0,0,0,
59c0d89447d54786966ba8ecd5649d63,3770,123142,112,63,2450,https://www.youtube.com/watch?v=Q7UlxFad0gI,202,93,2310,https://www.youtube.com/watch?v=za5FKSz-O1Y,108,54,2450,https://www.youtube.com/watch?v=Q7UlxFad0gI,815,0,0,0,
558d8602fdeb4f3cb4ce484babb30577,3770,148747,245,203,1843,https://www.youtube.com/watch?v=mbKokC4l5qU,236,174,470,https://www.youtube.com/watch?v=d3b-de_YK04,1159,521,1843,https://www.youtube.com/watch?v=mbKokC4l5qU,0,0,0,0,
cd44db2c12a54568963299704aa8d4a6,3740,96909,405,304,1036,https://www.youtube.com/watch?v=bOzsIcdHf18,405,304,1036,https://www.youtube.com/watch?v=bOzsIcdHf18,0,0,0,,0,0,0,0,
62e820e937ef4f4aaea0073bc5b21063,3740,64990,117,42,279,https://www.youtube.com/watch?v=DWQ5ayk3pOQ,144,56,253,https://www.youtube.com/watch?v=citc8uKZHqc,56,31,279,https://www.youtube.com/watch?v=DWQ5ayk3pOQ,0,0,0,0,
9db6beb02e774aa7a97ba8674a5a8f9d,3730,72176,0,0,0,,0,0,0,,0,0,0,,101,0,0,0,
9f6a577ab2ab4beba810a02fffc98cee,3730,224357,0,0,0,,0,0,0,,0,0,0,,0,0,0,0,
c4ffb821927d406682f3f17edfdf3bcd,3730,54077,297,164,447,https://www.youtube.com/watch?v=pDBmz01pLHU,297,164,447,https://www.youtube.com/watch?v=pDBmz01pLHU,0,0,0,,0,0,0,0,
6ce5f9e78ea946d8a2fd4191005557aa,3720,60319,1501,775,29444,https://www.youtube.com/watch?v=JnQ3oFJm1yY,0,0,0,,1501,775,29444,https://www.youtube.com/watch?v=JnQ3oFJm1yY,114,0,0,0,
c897f2f0ae414985aa623bfe2dfe8f1c,3720,77226,140,74,388,https://www.youtube.com/watch?v=yTmOO96DM_s,138,68,388,https://www.youtube.com/watch?v=yTmOO96DM_s,243,133,243,https://www.youtube.com/watch?v=U4PFwhcNpcU,0,0,0,0,
2a3824dd5c0a46f597b27dd183283aea,3700,317852,143,73,4399,https://www.youtube.com/watch?v=puJ8yk683QE,113,70,624,https://www.youtube.com/watch?v=KwcSPNIDvoE,175,94,4399,https://www.youtube.com/watch?v=puJ8yk683QE,0,0,0,0,
4b79f7afd84a42b98d11bd1c5cb6478c,3680,121735,0,0,0,,0,0,0,,0,0,0,,0,0,0,0,
7ebc0dc9fdf3442688ecd63bbdc30c51,3660,101064,369,72,788,https://www.youtube.com/watch?v=wgnyRf5j9y8,369,72,788,https://www.youtube.com/watch?v=wgnyRf5j9y8,0,0,0,,0,0,0,0,
cf648a09bdbc45429f4fae7dfff1a040,3650,150371,0,0,0,,0,0,0,,0,0,0,,7359,204,157,589,https://www.twitch.tv/videos/2017788134
ef67b676c0334ef182151f473469c1f1,3650,117396,312,180,2646,https://www.youtube.com/watch?v=SUo89k1Iexk,292,162,759,https://www.youtube.com/watch?v=PoPftExz3u0,678,266,2646,https://www.youtube.com/watch?v=SUo89k1Iexk,0,0,0,0,
98187e2cc8c34f5d8e0853bffc1a30c9,3650,100612,194,76,461,https://www.youtube.com/watch?v=UWh9w2V_iVg,164,59,210,https://www.youtube.com/watch?v=JM2nsAXAuL0,320,104,461,https://www.youtube.com/watch?v=UWh9w2V_iVg,0,0,0,0,
601b56797a3246f49cead93e9e190a49,3640,138414,0,0,0,,0,0,0,,0,0,0,,0,0,0,0,
86154ca2dc964847b37297138aa65b9f,3630,109204,169,82,1020,https://www.youtube.com/watch?v=-7otUTh9cMQ,157,88,580,https://www.youtube.com/watch?v=LfxitoA8Xhg,651,29,1020,https://www.youtube.com/watch?v=-7otUTh9cMQ,932,0,0,0,
381bb87f90794f2a909775a87c192dc5,3600,41572,0,0,0,,0,0,0,,0,0,0,,4831,0,0,0,
76cafd8f4f5e41cbad5e0520520fcc1b,3590,145042,0,0,0,,0,0,0,,0,0,0,,0,0,0,0,
3727892a417b429aa063c7300e132966,3580,200107,127,52,162,https://www.youtube.com/watch?v=ByBXjgz8Clc,127,52,162,https://www.youtube.com/watch?v=ByBXjgz8Clc,0,0,0,,0,0,0,0,
7748d3ab76f34e06abb9d116bb432de2,3550,56751,215,119,445,https://www.youtube.com/watch?v=pynOoG6YCn8,191,94,191,https://www.youtube.com/watch?v=I5PI2CAfy74,330,131,445,https://www.youtube.com/watch?v=pynOoG6YCn8,1716,178,97,178,https://www.twitch.tv/videos/2018735024
7f049d05ff3a4946998b9ddd7df409fd,3540,98184,206,102,742,https://www.youtube.com/watch?v=PLAyoWAnJ58,206,102,742,https://www.youtube.com/watch?v=PLAyoWAnJ58,0,0,0,,1537,326,213,352,https://www.twitch.tv/videos/2020556668
ccc1420185ad46d49d40b6b774db9b11,3520,133579,96,42,418,https://www.youtube.com/watch?v=7h9lu9dhefI,97,42,418,https://www.youtube.com/watch?v=7h9lu9dhefI,37,14,37,https://www.youtube.com/watch?v=pCvhxIaF2RE,538,28,17,37,https://www.twitch.tv/videos/2018867366
ad2a1148ff4747229694f9aa2c3645d9,3510,279319,156,65,451,https://www.youtube.com/watch?v=AWvv23hgoRg,137,73,268,https://www.youtube.com/watch?v=N5aNgGyJZfs,228,12,451,https://www.youtube.com/watch?v=AWvv23hgoRg,0,0,0,0,
069ca07d5dd84cd3bf42e21a085d98fb,3510,24701,0,0,0,,0,0,0,,0,0,0,,177,0,0,0,
caebfeea12c840f0ae0f0e2beb57b4e2,3500,143911,1184,535,1184,https://www.youtube.com/watch?v=GYpfZ7kyH6Q,0,0,0,,1184,535,1184,https://www.youtube.com/watch?v=GYpfZ7kyH6Q,0,0,0,0,
c430f1e7cfee4440b2b537c80a2a667d,3500,108338,208,93,391,https://www.youtube.com/watch?v=F740e57VtT4,208,93,391,https://www.youtube.com/watch?v=F740e57VtT4,0,0,0,,0,0,0,0,
0715c3b900ad423fa1b981cf4fc15c8f,3490,77639,108,35,191,https://www.youtube.com/watch?v=hl89o_QXQag,108,35,191,https://www.youtube.com/watch?v=hl89o_QXQag,0,0,0,,0,0,0,0,
342b158ba02d4103a1407d62fe786f5e,3440,137622,499,188,6238,https://www.youtube.com/watch?v=erRRnXFQoZo,0,0,0,,499,188,6238,https://www.youtube.com/watch?v=erRRnXFQoZo,1692,446,336,838,https://www.twitch.tv/videos/2021506846
7b58646f89cb4b7cbcdce819499c475f,3430,42356,305,217,9931,https://www.youtube.com/watch?v=INIfjOJIYfs,125,51,182,https://www.youtube.com/watch?v=42KbgXhu7a8,650,622,9931,https://www.youtube.com/watch?v=INIfjOJIYfs,0,0,0,0,
77e980ab542a4db6a34b5ac9c8f3948b,3430,129258,200,127,1266,https://www.youtube.com/watch?v=TQ9pn3rIfpQ,200,127,393,https://www.youtube.com/watch?v=sOiJtxo6Dac,721,240,1266,https://www.youtube.com/watch?v=TQ9pn3rIfpQ,606,260,212,289,https://www.twitch.tv/videos/2029199592
a6a4e83ae23140e6bd1f7c817af8f864,3420,23346,2934,2296,15316,https://www.youtube.com/watch?v=rwfYXH5kBVU,0,0,0,,2934,2296,15316,https://www.youtube.com/watch?v=rwfYXH5kBVU,0,0,0,0,
97cb83f1afcc4dd083f2f89f12477014,3400,97190,137,62,1671,https://www.youtube.com/watch?v=je6RoTFIAIk,137,61,445,https://www.youtube.com/watch?v=KN0TugBQ0zM,292,210,1671,https://www.youtube.com/watch?v=je6RoTFIAIk,0,0,0,0,
3bcfb277595f489ba52734d6f21c08e1,3370,0,0,0,0,,0,0,0,,0,0,0,,0,0,0,0,
427956ab929c4d36afca5ad8245aad8d,3360,136169,0,0,0,,0,0,0,,0,0,0,,0,0,0,0,
288f2fba52bf4d6b9e0ba66e03439837,3360,48887,52,3,52,https://www.youtube.com/watch?v=JCz6aMD4qlc,52,3,52,https://www.youtube.com/watch?v=JCz6aMD4qlc,0,0,0,,2317,71,60,71,https://www.twitch.tv/videos/2027430726
4720c4b95e7d4cbea3f5a0a5e523fe4d,3350,106474,0,0,0,,0,0,0,,0,0,0,,0,0,0,0,
50a0835b66844b0ab84f573934f20989,3340,14791,1796,1475,11144,https://www.youtube.com/watch?v=PvmHqfis0ew,0,0,0,,1796,1475,11144,https://www.youtube.com/watch?v=PvmHqfis0ew,0,0,0,0,
1f54eafd17434cd9bd175d27b72c2228,3330,108420,177,66,318,https://www.youtube.com/watch?v=v9Iv2zhF_hY,177,66,318,https://www.youtube.com/watch?v=v9Iv2zhF_hY,0,0,0,,0,0,0,0,
7fdfd0346667458a8657626f03434b59,3330,80837,380,191,710,https://www.youtube.com/watch?v=jjkU442rh3c,380,191,710,https://www.youtube.com/watch?v=jjkU442rh3c,0,0,0,,0,0,0,0,
32b83b466c11418bb380623a95944302,3330,206685,155,73,1159,https://www.youtube.com/watch?v=e_-b4eFvfQc,210,141,576,https://www.youtube.com/watch?v=AyVSvI0Z6e8,107,23,1159,https://www.youtube.com/watch?v=e_-b4eFvfQc,2166,392,259,497,https://www.twitch.tv/videos/2017884197
c4c40346f25443958f26010756c4693a,3330,151979,889,409,5364,https://www.youtube.com/watch?v=IJoe6qGegBA,669,130,1942,https://www.youtube.com/watch?v=FV-BZ4PZvFE,897,537,5364,https://www.youtube.com/watch?v=IJoe6qGegBA,75,0,0,0,
bddcd7d262a2434f9b6d77150fbbc72c,3320,42771,0,0,0,,0,0,0,,0,0,0,,0,0,0,0,
4bfaeda5b1f242959a992d6ad8b8a036,3300,119153,111,62,145,https://www.youtube.com/watch?v=J-sX4p9cdvY,111,62,145,https://www.youtube.com/watch?v=J-sX4p9cdvY,0,0,0,,397,122,78,172,https://www.twitch.tv/videos/2023381388
bdaa84ad3c7841d6a9ec8774ed9d40a9,3280,52219,237,127,261,https://www.youtube.com/watch?v=O7Al7kySkmk,237,127,261,https://www.youtube.com/watch?v=O7Al7kySkmk,0,0,0,,0,0,0,0,
13c69e2cf2ff4dc1907bbae9a87a8c0f,3260,106775,233,148,18082,https://www.youtube.com/watch?v=Fu1pYP6_8_E,157,77,275,https://www.youtube.com/watch?v=Hf0qX3h-9K8,2050,647,18082,https://www.youtube.com/watch?v=Fu1pYP6_8_E,812,140,118,324,https://www.twitch.tv/videos/2031164853
c90914afde364f5e982414615662f5a7,3240,234810,274,132,467,https://www.youtube.com/watch?v=D78EfjLtFss,274,132,467,https://www.youtube.com/watch?v=D78EfjLtFss,0,0,0,,625,0,0,0,
e069724ddab54dd690d6c3425574effd,3240,76679,545,334,11771,https://www.youtube.com/watch?v=-kMtUB2VoH0,436,238,2313,https://www.youtube.com/watch?v=nPAaXN9fsq4,1151,735,11771,https://www.youtube.com/watch?v=-kMtUB2VoH0,448,0,0,0,
3cf4da41775b4e608f4dde5859cdda74,3230,341395,1159,494,2780,https://www.youtube.com/watch?v=yyFqf3tpRmI,109,60,109,https://www.youtube.com/watch?v=jQW0PSnR_8g,1169,837,2780,https://www.youtube.com/watch?v=yyFqf3tpRmI,0,0,0,0,
8e249f04f6cb48bda24f1513a472f4d8,3220,157381,0,0,0,,0,0,0,,0,0,0,,0,0,0,0,
54b0131ceb734643b23b1eefee31cca0,3220,205270,352,112,352,https://www.youtube.com/watch?v=F9nEgKzyJYU,0,0,0,,352,112,352,https://www.youtube.com/watch?v=F9nEgKzyJYU,753,0,0,0,
07b9e0f7118446be96cc2d12f5d8ad02,3210,117485,0,0,0,,0,0,0,,0,0,0,,11411,643,288,1218,https://www.twitch.tv/videos/2006494692
67fdbfa65ee94cc688783102ef4f1ce5,3210,30093,0,0,0,,0,0,0,,0,0,0,,0,0,0,0,
ea62d2e6bc854e7a81b01a2362be310f,3200,198576,0,0,0,,0,0,0,,0,0,0,,354,0,0,0,
fe8ee7b57ae74a1388127b81b136c7ea,3190,76799,79,24,79,https://www.youtube.com/watch?v=YVYCFoH6TLs,79,24,79,https://www.youtube.com/watch?v=YVYCFoH6TLs,0,0,0,,445,0,0,0,
8d5345223f364c7d8cc7203ee0ffafd6,3190,153642,0,0,0,,0,0,0,,0,0,0,,0,0,0,0,
7a0c5fe0fe2f4427afe500c85ec958cb,3170,194734,951,306,951,https://www.youtube.com/watch?v=-5N3McSBfRY,0,0,0,,951,306,951,https://www.youtube.com/watch?v=-5N3McSBfRY,0,0,0,0,
99c16e8b8a8540d191a2dacac43f1fa3,3160,37370,0,0,0,,0,0,0,,0,0,0,,0,0,0,0,
52b5fa7ff03945368644f52035a5e798,3150,174069,28,11,54,https://www.youtube.com/watch?v=h8hVM9Od2yQ,28,11,54,https://www.youtube.com/watch?v=h8hVM9Od2yQ,0,0,0,,0,0,0,0,
65a06925c0fa47649984627f5989ab1c,3140,0,0,0,0,,0,0,0,,0,0,0,,0,0,0,0,
19c3bdcc95134ef38ad98df3f92f3ccb,3140,132793,130,77,275,https://www.youtube.com/watch?v=FdFRzCu8SCU,130,77,275,https://www.youtube.com/watch?v=FdFRzCu8SCU,0,0,0,,480,63,35,99,https://www.twitch.tv/videos/2030211723
20f361a84fb3439999c550c10fcf5642,3140,65105,1447,422,2084,https://www.youtube.com/watch?v=O9l2LKOwo6k,136,117,136,https://www.youtube.com/watch?v=qzRRW24KGbk,1765,537,2084,https://www.youtube.com/watch?v=O9l2LKOwo6k,1209,0,0,0,
9ceaafbe1a9a41bb9526b113354e03cc,3130,227562,150,69,970,https://www.youtube.com/watch?v=cLlnw-a5ps8,197,72,265,https://www.youtube.com/watch?v=3q70HGTK7Rw,82,44,970,https://www.youtube.com/watch?v=cLlnw-a5ps8,0,0,0,0,
70a7428607b845fc959fb7d4859d018b,3120,231268,236,109,278,https://www.youtube.com/watch?v=QTYBohLFCMY,0,0,0,,236,109,278,https://www.youtube.com/watch?v=QTYBohLFCMY,19210,381,234,769,https://www.twitch.tv/videos/2029173433
788611c913b04d999011628637657bee,3110,176202,354,134,2184,https://www.youtube.com/watch?v=ecPUmRqKGBk,366,121,1906,https://www.youtube.com/watch?v=OIVJaSDM6Jk,281,257,2184,https://www.youtube.com/watch?v=ecPUmRqKGBk,0,0,0,0,
4d01ec47d0804a47a9fef6d9d01d9c29,3110,83134,116,12,116,https://www.youtube.com/watch?v=sz3qvMeY5-U,116,12,116,https://www.youtube.com/watch?v=sz3qvMeY5-U,0,0,0,,1915,150,92,846,https://www.twitch.tv/videos/2018838120
0e8150c7419f4c1d94d8ccfb41a04280,3110,282052,775,294,6205,https://www.youtube.com/watch?v=heZkAYB63LY,381,168,1124,https://www.youtube.com/watch?v=NBGYxJY-a8A,1835,634,6205,https://www.youtube.com/watch?v=heZkAYB63LY,0,0,0,0,
99d1a2e0c8c047d2ad998e02d4dd9621,3100,95792,0,0,0,,0,0,0,,0,0,0,,0,0,0,0,
c66b9a1fe8bf44e388e9452285e5421e,3100,32838,0,0,0,,0,0,0,,0,0,0,,0,0,0,0,
175cfc69dbb34f1a8987f24a935db17f,3070,64054,249,107,1327,https://www.youtube.com/watch?v=Mr2vbKwThrc,235,112,1327,https://www.youtube.com/watch?v=Mr2vbKwThrc,829,76,829,https://www.youtube.com/watch?v=txFHQdPMyRI,0,0,0,0,
63f45366143549d8a2d26406445e0077,3070,122772,1077,1068,1077,https://www.youtube.com/watch?v=nGdwJtprEe0,1077,1068,1077,https://www.youtube.com/watch?v=nGdwJtprEe0,0,0,0,,0,0,0,0,
c28d59f83d9345de91d208cf7732bac5,3050,74360,170,87,227,https://www.youtube.com/watch?v=EKv_V0NdLew,113,101,113,https://www.youtube.com/watch?v=hPxcaF9ROHE,227,73,227,https://www.youtube.com/watch?v=EKv_V0NdLew,0,0,0,0,
490a48eedc944f9cb74501e6eefeb04d,3050,98362,219,94,1467,https://www.youtube.com/watch?v=P-_Y88FSfpM,261,100,369,https://www.youtube.com/watch?v=b739scyFmls,189,37,1467,https://www.youtube.com/watch?v=P-_Y88FSfpM,2133,166,64,260,https://www.twitch.tv/videos/2017969904
c7a3d726bb4243cabb70dfd1e9545cd0,3050,125303,115,35,146,https://www.youtube.com/watch?v=cBPfDMJt3Eg,115,35,146,https://www.youtube.com/watch?v=cBPfDMJt3Eg,0,0,0,,0,0,0,0,
9604bd9896fc421ba131a9a6e11d50b0,3050,143883,166,106,7648,https://www.youtube.com/watch?v=bAs7d10uI5U,141,76,349,https://www.youtube.com/watch?v=T1L2REOEups,1064,777,7648,https://www.youtube.com/watch?v=bAs7d10uI5U,0,0,0,0,
f53e734fd8ec432da4632f30e899338b,3030,69622,308,83,517,https://www.youtube.com/watch?v=ykVpMe_YpH8,327,165,517,https://www.youtube.com/watch?v=ykVpMe_YpH8,175,54,249,https://www.youtube.com/watch?v=XCkFNMBzI_U,0,0,0,0,
71e1a399885b48e79c9a98e973e6b5e3,3020,106871,176,65,2588,https://www.youtube.com/watch?v=D7k66ibTBfA,290,44,290,https://www.youtube.com/watch?v=_f-UQjmOCWA,170,73,2588,https://www.youtube.com/watch?v=D7k66ibTBfA,341,36,32,48,https://www.twitch.tv/videos/2022387490
c17ad3ef81904c26982024c9af1f0f3a,3010,106391,89,48,89,https://www.youtube.com/watch?v=ee1GJ5ZgrSg,89,48,89,https://www.youtube.com/watch?v=ee1GJ5ZgrSg,0,0,0,,2963,273,208,298,https://www.twitch.tv/videos/2025194221
f2ad5f187c9141ab8830b8eaf81c3aee,3010,154077,278,161,675,https://www.youtube.com/watch?v=WwlrCg3FBo8,278,161,675,https://www.youtube.com/watch?v=WwlrCg3FBo8,0,0,0,,0,0,0,0,
038ee6280ef742bcad8450ad52049944,3000,195383,248,237,248,https://www.youtube.com/watch?v=XVdyEGNyD-I,248,237,248,https://www.youtube.com/watch?v=XVdyEGNyD-I,0,0,0,,0,0,0,0,
53707f0116dc4fca8614ac7139e40b83,2970,170252,76,51,217,https://www.youtube.com/watch?v=neZuzbxLwyE,76,51,217,https://www.youtube.com/watch?v=neZuzbxLwyE,0,0,0,,3949,734,523,946,https://www.twitch.tv/videos/2018819856
c9510d2324d34b6fbd19ce627bf2bbac,2970,0,0,0,0,,0,0,0,,0,0,0,,0,0,0,0,
8e6719bf286244e3ad9e27fd1d363953,2960,68826,256,87,1130,https://www.youtube.com/watch?v=KVS2jDR3hi4,263,121,1130,https://www.youtube.com/watch?v=KVS2jDR3hi4,191,37,889,https://www.youtube.com/watch?v=ppMbB8YuVDE,0,0,0,0,
2ceecb98e47845eab5e3d8d33bd53895,2960,82413,164,104,285,https://www.youtube.com/watch?v=Qz6tQQRYKio,164,104,285,https://www.youtube.com/watch?v=Qz6tQQRYKio,0,0,0,,0,0,0,0,
8b69d6c508194b93b14fc056038160ab,2960,72726,76,18,117,https://www.youtube.com/watch?v=9hdRTFiMYX4,90,18,117,https://www.youtube.com/watch?v=9hdRTFiMYX4,50,7,50,https://www.youtube.com/watch?v=8ZUO4eHx1Jw,1588,0,0,0,
96be1e561acd4a75817c6424d9d4f9f0,2960,112172,6,5,9,https://www.youtube.com/watch?v=je1pU8HkqZc,0,0,0,,6,5,9,https://www.youtube.com/watch?v=je1pU8HkqZc,3492,351,253,838,https://www.twitch.tv/videos/2025306774
7e957469a0c2404fa4a863ed9f75945c,2950,114141,65,47,321,https://www.youtube.com/watch?v=GtCinCtffAU,65,47,321,https://www.youtube.com/watch?v=GtCinCtffAU,0,0,0,,0,0,0,0,
d13fdb8fdd3049e5bf80b5ab0fa8a1a6,2940,166144,185,106,2513,https://www.youtube.com/watch?v=a_zSQT3dSLo,197,92,2513,https://www.youtube.com/watch?v=a_zSQT3dSLo,170,140,554,https://www.youtube.com/watch?v=nChOwAXEyhU,0,0,0,0,
4576d781ddae45d59fc83c8d25385983,2930,63257,257,121,510,https://www.youtube.com/watch?v=uBC0dZBswdY,257,121,510,https://www.youtube.com/watch?v=uBC0dZBswdY,0,0,0,,257,0,0,0,
ad56a56e509c4b6fa0cf11ca959e3c72,2930,84714,197,72,1175,https://www.youtube.com/watch?v=LEwEpoH-k0c,208,94,1175,https://www.youtube.com/watch?v=LEwEpoH-k0c,89,39,93,https://www.youtube.com/watch?v=d6g8nhfbPow,121,0,0,0,
3e340f9122814acc84ff51a0aec8ae13,2920,57108,0,0,0,,0,0,0,,0,0,0,,0,0,0,0,
a246e7561e5f40799a48eeca69951b7b,2920,117037,132,96,978,https://www.youtube.com/watch?v=UeVCdlWNzp8,132,96,978,https://www.youtube.com/watch?v=UeVCdlWNzp8,0,0,0,,114,0,0,0,
7aca9b05fe654223a3702531383002a8,2910,37935,0,0,0,,0,0,0,,0,0,0,,2313,0,0,0,
58e377df63f745fc8473368b20afe2ae,2900,136994,70,41,150,https://www.youtube.com/watch?v=UJaIwxxetL0,70,41,150,https://www.youtube.com/watch?v=UJaIwxxetL0,0,0,0,,234,14,11,20,https://www.twitch.tv/videos/2027424779
a97d7491246145a5a7e224d6bd010f9b,2880,85488,0,0,0,,0,0,0,,0,0,0,,0,0,0,0,
099a5fd0d27d4fc892f684793ac18c99,2870,259980,247,124,416,https://www.youtube.com/watch?v=2xcO0I9Kkfg,221,111,416,https://www.youtube.com/watch?v=2xcO0I9Kkfg,247,124,374,https://www.youtube.com/watch?v=D6JdMCcvcd0,0,0,0,0,
4d347ba9ca0c41c59cda553ebe4af5b1,2840,95000,203,86,616,https://www.youtube.com/watch?v=Sylec2YWRBk,203,90,616,https://www.youtube.com/watch?v=Sylec2YWRBk,197,47,263,https://www.youtube.com/watch?v=jTHJbgLD_FI,1232,0,0,0,
e810dcd23c334fd184d254718517764e,2840,177393,0,0,0,,0,0,0,,0,0,0,,0,0,0,0,
7ddebf4d8f6d4c63a4fc7268d8113c10,2840,25259,352,65,1448,https://www.youtube.com/watch?v=8KSIPddrVYA,0,0,0,,352,65,1448,https://www.youtube.com/watch?v=8KSIPddrVYA,2658,513,390,660,https://www.twitch.tv/videos/2020451421
a9f1edc233804d4b90a9996219a3b14b,2830,76587,131,63,1165,https://www.youtube.com/watch?v=2EZ2g0bKkfU,107,57,424,https://www.youtube.com/watch?v=AlAVXu-hhrs,178,109,1165,https://www.youtube.com/watch?v=2EZ2g0bKkfU,0,0,0,0,
543d63ab162746ee93d723ed4a79ba8d,2820,207095,121,56,260,https://www.youtube.com/watch?v=qoBGKTuTizw,121,56,187,https://www.youtube.com/watch?v=P4VIdmU6EI0,146,54,260,https://www.youtube.com/watch?v=qoBGKTuTizw,0,0,0,0,
5fb934ba9c8642d1bf932cb58a43f60d,2820,34198,99,90,99,https://www.youtube.com/watch?v=YHDAUhWk0Y8,99,90,99,https://www.youtube.com/watch?v=YHDAUhWk0Y8,0,0,0,,0,0,0,0,
a6c4761937864c6ebe68b14ca475c19b,2810,107267,0,0,0,,0,0,0,,0,0,0,,0,0,0,0,
5dbed684176349d28353d5293085cd9c,2800,60315,343,173,2219,https://www.youtube.com/watch?v=UwVtekrAxU4,351,194,2219,https://www.youtube.com/watch?v=UwVtekrAxU4,320,157,2181,https://www.youtube.com/watch?v=E6jZeITqJnY,0,0,0,0,
bee9506c5d714205bfc69573280852c2,2790,0,0,0,0,,0,0,0,,0,0,0,,1753,178,122,331,https://www.twitch.tv/videos/2030946444
e9c48535f2af4f638e5a4c54ffa7862c,2780,120497,84,33,5628,https://www.youtube.com/watch?v=TPVpILADkxA,88,35,451,https://www.youtube.com/watch?v=I8NLAUVE2WU,59,12,5628,https://www.youtube.com/watch?v=TPVpILADkxA,0,0,0,0,
428251b7832a48219276fb6e5f644e86,2750,335627,65,28,4100,https://www.youtube.com/watch?v=citi4aJBnpU,60,24,132,https://www.youtube.com/watch?v=hjug6oE0Q3c,83,55,4100,https://www.youtube.com/watch?v=citi4aJBnpU,243,0,0,0,
06e9953eb191486d979e6b92b6601d9a,2740,820595,2,1,4,https://www.youtube.com/watch?v=BX7vko9j09s,0,0,0,,2,1,4,https://www.youtube.com/watch?v=BX7vko9j09s,2266,0,0,0,
490449b3ec824ea99ea3ccd38ac94c38,2740,77769,170,92,281,https://www.youtube.com/watch?v=Zj6IheYx8B8,168,121,272,https://www.youtube.com/watch?v=pr08vA6OuCI,281,33,281,https://www.youtube.com/watch?v=Zj6IheYx8B8,0,0,0,0,
d177ac8568a14720b35bcc1a829aff51,2740,63859,1041,112,1041,https://www.youtube.com/watch?v=YMOdrvTkrqY,1041,112,1041,https://www.youtube.com/watch?v=YMOdrvTkrqY,0,0,0,,0,0,0,0,
fda1d7f773b04b6898f5180e21e47874,2740,138278,207,137,2375,https://www.youtube.com/watch?v=roaomrPRNEY,201,126,351,https://www.youtube.com/watch?v=kro772PtY1U,1226,150,2375,https://www.youtube.com/watch?v=roaomrPRNEY,0,0,0,0,
d0b68b633fba4c02a627751778973f36,2730,58031,0,0,0,,0,0,0,,0,0,0,,0,0,0,0,
907d39ec8a394cdcb645bd4b2e6351e7,2720,61052,0,0,0,,0,0,0,,0,0,0,,0,0,0,0,
c6dab598fcee4b6b9bff76d2e8ffc8e6,2710,147136,120,70,248,https://www.youtube.com/watch?v=UkiHXC4BmaU,120,70,248,https://www.youtube.com/watch?v=UkiHXC4BmaU,0,0,0,,695,42,30,79,https://www.twitch.tv/videos/2025430434
6bf5f37da9e74d539963689b6b0256a5,2710,297602,361,117,3285,https://www.youtube.com/watch?v=GbXNqxgRlPw,318,107,599,https://www.youtube.com/watch?v=qs_zsJfI9qg,2652,2389,3285,https://www.youtube.com/watch?v=GbXNqxgRlPw,0,0,0,0,
715cc1261d7e42c18135d47bd1cf2500,2700,20096,175,82,7042,https://www.youtube.com/watch?v=oDD9xx65WGY,174,70,449,https://www.youtube.com/watch?v=EokPLdVp5ng,7042,829,7042,https://www.youtube.com/watch?v=oDD9xx65WGY,4616,263,180,263,https://www.twitch.tv/videos/2022391161
fbf616b4f812413dbe6b156c8a9d5e5f,2680,71690,0,0,0,,0,0,0,,0,0,0,,0,0,0,0,
d0e0745dd98a4cab9c5e4ff43e3d246f,2670,78738,0,0,0,,0,0,0,,0,0,0,,0,0,0,0,
9c64ee54cc094bf7931398eaf0c072d6,2650,140648,854,287,1814,https://www.youtube.com/watch?v=GKgu7MFHDBk,320,173,1814,https://www.youtube.com/watch?v=GKgu7MFHDBk,1389,401,1389,https://www.youtube.com/watch?v=rMZB38YqVds,1589,492,333,788,https://www.twitch.tv/videos/2023383615
edf9e466820347828b0d2d10e5e9bb72,2650,167105,61,35,344,https://www.youtube.com/watch?v=Lf3oFDRjZOQ,58,35,344,https://www.youtube.com/watch?v=Lf3oFDRjZOQ,91,30,120,https://www.youtube.com/watch?v=7mZeJfGoYPQ,249,0,0,0,
c40a8ff66b3348dc8459766b74846feb,2640,0,0,0,0,,0,0,0,,0,0,0,,1754,0,0,0,
7667228c716242d787e1e9cf37224896,2640,93091,0,0,0,,0,0,0,,0,0,0,,0,0,0,0,
15bb576dcd8d45d397905a896e3e25f8,2630,74530,0,0,0,,0,0,0,,0,0,0,,0,0,0,0,
058021ae015448cda91651a6bd41cdc6,2620,51613,115,39,292,https://www.youtube.com/watch?v=7TgMFcB-kv0,119,39,292,https://www.youtube.com/watch?v=7TgMFcB-kv0,113,31,141,https://www.youtube.com/watch?v=uPmFoCg5Nag,1961,110,83,135,https://www.twitch.tv/videos/2020507898
0a20931c68dc49c8bd08eda1486193d8,2620,64843,0,0,0,,0,0,0,,0,0,0,,1575,220,175,339,https://www.twitch.tv/videos/2029212380
02e7729df0424fbbb21b77ccd543b0be,2610,145875,37,26,3156,https://www.youtube.com/watch?v=Jxm74Td85GI,32,27,52,https://www.youtube.com/watch?v=FF0EzQsFIHk,44,23,3156,https://www.youtube.com/watch?v=Jxm74Td85GI,0,0,0,0,
836f66b079c4466db64a8b3bc9295450,2600,80706,295,135,2101,https://www.youtube.com/watch?v=lKxC7b7mg8A,298,130,349,https://www.youtube.com/watch?v=0uER3oxxBao,284,159,2101,https://www.youtube.com/watch?v=lKxC7b7mg8A,0,0,0,0,
87968861d5794c01bfce46d51c8abfc7,2600,23846,0,0,0,,0,0,0,,0,0,0,,0,0,0,0,
6417469030e943748dfdba4ee26a08e4,2590,81551,132,80,176,https://www.youtube.com/watch?v=t5_plwYhOoo,132,80,176,https://www.youtube.com/watch?v=t5_plwYhOoo,0,0,0,,522,128,85,291,https://www.twitch.tv/videos/2028199446
f339d4e6913d4a03b39a75228f402153,2590,64062,410,254,779,https://www.youtube.com/watch?v=4LSQZ6-e2LM,356,220,779,https://www.youtube.com/watch?v=4LSQZ6-e2LM,465,288,465,https://www.youtube.com/watch?v=5WgruJGcGlw,518,122,62,122,https://www.twitch.tv/videos/2017769056
b10149a2a1ee4ffcbf1dacb1b1722f9f,2570,69442,293,86,11672,https://www.youtube.com/watch?v=v1BzlcAq7Xw,231,82,898,https://www.youtube.com/watch?v=XaMTO7hkkiY,6109,784,11672,https://www.youtube.com/watch?v=v1BzlcAq7Xw,744,139,90,139,https://www.twitch.tv/videos/2021455227
29d3dea4a1684bec9592e2ccc3685c57,2570,67187,89,46,89,https://www.youtube.com/watch?v=-2xJXeoNq2A,0,0,0,,89,46,89,https://www.youtube.com/watch?v=-2xJXeoNq2A,0,0,0,0,
a9faef4b712b4649ba60c7e8e262175a,2570,57902,34,32,44,https://www.youtube.com/watch?v=YGyHvStkTkw,34,32,44,https://www.youtube.com/watch?v=YGyHvStkTkw,0,0,0,,0,0,0,0,
868f29ec868047fdb2a80a91f49fc55a,2560,69433,899,372,3932,https://www.youtube.com/watch?v=0Qclwo8efZw,0,0,0,,899,372,3932,https://www.youtube.com/watch?v=0Qclwo8efZw,53,0,0,0,
46145dc9eaab4a84898468905a4759b0,2550,49300,33,22,62,https://www.youtube.com/watch?v=UO1L__tG33Q,0,0,0,,33,22,62,https://www.youtube.com/watch?v=UO1L__tG33Q,0,0,0,0,
4b8f55c74e594978bb461a27b3924336,2540,28641,373,141,544,https://www.youtube.com/watch?v=sev7EBc8MHc,373,141,544,https://www.youtube.com/watch?v=sev7EBc8MHc,0,0,0,,817,0,0,0,
4e48e10b3c2f439c934b1db25679b972,2520,200178,606,193,914,https://www.youtube.com/watch?v=cUGpmfTWp58,606,193,914,https://www.youtube.com/watch?v=cUGpmfTWp58,0,0,0,,0,0,0,0,
751596501f4f420a8a5c5c9d839efb22,2510,114196,0,0,0,,0,0,0,,0,0,0,,301,0,0,0,
118c05e7f751446abee5fc827fda0215,2510,771224,55,24,1263,https://www.youtube.com/watch?v=YXRh3HqH318,53,26,88,https://www.youtube.com/watch?v=tyL4pDIt1uU,99,13,1263,https://www.youtube.com/watch?v=YXRh3HqH318,0,0,0,0,
993abf9d9dd84cccae3b8cbba00df320,2510,120786,223,116,301,https://www.youtube.com/watch?v=bc1J4K73G9w,190,133,223,https://www.youtube.com/watch?v=rfK0vrOXZ0A,301,91,301,https://www.youtube.com/watch?v=bc1J4K73G9w,0,0,0,0,
662341d52a8e413d8fe661c8da9470f0,2510,23160,285,222,805,https://www.youtube.com/watch?v=lbnp8eVx9uE,312,225,805,https://www.youtube.com/watch?v=lbnp8eVx9uE,206,140,206,https://www.youtube.com/watch?v=9D9__Z2rlRQ,0,0,0,0,
fd81a8861669442ca49c50bc4cfd4b5e,2500,114054,122,65,294,https://www.youtube.com/watch?v=9k0kU1gLfLs,143,94,294,https://www.youtube.com/watch?v=9k0kU1gLfLs,48,20,53,https://www.youtube.com/watch?v=Qc7ZrQ6rZ0U,0,0,0,0,
b3c1a09b09a54b9a8078d3310d151efe,2500,52827,141,71,206,https://www.youtube.com/watch?v=-iZNAELfXWM,151,71,206,https://www.youtube.com/watch?v=-iZNAELfXWM,104,64,129,https://www.youtube.com/watch?v=Gk4S88kdCFA,0,0,0,0,
bcbf00e1e98b4d5e8af20f29adbb0645,2500,124123,71,37,1286,https://www.youtube.com/watch?v=VfYSYzZfxM8,69,35,211,https://www.youtube.com/watch?v=Pzw_o9fggYg,133,70,1286,https://www.youtube.com/watch?v=VfYSYzZfxM8,0,0,0,0,
ee0763f3339d45b493bf45488a8e7701,2500,78521,71,34,1000,https://www.youtube.com/watch?v=_24-G044GVI,157,65,1000,https://www.youtube.com/watch?v=_24-G044GVI,63,33,567,https://www.youtube.com/watch?v=0cL6__JL9ro,20337,3005,1213,12597,https://www.twitch.tv/videos/2028858658
4ac7e88bd2234040a1da03644b06a501,2490,11260,0,0,0,,0,0,0,,0,0,0,,0,0,0,0,
5bbfc7c1b6584cef8c75f2f9044387d2,2490,93209,96,49,163,https://www.youtube.com/watch?v=kSWzVmy8_nA,96,49,163,https://www.youtube.com/watch?v=kSWzVmy8_nA,0,0,0,,0,0,0,0,
d8008bc6129d49d4bebfe530c4d02751,2490,0,0,0,0,,0,0,0,,0,0,0,,0,0,0,0,
eb9c18d484464a8e9ac12f44c761ce27,2490,63474,0,0,0,,0,0,0,,0,0,0,,728,0,0,0,
8f0b41303e8a481689fe4309a565ecd3,2480,82000,134,52,362,https://www.youtube.com/watch?v=s6cAhnJeswc,143,31,311,https://www.youtube.com/watch?v=UJMfD24vJMI,91,81,362,https://www.youtube.com/watch?v=s6cAhnJeswc,763,0,0,0,
0999b4ac6dbf496aacc1d48be59c4df0,2480,41384,94,53,245,https://www.youtube.com/watch?v=9Gv7zBffZLE,90,61,162,https://www.youtube.com/watch?v=SppxUAsfWHo,245,45,245,https://www.youtube.com/watch?v=9Gv7zBffZLE,0,0,0,0,
17148f2477dd403ea3903391ef594e4a,2480,1376,0,0,0,,0,0,0,,0,0,0,,4356,0,0,0,
ab64eaef68c94ab4afb3a89007c81e9c,2480,42322,71,32,71,https://www.youtube.com/watch?v=khepUcyVQ_g,0,0,0,,71,32,71,https://www.youtube.com/watch?v=khepUcyVQ_g,3142,357,294,945,https://www.twitch.tv/videos/2019142792
bd9c7d2e96094ce7b8ca032228bb13c7,2470,46013,165,56,165,https://www.youtube.com/watch?v=K_XCuV4QSnU,165,56,165,https://www.youtube.com/watch?v=K_XCuV4QSnU,0,0,0,,0,0,0,0,
965bb7d47d0243839535d38bc1bc66cc,2470,49097,222,76,542,https://www.youtube.com/watch?v=_rDyUge2yR8,277,94,542,https://www.youtube.com/watch?v=_rDyUge2yR8,168,58,168,https://www.youtube.com/watch?v=gWAsZ48FmI0,0,0,0,0,
92354b79050d4a2dbdb2289a7498a662,2460,34315,0,0,0,,0,0,0,,0,0,0,,0,0,0,0,
da189f9d282e4c31a4a8024d11fe368d,2460,96584,129,74,817,https://www.youtube.com/watch?v=Z9hl7dhBEeI,199,79,817,https://www.youtube.com/watch?v=Z9hl7dhBEeI,97,39,479,https://www.youtube.com/watch?v=hF5f5pVyk9w,0,0,0,0,
1ead15220cb842a79c3922d08d618e31,2460,3286,0,0,0,,0,0,0,,0,0,0,,0,0,0,0,
7923371c887541e28bbae1a55b732d05,2450,38355,179,127,1808,https://www.youtube.com/watch?v=lEdL7MDzHgc,243,146,731,https://www.youtube.com/watch?v=t_A7PHiTCuU,175,88,1808,https://www.youtube.com/watch?v=lEdL7MDzHgc,0,0,0,0,
652d06b0251940bea32cd69dec3057e6,2450,93388,179,94,192,https://www.youtube.com/watch?v=mVFmj9JW3wM,179,94,192,https://www.youtube.com/watch?v=mVFmj9JW3wM,0,0,0,,0,0,0,0,
9e3edec3eec54f49a065f1970471d473,2450,78066,217,23,278,https://www.youtube.com/watch?v=fflHI3L50WE,250,42,278,https://www.youtube.com/watch?v=fflHI3L50WE,44,6,54,https://www.youtube.com/watch?v=8ev0TL4MS5c,691,0,0,0,
eb159df5d55b4730ab2955c5e2638e3f,2440,58363,102,54,341,https://www.youtube.com/watch?v=-nqtgEBZci4,102,54,341,https://www.youtube.com/watch?v=-nqtgEBZci4,102,74,108,https://www.youtube.com/watch?v=K6Aw6Ot1gsw,0,0,0,0,
8fd3526ba2074df896bbcb47e713565b,2440,56666,174,84,535,https://www.youtube.com/watch?v=xSmQHgj2UCg,174,84,535,https://www.youtube.com/watch?v=xSmQHgj2UCg,0,0,0,,0,0,0,0,
00ff650864404d0c9ce155ff4a82d804,2430,9754,51,21,52,https://www.youtube.com/watch?v=7eHVOE7G9yE,51,21,52,https://www.youtube.com/watch?v=7eHVOE7G9yE,0,0,0,,0,0,0,0,
90c317900736475a8c5cae632bdd0960,2420,151736,0,0,0,,0,0,0,,0,0,0,,0,0,0,0,
d9e29a148c3d45e99a6ee30802a8da38,2420,1682,0,0,0,,0,0,0,,0,0,0,,1209,0,0,0,
a577528125314beab91d127043218bb2,2420,79600,37,23,37,https://www.youtube.com/watch?v=o1UdP4q-5jY,37,23,37,https://www.youtube.com/watch?v=o1UdP4q-5jY,0,0,0,,0,0,0,0,
468e093c0a3144359842fd8e5d3f9800,2420,27182,167,106,273,https://www.youtube.com/watch?v=0IXGaATjSXY,167,106,273,https://www.youtube.com/watch?v=0IXGaATjSXY,0,0,0,,123,0,0,0,
27a500a69f2b425bb5ab44750df0fac8,2420,87124,231,180,428,https://www.youtube.com/watch?v=bCuHXyMQ-sI,0,0,0,,231,180,428,https://www.youtube.com/watch?v=bCuHXyMQ-sI,0,0,0,0,
c79ef93aca644e7083eeb8196e5cee85,2400,32519,0,0,0,,0,0,0,,0,0,0,,5123,0,0,0,
dca4ac320dfd431b930d798a34f6056a,2400,98024,0,0,0,,0,0,0,,0,0,0,,0,0,0,0,
76165d25983b463eaa1da66c86a32b7c,2390,30529,62,33,126,https://www.youtube.com/watch?v=ICCor2ZGDPs,62,33,126,https://www.youtube.com/watch?v=ICCor2ZGDPs,0,0,0,,0,0,0,0,
b0f00fccf8a14655911360748c4699cd,2390,89550,235,154,4407,https://www.youtube.com/watch?v=vsZEJeB5FVM,120,71,347,https://www.youtube.com/watch?v=9Uo7ur0lH6s,1335,551,4407,https://www.youtube.com/watch?v=vsZEJeB5FVM,0,0,0,0,
0a9e04624456419c814b77a7aa12678b,2380,142305,0,0,0,,0,0,0,,0,0,0,,0,0,0,0,
9b33b75521bd43bca3346790ac65559c,2380,138910,15,5,864,https://www.youtube.com/watch?v=ouH_X1dT3DQ,864,716,864,https://www.youtube.com/watch?v=ouH_X1dT3DQ,14,4,57,https://www.youtube.com/watch?v=Rz1BBi5OjZI,7148,723,300,2069,https://www.twitch.tv/videos/2021373278
5f9767b104b54292bf6dd29863c0c6b1,2370,113242,133,74,1742,https://www.youtube.com/watch?v=OD0VVusUs0M,128,68,176,https://www.youtube.com/watch?v=dNHPJ_ziZpI,1742,1249,1742,https://www.youtube.com/watch?v=OD0VVusUs0M,0,0,0,0,
42e2bc7c16734352b2e18a82e48844ec,2370,261342,308,128,2872,https://www.youtube.com/watch?v=MSxc3IFnUsY,308,128,2872,https://www.youtube.com/watch?v=MSxc3IFnUsY,0,0,0,,0,0,0,0,
98f0c92052e74bdc969388a4710655cd,2370,141569,297,88,346,https://www.youtube.com/watch?v=_dCAzMYXJ-s,297,88,346,https://www.youtube.com/watch?v=_dCAzMYXJ-s,0,0,0,,0,0,0,0,
c371d4c7f516451bac8ae3a9a13dc7f2,2360,74985,107,56,295,https://www.youtube.com/watch?v=8wEiT9S4sE4,107,56,295,https://www.youtube.com/watch?v=8wEiT9S4sE4,0,0,0,,1089,99,69,173,https://www.twitch.tv/videos/2021577482
f146e7f1a1164dbfab960ea34873afb5,2360,86524,62,21,147,https://www.youtube.com/watch?v=-4gaA8K1Oow,62,21,147,https://www.youtube.com/watch?v=-4gaA8K1Oow,0,0,0,,0,0,0,0,
62d6466e900941d9b516c95cf222aa40,2360,11365,10,6,10,https://www.youtube.com/watch?v=3kK9JcRU9FM,0,0,0,,10,6,10,https://www.youtube.com/watch?v=3kK9JcRU9FM,425,0,0,0,
0f9d996c066a406dbe04161776c17461,2350,97691,150,102,258,https://www.youtube.com/watch?v=J9OtlPTEVIk,150,102,258,https://www.youtube.com/watch?v=J9OtlPTEVIk,0,0,0,,0,0,0,0,
8b027d3a3f374c9c8398b6dd751e5018,2350,39957,110,28,217,https://www.youtube.com/watch?v=B4e3ThnKDpU,178,13,217,https://www.youtube.com/watch?v=B4e3ThnKDpU,67,38,153,https://www.youtube.com/watch?v=1JPbPcwicO0,36640,4443,1759,13751,https://www.twitch.tv/videos/2006178222
13f9e814151e487aa60c4f50a4a23a27,2350,84061,101,26,124,https://www.youtube.com/watch?v=xEjOrGRl5Xc,101,26,124,https://www.youtube.com/watch?v=xEjOrGRl5Xc,0,0,0,,0,0,0,0,
6e1845e76035452287436153470e8656,2330,93406,112,78,219,https://www.youtube.com/watch?v=hVqXkXQWVHo,112,78,219,https://www.youtube.com/watch?v=hVqXkXQWVHo,0,0,0,,476,40,38,57,https://www.twitch.tv/videos/2030997098
4865c3feac234584909168181b7dc2be,2320,46351,121,74,225,https://www.youtube.com/watch?v=BtTKWH2hE5M,119,76,225,https://www.youtube.com/watch?v=BtTKWH2hE5M,123,62,123,https://www.youtube.com/watch?v=cka4BCvbjtc,185,77,66,77,https://www.twitch.tv/videos/2027462080
b19d58b07131413a92b4bd16e37e8e38,2320,10781,0,0,0,,0,0,0,,0,0,0,,0,0,0,0,
9b8fe3ac0f30473f87290d314dfda74e,2320,64645,0,0,0,,0,0,0,,0,0,0,,0,0,0,0,
d55860f26114410c97af27ba1269e3ed,2320,104264,69,38,125,https://www.youtube.com/watch?v=H-pXWpGuPeM,69,38,125,https://www.youtube.com/watch?v=H-pXWpGuPeM,0,0,0,,1169,98,74,152,https://www.twitch.tv/videos/2019607610
eafb808b078844fdab1d8ed561dbd462,2310,75625,147,84,213,https://www.youtube.com/watch?v=z6J5FCth0Wo,147,84,213,https://www.youtube.com/watch?v=z6J5FCth0Wo,0,0,0,,0,0,0,0,
e68bb26e386a4d49a2f521f8abc83376,2310,42281,62,27,65,https://www.youtube.com/watch?v=QYhbemCjbDU,0,0,0,,62,27,65,https://www.youtube.com/watch?v=QYhbemCjbDU,3504,164,103,312,https://www.twitch.tv/videos/2022426204
edc63a5ab371435ea8614134d401c517,2310,88143,0,0,0,,0,0,0,,0,0,0,,0,0,0,0,
b975eb70ed174bbda87e181be25bd1c5,2310,71735,0,0,0,,0,0,0,,0,0,0,,0,0,0,0,
ba41581d315943fdaebe0dc981020d1c,2300,74160,250,139,3051,https://www.youtube.com/watch?v=eV3cOxQ0Kx4,238,134,3051,https://www.youtube.com/watch?v=eV3cOxQ0Kx4,1364,567,1796,https://www.youtube.com/watch?v=jd6q8XifeJU,0,0,0,0,
34edb431f7da4a43b2a6a9d79d2858d1,2290,89602,242,68,1393,https://www.youtube.com/watch?v=PJfWfmGZ_rI,225,65,396,https://www.youtube.com/watch?v=PDiFJ3cLbis,537,110,1393,https://www.youtube.com/watch?v=PJfWfmGZ_rI,0,0,0,0,
0def37f8b1024539acb6aaf387f3029e,2290,36853,0,0,0,,0,0,0,,0,0,0,,5680,772,108,2083,https://www.twitch.tv/videos/2012403469
126103200de947a7a3c2ac3971eef633,2290,72758,450,169,2916,https://www.youtube.com/watch?v=qpQTxRHMukE,424,169,1203,https://www.youtube.com/watch?v=VbSiitLul_w,1780,365,2916,https://www.youtube.com/watch?v=qpQTxRHMukE,0,0,0,0,
284024f40bb34b429debb78e7dbf3391,2280,36866,0,0,0,,0,0,0,,0,0,0,,0,0,0,0,
3f12c2866e564c3086183c6e75ef79eb,2280,55766,0,0,0,,0,0,0,,0,0,0,,0,0,0,0,
1e10c82a40224474bba81c3a9e293c51,2280,490902,0,0,0,,0,0,0,,0,0,0,,3625,558,289,1988,https://www.twitch.tv/videos/2009236451
25904d8b82c84d74a8abffb804647e21,2280,105423,0,0,0,,0,0,0,,0,0,0,,405,0,0,0,
11dd1f817a6b4c80a066aedd8e0fa419,2280,55478,161,85,1529,https://www.youtube.com/watch?v=7MTJt8th3K0,180,134,1529,https://www.youtube.com/watch?v=7MTJt8th3K0,83,29,345,https://www.youtube.com/watch?v=UrnsSqwb5ak,0,0,0,0,
08a9cb204a03447bbba896df3ee6a096,2280,10702,0,0,0,,0,0,0,,0,0,0,,406,0,0,0,
73a6eae6a16942ef8726b2c475fef9e0,2280,130606,0,0,0,,0,0,0,,0,0,0,,0,0,0,0,
65a52797bec24b9bb2df5201068873a4,2260,27850,173,102,211,https://www.youtube.com/watch?v=uyGYoiqMpM8,173,102,211,https://www.youtube.com/watch?v=uyGYoiqMpM8,0,0,0,,0,0,0,0,
9c913230c732455c9604dae9ebcfa64e,2260,15594,2,1,115,https://www.youtube.com/watch?v=N9AfFWRQ2Ck,0,0,0,,2,1,115,https://www.youtube.com/watch?v=N9AfFWRQ2Ck,761,257,151,329,https://www.twitch.tv/videos/2024206247
bf197e3d2cd6400db5f7e397427965e5,2260,63242,127,61,207,https://www.youtube.com/watch?v=azKdhYfOfVc,127,61,207,https://www.youtube.com/watch?v=azKdhYfOfVc,0,0,0,,104,0,0,0,
daf01d921fcd4d59876e7f574a083aba,2250,67370,104,41,300,https://www.youtube.com/watch?v=4Wcy-hCRZn8,102,36,226,https://www.youtube.com/watch?v=o8MqRSKqzPc,232,123,300,https://www.youtube.com/watch?v=4Wcy-hCRZn8,0,0,0,0,
63a55bc5320e4f148ed0abd7991b0e01,2250,5216,106,56,111,https://www.youtube.com/watch?v=7OMxIj3TAVE,106,56,111,https://www.youtube.com/watch?v=7OMxIj3TAVE,0,0,0,,4390,960,629,3735,https://www.twitch.tv/videos/2030273448
02168475e7ca4234b57d53f495bf3bbc,2250,116835,57,29,190,https://www.youtube.com/watch?v=n4sw-YW1BPk,57,29,190,https://www.youtube.com/watch?v=n4sw-YW1BPk,0,0,0,,0,0,0,0,
3896e47ba9f64b7082eee3980734ab14,2240,193021,236,141,445,https://www.youtube.com/watch?v=K46pnikUmD8,210,127,445,https://www.youtube.com/watch?v=K46pnikUmD8,434,241,434,https://www.youtube.com/watch?v=P2OUE0A1GKU,0,0,0,0,
c01af5d5f9b74ac29b51dcae0dc55a2d,2240,151882,0,0,0,,0,0,0,,0,0,0,,0,0,0,0,
1c4d1b6728454276a4a5c4e0d6a94a20,2220,0,0,0,0,,0,0,0,,0,0,0,,0,0,0,0,
38ecb20931514383b2d93885136c6b68,2220,67609,72,17,663,https://www.youtube.com/watch?v=vzoScPXr_4M,67,15,663,https://www.youtube.com/watch?v=vzoScPXr_4M,83,24,93,https://www.youtube.com/watch?v=6mHo20UCNx0,0,0,0,0,
cb57ce29683a4cff930848f8c9850665,2200,45189,0,0,0,,0,0,0,,0,0,0,,280,0,0,0,
7ce04ee5bb63467f8b70a69136049218,2200,24931,365,227,365,https://www.youtube.com/watch?v=4MEHj0CVga4,0,0,0,,365,227,365,https://www.youtube.com/watch?v=4MEHj0CVga4,1523,178,147,187,https://www.twitch.tv/videos/2025470287
a7874e2ea7a44640a4ad427680a1dc9a,2190,65393,176,19,176,https://www.youtube.com/watch?v=dJ7yVA4UG7c,176,19,176,https://www.youtube.com/watch?v=dJ7yVA4UG7c,0,0,0,,0,0,0,0,
4f93fe928d264a299c6589e09fbda21e,2190,160799,0,0,0,,0,0,0,,0,0,0,,0,0,0,0,
326e254f0da14bc6bfc5d379164cf5c6,2180,42044,0,0,0,,0,0,0,,0,0,0,,0,0,0,0,
d45c287a84b6485e8ff3400cf50f5db7,2180,161413,103,34,103,https://www.youtube.com/watch?v=H4EXe4e5ako,0,0,0,,103,34,103,https://www.youtube.com/watch?v=H4EXe4e5ako,2437,446,293,546,https://www.twitch.tv/videos/2023435785
8d0693c271284b76a407c9f6faffcfdc,2180,36959,37,23,37,https://www.youtube.com/watch?v=_782e8gnSXI,0,0,0,,37,23,37,https://www.youtube.com/watch?v=_782e8gnSXI,0,0,0,0,
4de89158f20a4d0e8023f15db8a9526e,2170,3369,591,423,1449,https://www.youtube.com/watch?v=jdJlAy1PhKc,0,0,0,,591,423,1449,https://www.youtube.com/watch?v=jdJlAy1PhKc,0,0,0,0,
80c426d23cdb4dcda1d1a0a1bd7e0245,2170,11442,139,26,139,https://www.youtube.com/watch?v=kNtyPK5iJR8,139,26,139,https://www.youtube.com/watch?v=kNtyPK5iJR8,0,0,0,,5970,252,113,613,https://www.twitch.tv/videos/2009058277
2c42a2d77b4c481bae57dc00a66c2f16,2170,161240,407,221,626,https://www.youtube.com/watch?v=hNFha-EeKTg,407,221,626,https://www.youtube.com/watch?v=hNFha-EeKTg,0,0,0,,0,0,0,0,
b8d723ac79eb47229a23adc4029a5bd5,2170,0,0,0,0,,0,0,0,,0,0,0,,0,0,0,0,
cc2a13ac075e4640b19020a51dcf9d88,2150,9714,2797,1440,5694,https://www.youtube.com/watch?v=lQaqIoCwy6A,3598,1552,5694,https://www.youtube.com/watch?v=lQaqIoCwy6A,2797,714,2797,https://www.youtube.com/watch?v=wO8XCgOhZos,0,0,0,0,
6eeed5b0702a45df8470a617ee2c5243,2130,23007,0,0,0,,0,0,0,,0,0,0,,0,0,0,0,
6d185bad1ade4f54b0a23d2d9f3f3198,2130,26828,0,0,0,,0,0,0,,0,0,0,,0,0,0,0,
432458f2f15549919dc6e3706ccbd417,2130,78285,148,77,148,https://www.youtube.com/watch?v=GHevJt_Z2SU,0,0,0,,148,77,148,https://www.youtube.com/watch?v=GHevJt_Z2SU,0,0,0,0,
b5c9831f97f4427a88a96d7c4ee40539,2110,180446,0,0,0,,0,0,0,,0,0,0,,818,458,280,546,https://www.twitch.tv/videos/2017773164
536213f7ad4545f5a318156568763a35,2110,60514,102,54,514,https://www.youtube.com/watch?v=AWJJRFEjQO0,95,54,514,https://www.youtube.com/watch?v=AWJJRFEjQO0,160,48,182,https://www.youtube.com/watch?v=ltunHe4JeMA,0,0,0,0,
a0e2f9b9f851401bbd1736189d4b69b1,2110,54210,93,44,1674,https://www.youtube.com/watch?v=gjTB-sQq9so,93,44,1674,https://www.youtube.com/watch?v=gjTB-sQq9so,84,44,96,https://www.youtube.com/watch?v=c5kjaloxxfg,0,0,0,0,
6c0758764e674c6db2f985710fcfbd7b,2110,76579,612,240,5960,https://www.youtube.com/watch?v=nUaYd4bcW84,300,200,3622,https://www.youtube.com/watch?v=Md7pFOlVtwY,1457,349,5960,https://www.youtube.com/watch?v=nUaYd4bcW84,0,0,0,0,
93e7079bd21c499f9004e79d18489d28,2110,433332,0,0,0,,0,0,0,,0,0,0,,89,0,0,0,
1756e5a7f5a04ff6a7b5f482201b5cfc,2090,53871,226,137,2100,https://www.youtube.com/watch?v=suy8ti3r_jY,203,138,445,https://www.youtube.com/watch?v=hERXJ26JIx0,285,134,2100,https://www.youtube.com/watch?v=suy8ti3r_jY,10737,1320,590,2575,https://www.twitch.tv/videos/2018461902
5fa2dee0fba64112aa476441cd6ff982,2090,43272,287,161,411,https://www.youtube.com/watch?v=mirQi--2GY8,287,161,411,https://www.youtube.com/watch?v=mirQi--2GY8,0,0,0,,0,0,0,0,
50433c34f368460c9cda947f292a62b4,2090,139874,361,192,684,https://www.youtube.com/watch?v=xTU-xbFWSig,378,206,684,https://www.youtube.com/watch?v=xTU-xbFWSig,113,38,113,https://www.youtube.com/watch?v=yff0vR8HwQ4,0,0,0,0,
2161dd499b2b493096ab04591890b15b,2080,50673,121,44,132,https://www.youtube.com/watch?v=pbJ_UthMaqY,121,44,132,https://www.youtube.com/watch?v=pbJ_UthMaqY,0,0,0,,690,217,157,285,https://www.twitch.tv/videos/2026178489
c41a24bf9c8f48ee9454119057088688,2080,76491,0,0,0,,0,0,0,,0,0,0,,0,0,0,0,
a5f7302f9f1a4fcdb2471c4bc52a05fb,2080,37135,357,139,1489,https://www.youtube.com/watch?v=1mD7-dyyJXU,358,139,1164,https://www.youtube.com/watch?v=QQ9Pm2ZSvug,88,78,1489,https://www.youtube.com/watch?v=1mD7-dyyJXU,0,0,0,0,
5db725f32b5e4e1380ad64110b88c91d,2070,267180,284,126,7989,https://www.youtube.com/watch?v=mA-m402cxGs,106,59,295,https://www.youtube.com/watch?v=jUxzttDobpU,422,167,7989,https://www.youtube.com/watch?v=mA-m402cxGs,90,0,0,0,
6c812a2f61ac470f8e3b30a92dca9d81,2070,61793,101,50,1874,https://www.youtube.com/watch?v=tQYv9IojhT4,101,37,150,https://www.youtube.com/watch?v=cAeqcCMD7Qc,154,71,1874,https://www.youtube.com/watch?v=tQYv9IojhT4,0,0,0,0,
0414bb8fc082472a9434bd4a463a9865,2060,64836,0,0,0,,0,0,0,,0,0,0,,143,0,0,0,
6b36f446b10e4ea99d5d80d60beeee21,2060,39978,43,3,43,https://www.youtube.com/watch?v=B0AujgV80Uc,0,0,0,,43,3,43,https://www.youtube.com/watch?v=B0AujgV80Uc,8324,279,274,279,https://www.twitch.tv/videos/2031124071
e76a030f33bc48a58257b261f95ee3af,2040,63145,373,91,1880,https://www.youtube.com/watch?v=F5dRcyRfg4E,373,91,1880,https://www.youtube.com/watch?v=F5dRcyRfg4E,0,0,0,,0,0,0,0,
275aaf8046a144198dee96d20bce8b1a,2040,44309,90,52,176,https://www.youtube.com/watch?v=tu4_1ioBN4w,90,52,176,https://www.youtube.com/watch?v=tu4_1ioBN4w,0,0,0,,0,0,0,0,
b2313ef4c37542c89796ae94dfb8228d,2040,46351,301,128,915,https://www.youtube.com/watch?v=kwaSEhVdwmI,301,128,915,https://www.youtube.com/watch?v=kwaSEhVdwmI,0,0,0,,0,0,0,0,
160f90709224412f9cfc2aaa88e89a57,2030,35662,135,43,276,https://www.youtube.com/watch?v=rvgWInkfiWA,135,43,276,https://www.youtube.com/watch?v=rvgWInkfiWA,0,0,0,,0,0,0,0,
95f3f004ed9641139567827519f6b35e,2030,104157,214,129,673,https://www.youtube.com/watch?v=DASPwGBKzlY,190,129,382,https://www.youtube.com/watch?v=QGIOZIbF-RU,431,247,673,https://www.youtube.com/watch?v=DASPwGBKzlY,263,0,0,0,
27bbe711f5e848a9bc8accc73fc79471,2030,42049,74,31,323,https://www.youtube.com/watch?v=TeuiBWmo3Y8,77,62,323,https://www.youtube.com/watch?v=TeuiBWmo3Y8,19,11,27,https://www.youtube.com/watch?v=ipt7E_i6jX0,0,0,0,0,
59005edeef174395915757d45718177d,2030,84912,97,53,337,https://www.youtube.com/watch?v=POokKRYvH_g,97,50,174,https://www.youtube.com/watch?v=74uVis2uN_w,99,54,337,https://www.youtube.com/watch?v=POokKRYvH_g,0,0,0,0,
677ae7ec361d4d3c9981bca8fbb974c8,2020,63631,83,24,91,https://www.youtube.com/watch?v=C9QfIsXsHhc,83,24,91,https://www.youtube.com/watch?v=C9QfIsXsHhc,0,0,0,,358,0,0,0,
4b7c733a13d247ec84844698ecc7ba0c,2020,124502,0,0,0,,0,0,0,,0,0,0,,2464,239,156,270,https://www.twitch.tv/videos/2028998440
8fae79a84cd049fd8a2ea50528a75e2b,2020,143973,1650,662,4585,https://www.youtube.com/watch?v=y0k6PfXvW6k,0,0,0,,1650,662,4585,https://www.youtube.com/watch?v=y0k6PfXvW6k,1015,357,299,686,https://www.twitch.tv/videos/2018538075
3a4fe2f4720747ceabc87b3327ab2b17,2020,40171,190,93,643,https://www.youtube.com/watch?v=s5O599n93b8,185,92,643,https://www.youtube.com/watch?v=s5O599n93b8,283,97,283,https://www.youtube.com/watch?v=xlYGqFUvSis,0,0,0,0,
9ef5ec69554f46e887a9ac0fe54b4f41,2020,76944,217,112,1219,https://www.youtube.com/watch?v=OPWzONDFKro,244,213,1219,https://www.youtube.com/watch?v=OPWzONDFKro,97,57,230,https://www.youtube.com/watch?v=UkYtkcVcLtY,0,0,0,0,
ab069c9401bc4bd09eea8f5ece525d54,2010,254955,321,185,321,https://www.youtube.com/watch?v=C1XXGz6ZUc8,321,185,321,https://www.youtube.com/watch?v=C1XXGz6ZUc8,0,0,0,,0,0,0,0,
d418b8a185f449b3a15c1656ba654780,2010,113114,87,29,101,https://www.youtube.com/watch?v=gTsgrsSxHko,87,36,101,https://www.youtube.com/watch?v=gTsgrsSxHko,24,14,24,https://www.youtube.com/watch?v=uWUD_e17TPA,0,0,0,0,
c40c5082434e4b1ca8e19f82d54f83b2,2010,468663,1491,450,8688,https://www.youtube.com/watch?v=q2OUloBSpEg,389,96,441,https://www.youtube.com/watch?v=xhV8XnSJKuY,1727,647,8688,https://www.youtube.com/watch?v=q2OUloBSpEg,0,0,0,0,
35f3bb64e69c432180b98dde239f3bdd,2010,65384,229,125,1999,https://www.youtube.com/watch?v=ZruktacToig,205,118,1999,https://www.youtube.com/watch?v=ZruktacToig,1057,434,1983,https://www.youtube.com/watch?v=Bm0o9BwKUho,689,66,44,109,https://www.twitch.tv/videos/2019709853
491a6000ce4b472c9b4f8c1dcfdb772c,2010,43057,109,72,714,https://www.youtube.com/watch?v=UAXjg9sf2no,109,72,714,https://www.youtube.com/watch?v=UAXjg9sf2no,0,0,0,,0,0,0,0,
14d334ad35f146ecbb047d1c20652fe1,2010,301485,0,0,0,,0,0,0,,0,0,0,,0,0,0,0,
d3a3eab7a3e34ea98784c44e3691c726,2000,63111,121,93,2282,https://www.youtube.com/watch?v=ECafluy9lXA,111,60,179,https://www.youtube.com/watch?v=zAwHxU4NEEc,1680,584,2282,https://www.youtube.com/watch?v=ECafluy9lXA,0,0,0,0,
d576c2396a004f3c8dd91baf14254898,2000,55489,12,7,69,https://www.youtube.com/watch?v=xA8gUXoeq64,65,22,69,https://www.youtube.com/watch?v=xA8gUXoeq64,9,5,33,https://www.youtube.com/watch?v=BF18_qUGSbE,2255,226,148,532,https://www.twitch.tv/videos/2025309200
8564954960ba466fa7f17bc0e0ea5e8e,2000,36804,0,0,0,,0,0,0,,0,0,0,,259,0,0,0,
de362d2d371446d898953e74e27abd2a,1990,136297,115,69,1220,https://www.youtube.com/watch?v=O_FjePivbxE,109,67,480,https://www.youtube.com/watch?v=aTUbwLnNHQ8,243,69,1220,https://www.youtube.com/watch?v=O_FjePivbxE,0,0,0,0,
93a4d479e67242d58d3ff80307d3bc84,1990,78444,236,117,4313,https://www.youtube.com/watch?v=14lHEXsU2tU,188,92,459,https://www.youtube.com/watch?v=ND8cfvNNJgU,534,236,4313,https://www.youtube.com/watch?v=14lHEXsU2tU,69,0,0,0,
4c34c44a98974b709f7dbc7618847fd6,1980,95352,248,97,1306,https://www.youtube.com/watch?v=O4D8mVGQr-I,0,0,0,,248,97,1306,https://www.youtube.com/watch?v=O4D8mVGQr-I,10187,1102,547,1810,https://www.twitch.tv/videos/2028299103
01edfa8163ad42cd85f56ef4dce2609e,1980,39976,75,35,1220,https://www.youtube.com/watch?v=PZD8SCaRrqM,75,35,257,https://www.youtube.com/watch?v=jU3Kb6cAv_8,111,63,1220,https://www.youtube.com/watch?v=PZD8SCaRrqM,0,0,0,0,
14561bf5e63844f58b60deb87f443507,1970,0,0,0,0,,0,0,0,,0,0,0,,663,105,95,105,https://www.twitch.tv/videos/2029076220
1310ffb60dcf40eaaf6a08890e632234,1970,77826,150,52,196,https://www.youtube.com/watch?v=VgULURoD9SI,150,52,196,https://www.youtube.com/watch?v=VgULURoD9SI,0,0,0,,0,0,0,0,
3039dc305f614cd89e8ee8d028dea0ff,1970,42258,186,101,556,https://www.youtube.com/watch?v=a855iAkh_70,179,112,556,https://www.youtube.com/watch?v=a855iAkh_70,355,31,355,https://www.youtube.com/watch?v=yzTsZNA3NVU,0,0,0,0,
55e9448a0a9040f99dc8ea1cf86cbad5,1960,172225,203,164,316,https://www.youtube.com/watch?v=G378pNeUEqc,0,0,0,,203,164,316,https://www.youtube.com/watch?v=G378pNeUEqc,1491,91,63,196,https://www.twitch.tv/videos/2027286896
9ad37d3249e24861bc8cb84368883258,1960,58822,49,25,148,https://www.youtube.com/watch?v=x84UMAzmh5c,51,32,148,https://www.youtube.com/watch?v=x84UMAzmh5c,32,6,99,https://www.youtube.com/watch?v=DXi8xz3NVW0,0,0,0,0,
1dab397f9530482e96216024b42f5ef3,1960,71295,77,35,94,https://www.youtube.com/watch?v=RJsjCMebFbE,77,35,94,https://www.youtube.com/watch?v=RJsjCMebFbE,0,0,0,,236,0,0,0,
08158657738a4949bce0cbbc36c4e701,1950,73292,0,0,0,,0,0,0,,0,0,0,,0,0,0,0,
84944da407dc4de9896c7b763132908c,1950,49222,150,47,2521,https://www.youtube.com/watch?v=E0jc_okAiNg,121,45,666,https://www.youtube.com/watch?v=4XD9dcLzCHs,518,263,2521,https://www.youtube.com/watch?v=E0jc_okAiNg,0,0,0,0,
3bbbe40f23e344fa8889d410b7315383,1950,31100,0,0,0,,0,0,0,,0,0,0,,1749,0,0,0,
83eff3b0de694818876092eaabd35b4a,1940,54253,48,34,177,https://www.youtube.com/watch?v=LUSlcThOVns,48,33,177,https://www.youtube.com/watch?v=LUSlcThOVns,43,34,54,https://www.youtube.com/watch?v=Ii6bUP3sxBA,0,0,0,0,
2c7d4ba3c9f04cb1806b8d89250b4521,1940,38392,52,15,52,https://www.youtube.com/watch?v=KhVLakZLMB8,52,15,52,https://www.youtube.com/watch?v=KhVLakZLMB8,0,0,0,,0,0,0,0,
8961bc96eec34a99ad58505bae3f58f1,1930,58850,1482,473,4129,https://www.youtube.com/watch?v=uSEJZU4WO-U,1611,493,4129,https://www.youtube.com/watch?v=uSEJZU4WO-U,1245,146,1482,https://www.youtube.com/watch?v=Wa3EmB6_igw,0,0,0,0,
b34b0381ce8e40f2b24fa0a96a1e1bd5,1930,64810,451,98,451,https://www.youtube.com/watch?v=BgWGTx4RJiI,0,0,0,,451,98,451,https://www.youtube.com/watch?v=BgWGTx4RJiI,0,0,0,0,
fe5a0ac164a940c79e430eab9995da2e,1920,179344,0,0,0,,0,0,0,,0,0,0,,119,0,0,0,
36f4fa8dbd7740c3ae5ac02b890fa502,1920,74427,140,91,5693,https://www.youtube.com/watch?v=6FgQgj4v2uM,121,65,888,https://www.youtube.com/watch?v=r4T69wv8xRY,1534,190,5693,https://www.youtube.com/watch?v=6FgQgj4v2uM,1161,0,0,0,
d1dcec3b0dbe4e39b2907be832c467a1,1920,0,0,0,0,,0,0,0,,0,0,0,,0,0,0,0,
e32a7d950f5a4b53ab2f47d225aec4fd,1920,50427,126,81,341,https://www.youtube.com/watch?v=QPoUeM_yTL4,113,80,222,https://www.youtube.com/watch?v=mzfuptWkNcE,341,168,341,https://www.youtube.com/watch?v=QPoUeM_yTL4,0,0,0,0,
6d2945d11f504edb9962f742b54f6553,1920,25610,50,26,78,https://www.youtube.com/watch?v=-30ThueK5QM,50,26,78,https://www.youtube.com/watch?v=-30ThueK5QM,41,22,41,https://www.youtube.com/watch?v=y2hf-UZkN_A,940,115,59,115,https://www.twitch.tv/videos/2017897704
15b8c0a77287451395102506f90ec98b,1910,641,0,0,0,,0,0,0,,0,0,0,,0,0,0,0,
48b978b1705a4f61a760b05280000b34,1900,8093,0,0,0,,0,0,0,,0,0,0,,1317,0,0,0,
084c49d869114256af18c13cc4b56414,1900,28269,0,0,0,,0,0,0,,0,0,0,,0,0,0,0,
4a1e39ee23e6423fbfd3a15b1e28c8f3,1900,41682,121,12,195,https://www.youtube.com/watch?v=pI5rguBrTXE,121,12,195,https://www.youtube.com/watch?v=pI5rguBrTXE,0,0,0,,0,0,0,0,
c805a5c2c4fb4a068a65267452aa4da5,1900,71118,46,20,130,https://www.youtube.com/watch?v=PY826vmAy0M,46,20,130,https://www.youtube.com/watch?v=PY826vmAy0M,0,0,0,,0,0,0,0,
9767904fedef42febaa98e9162973356,1890,352330,329,163,2419,https://www.youtube.com/watch?v=rCPjw2YdluA,365,188,1010,https://www.youtube.com/watch?v=ckjW9W4xF9c,105,91,2419,https://www.youtube.com/watch?v=rCPjw2YdluA,0,0,0,0,
80ea9b92d31c48b8b2cf2ca5bacc2a08,1880,79871,151,119,161,https://www.youtube.com/watch?v=g3lyY_-b6C0,151,119,161,https://www.youtube.com/watch?v=g3lyY_-b6C0,0,0,0,,0,0,0,0,
62e0c4a2dc274095a08c49a7850d3b78,1880,29074,0,0,0,,0,0,0,,0,0,0,,1396,0,0,0,
c21d4186912d4652a7fb5a1b3ef382b6,1880,43090,220,116,1687,https://www.youtube.com/watch?v=skqAsvlGnL0,214,107,536,https://www.youtube.com/watch?v=dDU0a95MyZg,1687,948,1687,https://www.youtube.com/watch?v=skqAsvlGnL0,1190,257,175,449,https://www.twitch.tv/videos/2026042585
6dfe72bb90994dceb7b753908876307d,1880,38830,215,114,1711,https://www.youtube.com/watch?v=1I5pfNZqwkE,208,110,515,https://www.youtube.com/watch?v=j58lnxWX09U,1259,535,1711,https://www.youtube.com/watch?v=1I5pfNZqwkE,0,0,0,0,
ba2b5274997b4bf2af6bc69290463f35,1870,0,0,0,0,,0,0,0,,0,0,0,,0,0,0,0,
0b91169f9d504a479f0e1010ae4edda1,1870,5440,0,0,0,,0,0,0,,0,0,0,,0,0,0,0,
9d74c909706a450ea35c1777cac79e77,1870,140853,145,78,698,https://www.youtube.com/watch?v=uMzM8gV27Bs,147,86,680,https://www.youtube.com/watch?v=IGcPNf1vQzQ,56,24,698,https://www.youtube.com/watch?v=uMzM8gV27Bs,0,0,0,0,
d889f67fe7b84a38a9742ab2a47f346a,1860,54792,713,462,1580,https://www.youtube.com/watch?v=d_utRNGnaRY,0,0,0,,713,462,1580,https://www.youtube.com/watch?v=d_utRNGnaRY,1781,242,171,434,https://www.twitch.tv/videos/2024472879
256dd6464e974e118dc8103d5e9eb0b3,1850,33478,136,69,1088,https://www.youtube.com/watch?v=9mEDLTJWKpk,135,68,342,https://www.youtube.com/watch?v=tdX-W-QffTo,1088,716,1088,https://www.youtube.com/watch?v=9mEDLTJWKpk,0,0,0,0,
52643019126449999714c7b659b6539c,1850,54974,0,0,0,,0,0,0,,0,0,0,,409,0,0,0,
d2b1ba87da034210bbe54bfa1c01bc41,1850,33661,61,33,77,https://www.youtube.com/watch?v=LOsY39BjF6c,0,0,0,,61,33,77,https://www.youtube.com/watch?v=LOsY39BjF6c,6739,564,249,1856,https://www.twitch.tv/videos/2004626221
83a59a0d6537461fb429af7e3af1d152,1840,240251,768,735,1464,https://www.youtube.com/watch?v=ca-LYu4_wDU,72,34,72,https://www.youtube.com/watch?v=fvtSbu_BcrQ,1464,1436,1464,https://www.youtube.com/watch?v=ca-LYu4_wDU,0,0,0,0,
af40da4e1fc24360bf9ed4eb828bf912,1840,104,0,0,0,,0,0,0,,0,0,0,,0,0,0,0,
d710be5717d04f2a995ac6384100df20,1840,59954,27,7,41,https://www.youtube.com/watch?v=-D-yaf_b8Fw,28,2,41,https://www.youtube.com/watch?v=-D-yaf_b8Fw,25,15,25,https://www.youtube.com/watch?v=7xm7AZbXG0M,0,0,0,0,
8de4919964114a0e8627e93166bf0efb,1840,18328,288,71,288,https://www.youtube.com/watch?v=2efsn_lWbzU,0,0,0,,288,71,288,https://www.youtube.com/watch?v=2efsn_lWbzU,0,0,0,0,
cb52afa541704e6e8f1098a20679135c,1830,104158,34,7,39,https://www.youtube.com/watch?v=l7lbmhOeA44,34,7,39,https://www.youtube.com/watch?v=l7lbmhOeA44,0,0,0,,149,0,0,0,
2885972c2d0943e6b697bdc5e72c1d4a,1820,24195,200,79,2046,https://www.youtube.com/watch?v=-BjrnsiT14c,249,87,490,https://www.youtube.com/watch?v=cMObKb_UI80,166,76,2046,https://www.youtube.com/watch?v=-BjrnsiT14c,0,0,0,0,
29294f0665864cee8bb2b48697b9e84f,1820,56177,185,120,372,https://www.youtube.com/watch?v=0zu-7gPa30E,196,144,372,https://www.youtube.com/watch?v=0zu-7gPa30E,89,37,154,https://www.youtube.com/watch?v=-NZ5glCHcEg,83,91,81,91,https://www.twitch.tv/videos/2028350510
3584322d47f14c7aa8f6e98511d3c54a,1820,3693,0,0,0,,0,0,0,,0,0,0,,1117,0,0,0,
bcbde4d998e341418ebdf3e26884811d,1810,38277,219,67,2896,https://www.youtube.com/watch?v=88EbOVHTfsE,219,67,2896,https://www.youtube.com/watch?v=88EbOVHTfsE,0,0,0,,0,0,0,0,
ed4666af39034d54913aba64cfea6f47,1810,104819,82,37,201,https://www.youtube.com/watch?v=r71YWLZkLe4,83,38,201,https://www.youtube.com/watch?v=r71YWLZkLe4,20,17,20,https://www.youtube.com/watch?v=OHVn80EzKLg,0,0,0,0,
0c09a69445864b44adbba11b487f9b1a,1810,42749,406,208,2525,https://www.youtube.com/watch?v=aQckLMSflwc,280,42,364,https://www.youtube.com/watch?v=APfqHuSHTD4,1215,357,2525,https://www.youtube.com/watch?v=aQckLMSflwc,656,65,33,120,https://www.twitch.tv/videos/2017893628
b632def93af34129ad1a2a6f01a8277f,1800,80446,0,0,0,,0,0,0,,0,0,0,,0,0,0,0,
be84d60f2d0e452ab7d66eaeb957477f,1790,68642,37,6,45,https://www.youtube.com/watch?v=Jwg-xSq4lu0,37,6,45,https://www.youtube.com/watch?v=Jwg-xSq4lu0,0,0,0,,0,0,0,0,
34d968321e3c40aabf759ad22d33bb3a,1790,0,0,0,0,,0,0,0,,0,0,0,,0,0,0,0,
33918eea49984fb499619652ce58a4fa,1790,47384,364,67,364,https://www.youtube.com/watch?v=aNfYYlhi2gA,0,0,0,,364,67,364,https://www.youtube.com/watch?v=aNfYYlhi2gA,0,0,0,0,
2a20316d245d406193331300bb44fdec,1780,17702,234,30,323,https://www.youtube.com/watch?v=ylFlF4Ijdoo,0,0,0,,234,30,323,https://www.youtube.com/watch?v=ylFlF4Ijdoo,3103,605,303,2322,https://www.twitch.tv/videos/2011860052
70d5f64a7e324d7584d7e5116d6dc5a2,1780,50673,0,0,0,,0,0,0,,0,0,0,,0,0,0,0,
829ebc1f7fc34bd1b770298799fccaa7,1780,32166,109,63,109,https://www.youtube.com/watch?v=BLFvhAs4vxE,109,63,109,https://www.youtube.com/watch?v=BLFvhAs4vxE,0,0,0,,0,0,0,0,
2af83bdd7db644d88ffdaf123c38619b,1760,37598,79,46,158,https://www.youtube.com/watch?v=CmvTnWjW_cM,79,47,158,https://www.youtube.com/watch?v=CmvTnWjW_cM,75,44,75,https://www.youtube.com/watch?v=pDhzXReSxfI,0,0,0,0,
5b40a93fac8646f48fca66add3d3642c,1760,114405,102,52,1949,https://www.youtube.com/watch?v=p-kHbFE-NKU,81,51,149,https://www.youtube.com/watch?v=sjb2QocuXjs,1126,186,1949,https://www.youtube.com/watch?v=p-kHbFE-NKU,0,0,0,0,
0bef54320f364c5a9289fceac64c5411,1750,59084,0,0,0,,0,0,0,,0,0,0,,0,0,0,0,
6f382359f4d0436e9e1d4f87e4696e76,1740,38844,125,37,179,https://www.youtube.com/watch?v=eRNXwfCkarU,125,37,179,https://www.youtube.com/watch?v=eRNXwfCkarU,0,0,0,,0,0,0,0,
de610557c5c041df85e41e7f2f5490f5,1740,35433,48,17,96,https://www.youtube.com/watch?v=vHNtIZ8kRmQ,50,18,96,https://www.youtube.com/watch?v=vHNtIZ8kRmQ,10,2,10,https://www.youtube.com/watch?v=E4koV9Q-BZs,0,0,0,0,
b7fa120fd2264ecca8f9f02ece2850a9,1740,93200,85,37,1170,https://www.youtube.com/watch?v=OEwWYmeyYpU,82,35,570,https://www.youtube.com/watch?v=dt6ujI-FYdY,1170,1026,1170,https://www.youtube.com/watch?v=OEwWYmeyYpU,126,0,0,0,
b49c2970f97b4fd4a6762b3e9ba94f8e,1740,19762,0,0,0,,0,0,0,,0,0,0,,8321,686,178,1275,https://www.twitch.tv/videos/2029078163
6443d56896a848dd820e339b5f81e292,1730,36338,302,175,753,https://www.youtube.com/watch?v=jRWTc0pOE-A,302,175,753,https://www.youtube.com/watch?v=jRWTc0pOE-A,0,0,0,,3833,287,215,428,https://www.twitch.tv/videos/2029271587
0a178f2c7b994a4ea8eb845ebd489a5a,1720,46219,34,14,48,https://www.youtube.com/watch?v=Tsra77l7Em8,34,14,48,https://www.youtube.com/watch?v=Tsra77l7Em8,0,0,0,,186,21,14,21,https://www.twitch.tv/videos/2022415572
00c158176a504c9bb865b32276e79eb1,1710,53521,237,95,728,https://www.youtube.com/watch?v=H94OuzC2JZ8,225,95,728,https://www.youtube.com/watch?v=H94OuzC2JZ8,272,104,356,https://www.youtube.com/watch?v=A08vhqrgwMc,0,0,0,0,
9efea510313f4733b4d0b5e3cfb6988b,1710,343289,25,15,585,https://www.youtube.com/watch?v=DN6lS8s_DfU,24,9,72,https://www.youtube.com/watch?v=ztRwIvTfkD8,44,16,585,https://www.youtube.com/watch?v=DN6lS8s_DfU,0,0,0,0,
cb8dab545aa1409c8c6cf887f8825485,1700,46299,185,65,234,https://www.youtube.com/watch?v=GiMDZ2xRNsY,185,65,234,https://www.youtube.com/watch?v=GiMDZ2xRNsY,0,0,0,,0,0,0,0,
3e48227b123a4137a0cf1755b1142a6c,1700,46123,104,58,127,https://www.youtube.com/watch?v=qt0GKi93BRU,104,58,127,https://www.youtube.com/watch?v=qt0GKi93BRU,0,0,0,,0,0,0,0,
80e2f3365bfd4479a3594c3278311103,1690,4697,0,0,0,,0,0,0,,0,0,0,,2024,226,155,334,https://www.twitch.tv/videos/2021574887
44b22851b9df4612bec834e2cfde9489,1680,474871,61,27,120,https://www.youtube.com/watch?v=Rd4oI4ofVWM,64,35,120,https://www.youtube.com/watch?v=Rd4oI4ofVWM,23,8,30,https://www.youtube.com/watch?v=4TvcJJdf3c4,0,0,0,0,
c4651b162abb45c3a85640e3d456fa71,1680,42925,0,0,0,,0,0,0,,0,0,0,,339,0,0,0,
1f445fb1ee7447c2add6738b86570b2e,1680,67271,91,48,109,https://www.youtube.com/watch?v=NfxyaXAgch0,91,48,109,https://www.youtube.com/watch?v=NfxyaXAgch0,0,0,0,,0,0,0,0,
0693a90c3539472db663f0f8cac9ee37,1680,52482,0,0,0,,0,0,0,,0,0,0,,626,106,104,106,https://www.twitch.tv/videos/2031264081
c6d51e51df5a49f28bf25901f78a955b,1680,87704,92,57,92,https://www.youtube.com/watch?v=hFR0zGG5NFo,92,57,92,https://www.youtube.com/watch?v=hFR0zGG5NFo,0,0,0,,275,0,0,0,
db2f279f9960492082f3ae6ad20aca91,1670,34417,97,51,107,https://www.youtube.com/watch?v=nRtWIpS8y3s,88,65,88,https://www.youtube.com/watch?v=-rKGwc_kSkc,107,37,107,https://www.youtube.com/watch?v=nRtWIpS8y3s,423,0,0,0,
8ad9544f4e4f42a09ec1ecb6b514729f,1670,47167,0,0,0,,0,0,0,,0,0,0,,0,0,0,0,
895f655b68e34434992fe2a9ebbc725a,1660,26805,121,42,192,https://www.youtube.com/watch?v=K6rfvOJDrmA,121,42,192,https://www.youtube.com/watch?v=K6rfvOJDrmA,0,0,0,,0,0,0,0,
3b0031a4b57f46719f06cbf7c5cc42b6,1660,39747,148,74,399,https://www.youtube.com/watch?v=tceNLIDxo-U,153,75,399,https://www.youtube.com/watch?v=tceNLIDxo-U,81,74,81,https://www.youtube.com/watch?v=UxPaAISQFPg,0,0,0,0,
86e86bf2d8e54e9083613e7398e1e7ac,1660,32934,18,4,32,https://www.youtube.com/watch?v=xaY0uaZqA_o,0,0,0,,18,4,32,https://www.youtube.com/watch?v=xaY0uaZqA_o,1468,374,287,1285,https://www.twitch.tv/videos/2024162285
70874043d50b4e3a873742127251caa5,1660,64466,51,29,159,https://www.youtube.com/watch?v=vnOGlYjKqNM,51,29,159,https://www.youtube.com/watch?v=vnOGlYjKqNM,0,0,0,,0,0,0,0,
6b8922c9532e435eb4f03cabc8bb23b1,1660,45142,83,33,1163,https://www.youtube.com/watch?v=lTr9lMLHPPM,79,38,134,https://www.youtube.com/watch?v=b2JedJNoO48,155,12,1163,https://www.youtube.com/watch?v=lTr9lMLHPPM,2369,0,0,0,
d2b6390494b94f44ac75b6e53780a09c,1660,19239,79,57,135,https://www.youtube.com/watch?v=SceCxG-sFa8,79,57,135,https://www.youtube.com/watch?v=SceCxG-sFa8,0,0,0,,44,0,0,0,
f96c65701df94732853d86ffd893081e,1660,45296,272,95,272,https://www.youtube.com/watch?v=l9zroApiGzc,272,95,272,https://www.youtube.com/watch?v=l9zroApiGzc,0,0,0,,0,0,0,0,
b95eb39c5bb74de687696afbc31fb836,1660,33626,167,81,264,https://www.youtube.com/watch?v=_2i6Zvw63Mw,151,86,246,https://www.youtube.com/watch?v=A-CvYwV809w,264,28,264,https://www.youtube.com/watch?v=_2i6Zvw63Mw,114,0,0,0,
df7bcc29e3204005877b25cdad9206b7,1650,73549,88,25,396,https://www.youtube.com/watch?v=EZqtq7F6Dls,88,40,137,https://www.youtube.com/watch?v=j-Sm_KXa-8Q,89,22,396,https://www.youtube.com/watch?v=EZqtq7F6Dls,0,0,0,0,
339b4a73ce92470c97b1626405d5eb5b,1650,70334,47,24,89,https://www.youtube.com/watch?v=d6t4I-zjRpc,47,24,89,https://www.youtube.com/watch?v=d6t4I-zjRpc,42,28,56,https://www.youtube.com/watch?v=ZfMRQPbpoCc,0,0,0,0,
bf124655587e4f5b937d695be814d25d,1650,111766,0,0,0,,0,0,0,,0,0,0,,0,0,0,0,
60602526ae1d48688c23a74b3cb527e8,1640,62044,125,60,475,https://www.youtube.com/watch?v=3GydlaiWAew,119,60,165,https://www.youtube.com/watch?v=Hym4lqOLiRA,438,61,475,https://www.youtube.com/watch?v=3GydlaiWAew,0,0,0,0,
8cace62dbfc34c2a9a2a348e479cdbb1,1640,161780,26,4,35,https://www.youtube.com/watch?v=r3cGLsqoOP4,26,4,35,https://www.youtube.com/watch?v=r3cGLsqoOP4,0,0,0,,0,0,0,0,
86853cb239d740ce953573ba74bd08bd,1640,57042,0,0,0,,0,0,0,,0,0,0,,1509,246,174,655,https://www.twitch.tv/videos/2024252844
637b3a1eb03443248ebd1caba56e6b5a,1640,54754,147,74,182,https://www.youtube.com/watch?v=vo2rcI192XE,147,74,182,https://www.youtube.com/watch?v=vo2rcI192XE,0,0,0,,0,0,0,0,
854282eb3f32406aa85dd53f14748228,1630,30185,0,0,0,,0,0,0,,0,0,0,,6486,704,442,1406,https://www.twitch.tv/videos/2015103460
572c03fa49b54d4b95935321b4722b68,1630,129626,86,22,702,https://www.youtube.com/watch?v=hqisNmSCEAo,0,0,0,,86,22,702,https://www.youtube.com/watch?v=hqisNmSCEAo,1433,135,74,135,https://www.twitch.tv/videos/2018830348
cd4c94db2aed435794cc7e55999016e7,1630,73095,79,58,424,https://www.youtube.com/watch?v=0VzQgg5JvoE,78,48,293,https://www.youtube.com/watch?v=YJCIUFbMhyM,424,264,424,https://www.youtube.com/watch?v=0VzQgg5JvoE,211,85,72,139,https://www.twitch.tv/videos/2019681337
597fbfe660ae4e6d92bb20bd7e6f3738,1630,8448,0,0,0,,0,0,0,,0,0,0,,677,0,0,0,
8d65d936f3c7411ab8a812d7ebc70cdf,1620,63,0,0,0,,0,0,0,,0,0,0,,257,0,0,0,
734477be3c5d42afbdde5356c6a6e8ee,1620,14473,84,39,104,https://www.youtube.com/watch?v=dvCoJ25axyA,84,39,104,https://www.youtube.com/watch?v=dvCoJ25axyA,0,0,0,,0,0,0,0,
cd6b428bead74294b2d660b49a58edd3,1610,31724,0,0,0,,0,0,0,,0,0,0,,831,0,0,0,
6eefc3826f4f49a0b28a5288c5e0d83e,1610,17292,117,78,151,https://www.youtube.com/watch?v=2K4DLAkK00U,117,78,151,https://www.youtube.com/watch?v=2K4DLAkK00U,0,0,0,,1073,120,101,151,https://www.twitch.tv/videos/2028143338
712d031e7f004ed99aa1dfdb176cff32,1610,63540,138,51,1610,https://www.youtube.com/watch?v=jMGo0hcV4XE,118,44,630,https://www.youtube.com/watch?v=UB0bm3LNxXc,402,175,1610,https://www.youtube.com/watch?v=jMGo0hcV4XE,318,0,0,0,
73a96bba42b444df98487ed22f97c240,1600,8714,0,0,0,,0,0,0,,0,0,0,,0,0,0,0,
891c39f050e048aebafaafc90a1c4cbd,1600,1710,0,0,0,,0,0,0,,0,0,0,,148,0,0,0,
3430201d0e1f4672a58faf16ee0f2761,1600,44063,108,100,303,https://www.youtube.com/watch?v=oa3LyoaI5Gw,108,100,303,https://www.youtube.com/watch?v=oa3LyoaI5Gw,0,0,0,,1294,53,49,61,https://www.twitch.tv/videos/2029276347
7da08de1840847b99c6fe9a44a1ca0ac,1600,26073,121,55,424,https://www.youtube.com/watch?v=6nMP1zmLu4k,118,45,196,https://www.youtube.com/watch?v=B8v1T2ITXE8,424,131,424,https://www.youtube.com/watch?v=6nMP1zmLu4k,0,0,0,0,
e8eb343e61df420bbfa5de7fea1a90b2,1600,16792,0,0,0,,0,0,0,,0,0,0,,0,0,0,0,
cbd9ed35dc0045aa9c57bb9ee14b02e0,1590,680798,8,2,21,https://www.youtube.com/watch?v=X2ywT2afngw,0,0,0,,8,2,21,https://www.youtube.com/watch?v=X2ywT2afngw,0,0,0,0,
72a83f60773546dba886008320809d70,1590,328358,80,34,181,https://www.youtube.com/watch?v=L6tGiuVxw8c,80,34,181,https://www.youtube.com/watch?v=L6tGiuVxw8c,0,0,0,,7406,0,0,0,
3a43445829024217b728d04d5398b61c,1590,55327,189,82,435,https://www.youtube.com/watch?v=1LxVmc898js,189,92,435,https://www.youtube.com/watch?v=1LxVmc898js,260,10,260,https://www.youtube.com/watch?v=oOLYOWp2dNQ,0,0,0,0,
b023ec32c6b5474e95c7faf252925b8e,1590,26484,91,43,128,https://www.youtube.com/watch?v=3hh-sZ1wDFw,91,43,128,https://www.youtube.com/watch?v=3hh-sZ1wDFw,0,0,0,,145,0,0,0,
0da343539de64a169fe51ad653e5c73d,1590,29690,36,9,98,https://www.youtube.com/watch?v=gDZaE9Y1IKc,37,9,98,https://www.youtube.com/watch?v=gDZaE9Y1IKc,32,20,32,https://www.youtube.com/watch?v=zaH8rBy97og,0,0,0,0,
c8dcd97e1e0b454aaeb9e14106c115ec,1580,1524,0,0,0,,0,0,0,,0,0,0,,1670,0,0,0,
1be04e1564c34845bee20467cdb8cfd1,1580,93938,0,0,0,,0,0,0,,0,0,0,,0,0,0,0,
5d73e7f013034d06b58decaf4b2b385c,1580,27361,0,0,0,,0,0,0,,0,0,0,,0,0,0,0,
8bf9e6165251449daa9b1b36af10e5bd,1580,80139,337,158,486,https://www.youtube.com/watch?v=xm0i08-wjCQ,337,158,486,https://www.youtube.com/watch?v=xm0i08-wjCQ,0,0,0,,0,0,0,0,
32a08f858ffb4d6aba0624647cf8cf2d,1580,34383,85,44,880,https://www.youtube.com/watch?v=RGXlVkQB2CA,84,44,880,https://www.youtube.com/watch?v=RGXlVkQB2CA,88,30,144,https://www.youtube.com/watch?v=WA2010Nee6I,0,0,0,0,
c0650390209e4600ad314d66a0cea1b8,1580,41850,123,54,203,https://www.youtube.com/watch?v=hgxaByQVUA4,128,58,203,https://www.youtube.com/watch?v=hgxaByQVUA4,80,17,90,https://www.youtube.com/watch?v=18vE3nhEHmo,0,0,0,0,
5da8c6fb027049cc8bc2030c56e8c489,1580,23265,0,0,0,,0,0,0,,0,0,0,,126,0,0,0,
e5f4b34c47844699a1c9c6dc3326cf6b,1580,47110,180,97,227,https://www.youtube.com/watch?v=ZxTAbt30uVw,0,0,0,,180,97,227,https://www.youtube.com/watch?v=ZxTAbt30uVw,76,0,0,0,
889bc532fb85455bae33baf0aa7ec003,1570,111212,81,43,185,https://www.youtube.com/watch?v=x81OyJd3M2o,81,43,185,https://www.youtube.com/watch?v=x81OyJd3M2o,0,0,0,,0,0,0,0,
7e50374d02184a429cfc6dfba9b52e2f,1570,2285,76,41,233,https://www.youtube.com/watch?v=QVn-3pARvT4,77,43,233,https://www.youtube.com/watch?v=QVn-3pARvT4,28,15,31,https://www.youtube.com/watch?v=7F0cZeAqmJs,0,0,0,0,
e8c89b4aec4d45fbbb76533eb3db0428,1570,52981,83,43,145,https://www.youtube.com/watch?v=_h1D0wDSgrI,70,43,145,https://www.youtube.com/watch?v=_h1D0wDSgrI,116,27,132,https://www.youtube.com/watch?v=nZTVuHXMLoc,0,0,0,0,
d3ae105969be4117ade8be2e8d19c008,1570,0,0,0,0,,0,0,0,,0,0,0,,2162,0,0,0,
3430389926a942cbacde9b444b3a6653,1550,48391,10,5,165,https://www.youtube.com/watch?v=N_xrUzgcpX8,0,0,0,,10,5,165,https://www.youtube.com/watch?v=N_xrUzgcpX8,0,0,0,0,
7616b12f36f64fc89cd1b78c47cb0a03,1550,12153,0,0,0,,0,0,0,,0,0,0,,0,0,0,0,
90446c6f1b704ff6b0fbbf017f0a68c5,1540,30005,350,135,604,https://www.youtube.com/watch?v=U6Whxj3WQ08,349,135,374,https://www.youtube.com/watch?v=onRv8iJzEC4,434,92,604,https://www.youtube.com/watch?v=U6Whxj3WQ08,0,0,0,0,
0f7d7faa487642d0a8ff6d5fc8dbc394,1540,120529,147,91,850,https://www.youtube.com/watch?v=ZUd_LoBUnjE,147,91,529,https://www.youtube.com/watch?v=M1Wt0u9uJAE,477,361,850,https://www.youtube.com/watch?v=ZUd_LoBUnjE,600,193,144,193,https://www.twitch.tv/videos/2024270406
02cf3719d4f44b7dbedc324ef8b0702e,1540,18808,275,150,2002,https://www.youtube.com/watch?v=d2cyoFb8fXE,244,75,446,https://www.youtube.com/watch?v=xq-jr3tjHoQ,277,263,2002,https://www.youtube.com/watch?v=d2cyoFb8fXE,0,0,0,0,
f3085e3337f34b178380b52e3ca429af,1540,57211,889,105,889,https://www.youtube.com/watch?v=F0WJnuGZ97o,0,0,0,,889,105,889,https://www.youtube.com/watch?v=F0WJnuGZ97o,803,0,0,0,
5c164e07f385482181bf3289b030d748,1540,63465,73,48,672,https://www.youtube.com/watch?v=ncMeaR8jnjc,73,48,672,https://www.youtube.com/watch?v=ncMeaR8jnjc,0,0,0,,938,56,2,56,https://www.twitch.tv/videos/2005434045
e0f419006f244a51804050ede1d1a5aa,1530,281336,119,39,2367,https://www.youtube.com/watch?v=6CZqdnVUvUQ,75,33,146,https://www.youtube.com/watch?v=ZXoVD8l_E9Q,253,51,2367,https://www.youtube.com/watch?v=6CZqdnVUvUQ,0,0,0,0,
500bd7cdaaa84adeb894c40ebd7f28ed,1530,0,0,0,0,,0,0,0,,0,0,0,,0,0,0,0,
e39607950249427da8b60fa012115e44,1530,76917,188,138,453,https://www.youtube.com/watch?v=u26521rR2L4,188,138,298,https://www.youtube.com/watch?v=slDwlXIe6MI,148,81,453,https://www.youtube.com/watch?v=u26521rR2L4,0,0,0,0,
c192b6e25df841ad85cbc8bbf0bd8bfe,1520,84845,137,81,221,https://www.youtube.com/watch?v=skvY7F7_MZo,137,81,221,https://www.youtube.com/watch?v=skvY7F7_MZo,0,0,0,,0,0,0,0,
20a90dc3baab4736890b96a827912448,1520,37314,0,0,0,,0,0,0,,0,0,0,,0,0,0,0,
1ff951f194d6455393ba37814e5cc750,1510,29456,0,0,0,,0,0,0,,0,0,0,,0,0,0,0,
6d61885259b744a28c7b92c0785e8fe9,1510,135561,19,5,19,https://www.youtube.com/watch?v=q-0fP9YLSj4,0,0,0,,19,5,19,https://www.youtube.com/watch?v=q-0fP9YLSj4,834,108,65,225,https://www.twitch.tv/videos/2019541677
a2b284f283b84af89441a229194ab72f,1510,0,0,0,0,,0,0,0,,0,0,0,,0,0,0,0,
75b388425b774a9f99a4483e295a13f0,1500,86344,301,112,834,https://www.youtube.com/watch?v=cjMg1pwKU3A,344,113,834,https://www.youtube.com/watch?v=cjMg1pwKU3A,161,54,161,https://www.youtube.com/watch?v=v3wKjiuoCc0,292,0,0,0,
ced6b5d82fc848a5a0f45a1b3da4cfae,1500,63433,68,44,204,https://www.youtube.com/watch?v=FbwhVyaAV-4,66,44,204,https://www.youtube.com/watch?v=FbwhVyaAV-4,105,44,105,https://www.youtube.com/watch?v=3ruW3ptXmiA,121,59,48,87,https://www.twitch.tv/videos/2028346995
b0e88b4d4e5d41c4b5edd07540dc3637,1500,105519,59,34,136,https://www.youtube.com/watch?v=xGLs3xLaEpk,59,34,136,https://www.youtube.com/watch?v=xGLs3xLaEpk,0,0,0,,0,0,0,0,
e9047e02eb6340ff940114f754c76875,1500,33611,168,28,514,https://www.youtube.com/watch?v=R_dK6m7CwBM,168,28,514,https://www.youtube.com/watch?v=R_dK6m7CwBM,0,0,0,,0,0,0,0,
d766d15cb84b4aa9b33122097eefff76,1500,0,0,0,0,,0,0,0,,0,0,0,,11388,0,0,0,
4d44c28a73394954a4d1bf2a1b2c162c,1500,74448,125,57,171,https://www.youtube.com/watch?v=7Oyx84JtL3Q,85,21,131,https://www.youtube.com/watch?v=Wi__vE7pQto,125,63,171,https://www.youtube.com/watch?v=7Oyx84JtL3Q,0,0,0,0,
bc0a5179a82542999692655e5f077e29,1490,8657,0,0,0,,0,0,0,,0,0,0,,288,0,0,0,
a960b283b1124f44bc4bf2a16199977a,1490,6798,101,47,195,https://www.youtube.com/watch?v=XlWGjje8ybk,0,0,0,,101,47,195,https://www.youtube.com/watch?v=XlWGjje8ybk,3748,395,145,2316,https://www.twitch.tv/videos/2029179435
8dbec1de49be44d897f1c894427f3165,1490,5366,2727,2011,4225,https://www.youtube.com/watch?v=uljxcS_8B5k,0,0,0,,2727,2011,4225,https://www.youtube.com/watch?v=uljxcS_8B5k,0,0,0,0,
906fcc288c6840858711cb82b4ebf5f0,1480,37620,186,146,186,https://www.youtube.com/watch?v=gwI__nTC84c,186,146,186,https://www.youtube.com/watch?v=gwI__nTC84c,0,0,0,,0,0,0,0,
2463286fd3154219afa631c73d178147,1480,156307,84,54,241,https://www.youtube.com/watch?v=HdK1cmrC9MI,80,54,180,https://www.youtube.com/watch?v=NaGBseo3nQ4,195,95,241,https://www.youtube.com/watch?v=HdK1cmrC9MI,0,0,0,0,
66830cad0b9949689741b0dc5ef39d29,1480,35074,150,136,342,https://www.youtube.com/watch?v=KtBD6VlGmP4,187,176,342,https://www.youtube.com/watch?v=KtBD6VlGmP4,99,71,99,https://www.youtube.com/watch?v=7brKazRDtc0,0,0,0,0,
9a496e9b261f401dba4991a9f4c7048e,1480,34338,262,133,657,https://www.youtube.com/watch?v=-uBbZ2ou-t0,279,181,636,https://www.youtube.com/watch?v=3vgXvRh7if0,184,32,657,https://www.youtube.com/watch?v=-uBbZ2ou-t0,0,0,0,0,
aa9fa329d639488dbb860b8f8b3235f8,1480,42155,809,659,1606,https://www.youtube.com/watch?v=yaoJCpjRi7w,809,659,1606,https://www.youtube.com/watch?v=yaoJCpjRi7w,0,0,0,,1220,219,155,329,https://www.twitch.tv/videos/2029741385
7b2d1d71057b4ac2a16109b980a99e28,1480,34816,100,60,199,https://www.youtube.com/watch?v=o-wV9-EsPzk,100,60,199,https://www.youtube.com/watch?v=o-wV9-EsPzk,0,0,0,,0,0,0,0,
fbb142bcb07a4808b0164c41ab1877ea,1470,60669,96,49,281,https://www.youtube.com/watch?v=TRzDKNv5pRU,101,52,281,https://www.youtube.com/watch?v=TRzDKNv5pRU,83,10,83,https://www.youtube.com/watch?v=r9b-La1EGMI,0,0,0,0,
ecbeda5532474bdb8d08d4e15ce98d89,1470,24309,156,74,156,https://www.youtube.com/watch?v=4WCKgvUSJxM,156,74,156,https://www.youtube.com/watch?v=4WCKgvUSJxM,0,0,0,,2533,0,0,0,
8020c505099f474ca81da3023926485f,1470,69139,115,85,321,https://www.youtube.com/watch?v=NM9Vwene3jQ,115,85,321,https://www.youtube.com/watch?v=NM9Vwene3jQ,0,0,0,,0,0,0,0,
84be0f1e2b414125b39c80648897dd7a,1470,19081,0,0,0,,0,0,0,,0,0,0,,1541,239,64,775,https://www.twitch.tv/videos/2027971375
1569b00373564846b894f47403376c6b,1460,42525,155,86,413,https://www.youtube.com/watch?v=qSq3fBSc2gQ,155,86,413,https://www.youtube.com/watch?v=qSq3fBSc2gQ,197,95,264,https://www.youtube.com/watch?v=3dg3Sag-UxY,0,0,0,0,
d20c66018a094127805133f051037124,1460,57995,170,77,343,https://www.youtube.com/watch?v=4AsbE6gJY-Y,343,112,343,https://www.youtube.com/watch?v=4AsbE6gJY-Y,76,41,265,https://www.youtube.com/watch?v=Cv3mm8scguU,1205,107,98,130,https://www.twitch.tv/videos/2030012593
ffb8b8f15321474a98628cb638631bf1,1450,113940,29,16,122,https://www.youtube.com/watch?v=9FOB8P9-5a0,88,50,122,https://www.youtube.com/watch?v=9FOB8P9-5a0,23,6,29,https://www.youtube.com/watch?v=DsXmvJyI64M,0,0,0,0,
e7e219a17a7644cd9d28a2ab871f5f7c,1450,29693,427,234,811,https://www.youtube.com/watch?v=1xOpubL8yEQ,0,0,0,,427,234,811,https://www.youtube.com/watch?v=1xOpubL8yEQ,1750,106,76,118,https://www.twitch.tv/videos/2025405906
dcebd098c3ea479ba2b0e32a2696a5ec,1450,4111,2133,1682,4044,https://www.youtube.com/watch?v=2KnPlXGcQic,0,0,0,,2133,1682,4044,https://www.youtube.com/watch?v=2KnPlXGcQic,0,0,0,0,
6b2ebe86ad7c4eda910035c42927391d,1440,47587,51,3,69,https://www.youtube.com/watch?v=gjMvRS-tPes,51,3,69,https://www.youtube.com/watch?v=gjMvRS-tPes,0,0,0,,0,0,0,0,
c8c87552da404928bcb9fcbafd896591,1440,9826,747,314,877,https://www.youtube.com/watch?v=MnU9N4alo_E,0,0,0,,747,314,877,https://www.youtube.com/watch?v=MnU9N4alo_E,0,0,0,0,
1be625b10e2f4e65bab5b19d10a4d0b1,1440,17687,0,0,0,,0,0,0,,0,0,0,,0,0,0,0,
1b45eb3857ab407cb97447882c2ae525,1440,49440,81,47,395,https://www.youtube.com/watch?v=kdFhBgA8py8,81,47,395,https://www.youtube.com/watch?v=kdFhBgA8py8,0,0,0,,0,0,0,0,
5903a0f7274043058d817894a9b39e75,1440,29657,6,3,14,https://www.youtube.com/watch?v=qI8dgwf9c-U,0,0,0,,6,3,14,https://www.youtube.com/watch?v=qI8dgwf9c-U,0,0,0,0,
c4df5c9723704291a4d51d973a4bdfd5,1440,24553,157,66,292,https://www.youtube.com/watch?v=Vn_X_Hezjkg,157,66,292,https://www.youtube.com/watch?v=Vn_X_Hezjkg,0,0,0,,0,0,0,0,
16b8db1818764f81addb322d109b5da3,1420,44814,895,771,4940,https://www.youtube.com/watch?v=ZoyqyMJZPmQ,895,771,4940,https://www.youtube.com/watch?v=ZoyqyMJZPmQ,0,0,0,,0,0,0,0,
23ebdf629748450497d6cded6d82152e,1420,89864,0,0,0,,0,0,0,,0,0,0,,0,0,0,0,
6adad1ae67dc495dae88cefa06446593,1410,96976,0,0,0,,0,0,0,,0,0,0,,0,0,0,0,
c3b80401914d46cdb1c0e69d4015723b,1410,29159,0,0,0,,0,0,0,,0,0,0,,0,0,0,0,
ef6a53a9d04c4f8a93bc6203234d5932,1410,69274,0,0,0,,0,0,0,,0,0,0,,0,0,0,0,
336bda71d5384b73826d7c9b7adef2aa,1410,38427,0,0,0,,0,0,0,,0,0,0,,1635,0,0,0,
30f59fd702d5417c9225bc729bf7ec32,1410,118480,122,82,3865,https://www.youtube.com/watch?v=fPG7se679Mw,121,81,452,https://www.youtube.com/watch?v=NvAQzTxmbWg,3865,1875,3865,https://www.youtube.com/watch?v=fPG7se679Mw,0,0,0,0,
acac9c479b4b42ba99d0bdfa2004ee5f,1410,28548,50,22,50,https://www.youtube.com/watch?v=8XG6nImHXrg,0,0,0,,50,22,50,https://www.youtube.com/watch?v=8XG6nImHXrg,850,92,76,117,https://www.twitch.tv/videos/2024403012
c0ae01f224734769a38c39b97fb6dbb7,1410,37859,101,68,158,https://www.youtube.com/watch?v=IUN2aTdC-Us,101,68,158,https://www.youtube.com/watch?v=IUN2aTdC-Us,0,0,0,,172,0,0,0,
a881100803aa4abc84dc3cc814dca0e7,1410,24043,26,4,54,https://www.youtube.com/watch?v=tG6IHt1LQzY,26,4,54,https://www.youtube.com/watch?v=tG6IHt1LQzY,0,0,0,,0,0,0,0,
9087489bcb234de9bb2a8942a1562a61,1410,69349,0,0,0,,0,0,0,,0,0,0,,0,0,0,0,
60a400d6a5d841f78b352675c383dbef,1400,31237,79,48,215,https://www.youtube.com/watch?v=j4Wx6hjtXbE,79,48,215,https://www.youtube.com/watch?v=j4Wx6hjtXbE,0,0,0,,0,0,0,0,
9be037b96ffa41c9a080edf332650649,1400,53793,21,6,130,https://www.youtube.com/watch?v=K-ft8njK0zA,99,47,130,https://www.youtube.com/watch?v=K-ft8njK0zA,19,5,54,https://www.youtube.com/watch?v=jmLkXwyJNak,0,0,0,0,
2ce65a2b0dd14d80afc6dd18b440bc06,1390,0,0,0,0,,0,0,0,,0,0,0,,2468,0,0,0,
55889d2ac7c34549b9baa54bd5c899f3,1390,0,0,0,0,,0,0,0,,0,0,0,,23,0,0,0,
1025a2d1ea674c649b1e7934895bd419,1390,33098,172,83,252,https://www.youtube.com/watch?v=0ox_t4uKIvY,172,83,252,https://www.youtube.com/watch?v=0ox_t4uKIvY,0,0,0,,0,0,0,0,
a7410ae72f2d4648bcf192c21abd7c32,1390,43860,62,14,62,https://www.youtube.com/watch?v=YYGaccaj8LY,62,14,62,https://www.youtube.com/watch?v=YYGaccaj8LY,0,0,0,,153,0,0,0,
1e0ca2c7a8d7493baa62b792d78e7b07,1390,102091,59,17,195,https://www.youtube.com/watch?v=wHQb5KlV-Pk,59,17,195,https://www.youtube.com/watch?v=wHQb5KlV-Pk,0,0,0,,0,0,0,0,
7e8fe40622974698a75d14d78006e009,1370,24312,0,0,0,,0,0,0,,0,0,0,,1220,0,0,0,
c7a0e87fdeb94bcc883307e49f520173,1370,49970,42,11,65,https://www.youtube.com/watch?v=P_ZtP-efThw,42,11,65,https://www.youtube.com/watch?v=P_ZtP-efThw,0,0,0,,0,0,0,0,
eec1f137ea78444185a4268f72f59611,1370,40829,84,36,471,https://www.youtube.com/watch?v=RTf4YThxuu8,80,27,471,https://www.youtube.com/watch?v=RTf4YThxuu8,160,61,160,https://www.youtube.com/watch?v=NHTcEDtNhjg,0,0,0,0,
6ab090baa4624f1c8fca28312799e826,1370,40123,0,0,0,,0,0,0,,0,0,0,,695,0,0,0,
6ff6adcddc934a3b94e45448e1912539,1360,200889,0,0,0,,0,0,0,,0,0,0,,1823,256,218,667,https://www.twitch.tv/videos/2018825322
8125f51f9526408790a77c1c7b4a053b,1360,27185,148,11,259,https://www.youtube.com/watch?v=AqtgyqGP03o,0,0,0,,148,11,259,https://www.youtube.com/watch?v=AqtgyqGP03o,812,351,253,582,https://www.twitch.tv/videos/2019682660
2d1106498d254b0c8f7a8de7cdf60f68,1360,15511,0,0,0,,0,0,0,,0,0,0,,2081,0,0,0,
7eec0f9233fa49ed92c4f60fb8a82694,1360,23980,30,23,57,https://www.youtube.com/watch?v=8gqV79RiTks,0,0,0,,30,23,57,https://www.youtube.com/watch?v=8gqV79RiTks,0,0,0,0,
e3157ce546a640029cfcccb9107f8154,1360,70893,21,6,32,https://www.youtube.com/watch?v=1IAEGWL5CcM,0,0,0,,21,6,32,https://www.youtube.com/watch?v=1IAEGWL5CcM,0,0,0,0,
9e6e69bfb48e4be0a8eecc737a6a0ba1,1360,30954,0,0,0,,0,0,0,,0,0,0,,263,0,0,0,
7eb39f4278b04ed485060a084cd07876,1350,39562,40,25,204,https://www.youtube.com/watch?v=hYrVPM_-n4Q,40,25,204,https://www.youtube.com/watch?v=hYrVPM_-n4Q,0,0,0,,0,0,0,0,
ce59f11c200841dab2e8a5e30655a827,1350,192112,0,0,0,,0,0,0,,0,0,0,,28,0,0,0,
7327248ff3f04589bca9e61665448ae8,1350,44350,66,57,66,https://www.youtube.com/watch?v=QGie6zCk-hQ,66,57,66,https://www.youtube.com/watch?v=QGie6zCk-hQ,0,0,0,,323,0,0,0,
01ba034aab854ec680fe6f1ddc7008e2,1350,57137,102,53,829,https://www.youtube.com/watch?v=YBgXvV4T--o,100,50,476,https://www.youtube.com/watch?v=rZqZVUgmRVw,422,88,829,https://www.youtube.com/watch?v=YBgXvV4T--o,0,0,0,0,
6861903583ee45d191ddc03faf6cd0d8,1340,19184,0,0,0,,0,0,0,,0,0,0,,627,0,0,0,
988d1a83ff6c4f82af6be42946987c36,1340,82722,180,111,2784,https://www.youtube.com/watch?v=KllAPPHFmU4,163,84,1142,https://www.youtube.com/watch?v=DPVaV2dD49Y,1700,620,2784,https://www.youtube.com/watch?v=KllAPPHFmU4,0,0,0,0,
46fbbed7900f4e84bd73e0bb85a3598a,1340,50386,0,0,0,,0,0,0,,0,0,0,,0,0,0,0,
260f0fb7a8b1421394c38114230479bb,1330,36208,37,12,56,https://www.youtube.com/watch?v=fs5Aha9ITIk,37,12,56,https://www.youtube.com/watch?v=fs5Aha9ITIk,0,0,0,,26,0,0,0,
0ac7e05c8a3842e7bd1401652ce2bf4f,1330,33357,232,116,521,https://www.youtube.com/watch?v=8NzthMG_f-U,224,110,521,https://www.youtube.com/watch?v=8NzthMG_f-U,262,144,482,https://www.youtube.com/watch?v=Z12OdOhe1HE,0,0,0,0,
8044e4d538ab4e16b1952c8e42dee12e,1330,94182,35,17,76,https://www.youtube.com/watch?v=DOr3er4wbig,35,17,76,https://www.youtube.com/watch?v=DOr3er4wbig,0,0,0,,0,0,0,0,
e5433e4a21eb49e2bcd508e3b12fba6d,1330,125133,60,34,91,https://www.youtube.com/watch?v=8GPeaqgFNiU,60,34,91,https://www.youtube.com/watch?v=8GPeaqgFNiU,0,0,0,,192,46,39,50,https://www.twitch.tv/videos/2028243718
e214241ed6574d939e398051ae25921d,1330,19094,113,71,1913,https://www.youtube.com/watch?v=m83McphJ3ng,161,71,1913,https://www.youtube.com/watch?v=m83McphJ3ng,113,72,216,https://www.youtube.com/watch?v=Ol5O5qdT_r4,0,0,0,0,
351e16ae67e14d5e8c7294284c2ded4d,1330,35032,87,46,1794,https://www.youtube.com/watch?v=xOvQAHk3KTs,69,46,158,https://www.youtube.com/watch?v=coqXrAnwuak,940,839,1794,https://www.youtube.com/watch?v=xOvQAHk3KTs,0,0,0,0,
bf425f4bc9154c00918ed885bdced632,1330,76477,105,52,141,https://www.youtube.com/watch?v=hN19UNMo2WE,105,52,141,https://www.youtube.com/watch?v=hN19UNMo2WE,0,0,0,,0,0,0,0,
60234dcffd2b42f097a78aaf121d410f,1320,24707,253,125,685,https://www.youtube.com/watch?v=QXkb5Va_FTE,253,125,685,https://www.youtube.com/watch?v=QXkb5Va_FTE,0,0,0,,174,0,0,0,
de1fec02e4ab43aa948a415621abc524,1320,33266,78,62,182,https://www.youtube.com/watch?v=z4kupdfPqmg,78,62,182,https://www.youtube.com/watch?v=z4kupdfPqmg,0,0,0,,0,0,0,0,
a9e5491563fd4b05896ef9a8cb2ee7d7,1320,94470,69,24,138,https://www.youtube.com/watch?v=DgMC3hkCidw,70,24,138,https://www.youtube.com/watch?v=DgMC3hkCidw,39,23,39,https://www.youtube.com/watch?v=LbsZeibHRcw,0,0,0,0,
7c147c43030b44b9ae244d82c387c82a,1320,27152,180,13,241,https://www.youtube.com/watch?v=QHJiejkcJRE,210,119,241,https://www.youtube.com/watch?v=QHJiejkcJRE,59,13,59,https://www.youtube.com/watch?v=nkz8hCaQPn0,0,0,0,0,
d4e45d5ea1bf4a3a887b9f99ef60fda3,1320,28676,0,0,0,,0,0,0,,0,0,0,,0,0,0,0,
fcb4d9b8cd4a49dba6b421d97c179065,1320,54491,54,25,123,https://www.youtube.com/watch?v=rEPm4Ere0Dc,51,20,114,https://www.youtube.com/watch?v=oosXt1jlrd8,123,42,123,https://www.youtube.com/watch?v=rEPm4Ere0Dc,484,79,51,117,https://www.twitch.tv/videos/2027384451
969122fc1adf4d8798a043b4754c893e,1310,12047,71,54,134,https://www.youtube.com/watch?v=COMWWM5OnO4,71,54,134,https://www.youtube.com/watch?v=COMWWM5OnO4,0,0,0,,0,0,0,0,
e22310d783c24889ac275bd84b6c7a0a,1310,56762,0,0,0,,0,0,0,,0,0,0,,4255,561,403,1550,https://www.twitch.tv/videos/2020432662
7688233f5720451aaa24c7ca75614e35,1310,25432,85,53,85,https://www.youtube.com/watch?v=IwyUSt2OzUA,85,53,85,https://www.youtube.com/watch?v=IwyUSt2OzUA,0,0,0,,0,0,0,0,
0afd7ebcb7024553b7be91a3406cf942,1310,27208,0,0,0,,0,0,0,,0,0,0,,0,0,0,0,
b8ce93818de34a93901147e5d9857170,1310,47681,90,38,144,https://www.youtube.com/watch?v=xMJxEQtTr8M,91,50,144,https://www.youtube.com/watch?v=xMJxEQtTr8M,84,32,90,https://www.youtube.com/watch?v=NUGq9ieOzBA,0,0,0,0,
439d515bd7c94c74bd434909e413837a,1310,22075,0,0,0,,0,0,0,,0,0,0,,136,0,0,0,
7bd1bc8b491d47e0b7cf0a573c36120e,1290,46740,130,61,689,https://www.youtube.com/watch?v=KFtrDCUUzHY,113,15,272,https://www.youtube.com/watch?v=8GJ2sBLU-qM,370,131,689,https://www.youtube.com/watch?v=KFtrDCUUzHY,0,0,0,0,
5ff20156ebbf4390a3573d6a94aed8df,1290,43765,58,4,58,https://www.youtube.com/watch?v=XT6y-RicBF4,58,4,58,https://www.youtube.com/watch?v=XT6y-RicBF4,0,0,0,,0,0,0,0,
4dd71b1079284bdb8ba90198317e524d,1280,68721,198,82,662,https://www.youtube.com/watch?v=Xlf5C8JZElU,134,58,247,https://www.youtube.com/watch?v=ZH4bS5kpueo,466,238,662,https://www.youtube.com/watch?v=Xlf5C8JZElU,0,0,0,0,
310c827bd2b34fa58413b09453226ee9,1280,0,0,0,0,,0,0,0,,0,0,0,,0,0,0,0,
6510332f58be4d86b0007c77a622c959,1280,172408,222,90,402,https://www.youtube.com/watch?v=QkqkoUnT0VQ,222,90,402,https://www.youtube.com/watch?v=QkqkoUnT0VQ,0,0,0,,1782,303,219,655,https://www.twitch.tv/videos/2018685746
21a80fdbdff448b98102b0d8ffa70888,1280,0,0,0,0,,0,0,0,,0,0,0,,0,0,0,0,
1901cef25e9940e7b3da42d3c189cada,1280,17351,17499,9620,17499,https://www.youtube.com/watch?v=Z5u9p00oVcM,0,0,0,,17499,9620,17499,https://www.youtube.com/watch?v=Z5u9p00oVcM,0,0,0,0,
cd9733cb91b6400aae0bc23e3f25d7eb,1280,33602,0,0,0,,0,0,0,,0,0,0,,0,0,0,0,
a73b969a7fe24a9aaeb9bc1c63ca6450,1280,51675,0,0,0,,0,0,0,,0,0,0,,3993,380,261,589,https://www.twitch.tv/videos/2026432124
c2bbc6bca92c4825b72d635634197e2b,1270,24472,92,67,141,https://www.youtube.com/watch?v=KlqRi4qzaU8,92,67,141,https://www.youtube.com/watch?v=KlqRi4qzaU8,0,0,0,,0,0,0,0,
e210fb08b0744535a907823fa9f062cc,1270,23227,57,20,57,https://www.youtube.com/watch?v=lX4b66mSNpM,57,20,57,https://www.youtube.com/watch?v=lX4b66mSNpM,0,0,0,,305,0,0,0,
c16daca9d8b84b18a38ab97cdcd7577a,1270,103071,150,94,261,https://www.youtube.com/watch?v=jySrPerVXec,150,94,261,https://www.youtube.com/watch?v=jySrPerVXec,152,103,197,https://www.youtube.com/watch?v=DRVwP9qC8eo,0,0,0,0,
d210d8dfc0ec4a97907b9cebb5413ae3,1270,50089,316,112,508,https://www.youtube.com/watch?v=5Rnr2No31pQ,316,112,508,https://www.youtube.com/watch?v=5Rnr2No31pQ,0,0,0,,0,0,0,0,
9de536d111214c379ec6969a52d92442,1260,57858,117,69,318,https://www.youtube.com/watch?v=mH6GfXClxKw,143,82,318,https://www.youtube.com/watch?v=mH6GfXClxKw,58,10,58,https://www.youtube.com/watch?v=_3TlKtqO9Do,0,0,0,0,
f4da0eee989545d2ade906b022a50e8c,1260,41650,39,20,39,https://www.youtube.com/watch?v=XfaT5DvnFwg,0,0,0,,39,20,39,https://www.youtube.com/watch?v=XfaT5DvnFwg,2476,281,145,675,https://www.twitch.tv/videos/2018006998
f227226fd52e4fbe801b4c89acfe4887,1260,28251,32,13,62,https://www.youtube.com/watch?v=3xIYq8XIq-c,32,13,62,https://www.youtube.com/watch?v=3xIYq8XIq-c,0,0,0,,0,0,0,0,
e308f7f536c8462baf851d52cdff7fb9,1260,39193,0,0,0,,0,0,0,,0,0,0,,0,0,0,0,
b4c7b27b49584c9e9bd3a9c2c5015cd6,1260,114369,3038,1337,10170,https://www.youtube.com/watch?v=EqDmDn28AYI,0,0,0,,3038,1337,10170,https://www.youtube.com/watch?v=EqDmDn28AYI,0,0,0,0,
137917ec279a4eb0827cb302b9bdac7b,1260,128785,0,0,0,,0,0,0,,0,0,0,,750,0,0,0,
64dc8c2de5de4c43906e515ec03f79c6,1250,72677,17,4,28,https://www.youtube.com/watch?v=T6IZ7BI0VQE,0,0,0,,17,4,28,https://www.youtube.com/watch?v=T6IZ7BI0VQE,0,0,0,0,
2875db54b5d74d01b301d63d36dd6fbf,1250,21473,107,48,1622,https://www.youtube.com/watch?v=hzIIkK4Y-Vo,86,38,253,https://www.youtube.com/watch?v=VkRDKeoUz80,1622,1380,1622,https://www.youtube.com/watch?v=hzIIkK4Y-Vo,0,0,0,0,
afb88fe247b6416e8b9156a9a7e60f38,1250,103035,125,79,322,https://www.youtube.com/watch?v=Jl9uJqmKJ18,114,79,322,https://www.youtube.com/watch?v=Jl9uJqmKJ18,170,81,309,https://www.youtube.com/watch?v=x53Wk3MzN5s,0,0,0,0,
f9444f6d790344a4a51a301110665229,1250,50396,59,23,110,https://www.youtube.com/watch?v=SmzrvJ3pCZQ,54,20,86,https://www.youtube.com/watch?v=S2dDcWx7F_o,110,101,110,https://www.youtube.com/watch?v=SmzrvJ3pCZQ,0,0,0,0,
f7bfeaf6288f4afe80b62dab32698a0c,1250,383960,73,43,2512,https://www.youtube.com/watch?v=edlq_QEwsgo,55,24,128,https://www.youtube.com/watch?v=CIYHCqO-vvg,159,103,2512,https://www.youtube.com/watch?v=edlq_QEwsgo,274,0,0,0,
3506a4f43442492e83c6fbe4cdb09aba,1250,35866,124,91,785,https://www.youtube.com/watch?v=LRlvYEl3TO0,124,91,785,https://www.youtube.com/watch?v=LRlvYEl3TO0,0,0,0,,0,0,0,0,
e2df9d4aea8b4cb4b8e38c31cbf73036,1240,44929,85,34,357,https://www.youtube.com/watch?v=1C6vn8jU-hw,71,47,101,https://www.youtube.com/watch?v=ql8jpf4Ec34,357,19,357,https://www.youtube.com/watch?v=1C6vn8jU-hw,0,0,0,0,
5356357f112b46db862b472a4aafcee8,1240,21076,0,0,0,,0,0,0,,0,0,0,,1140,0,0,0,
d4c077fa180a460cabadc4e2838d1855,1240,56505,0,0,0,,0,0,0,,0,0,0,,0,0,0,0,
1140618a96154395909d53257bffe0e6,1240,39578,208,108,288,https://www.youtube.com/watch?v=Z_DsZub-4-o,208,108,288,https://www.youtube.com/watch?v=Z_DsZub-4-o,0,0,0,,0,0,0,0,
ac5176c53ad7447b8d63f82f65ba7200,1230,51365,35,19,35,https://www.youtube.com/watch?v=U3uL7BBEZkA,0,0,0,,35,19,35,https://www.youtube.com/watch?v=U3uL7BBEZkA,2568,129,71,129,https://www.twitch.tv/videos/2018886597
89036aadc62d496aa73c0a0076d67f41,1230,34550,92,37,897,https://www.youtube.com/watch?v=MutPmbEe2Zo,92,37,897,https://www.youtube.com/watch?v=MutPmbEe2Zo,0,0,0,,1398,101,98,119,https://www.twitch.tv/videos/2031231112
5612ac8b150e45e5a7381a2c07e9671a,1230,44071,104,79,1171,https://www.youtube.com/watch?v=190GTtFXs0A,177,110,1171,https://www.youtube.com/watch?v=190GTtFXs0A,73,24,83,https://www.youtube.com/watch?v=aJDPyXfetOo,0,0,0,0,
a112fc34dd9944a5a15f50c1c078aa3e,1230,85397,192,175,252,https://www.youtube.com/watch?v=MDeyhgX8QYE,192,175,252,https://www.youtube.com/watch?v=MDeyhgX8QYE,0,0,0,,0,0,0,0,
564b411dc4874310be6f8ee9bb7a0312,1230,49154,154,73,181,https://www.youtube.com/watch?v=ZriWeTKOkpc,154,73,181,https://www.youtube.com/watch?v=ZriWeTKOkpc,0,0,0,,0,0,0,0,
eaa1d55ba99c40ce82413701233efdbd,1230,45471,64,30,1603,https://www.youtube.com/watch?v=GhfFzcyqeuw,62,26,68,https://www.youtube.com/watch?v=uhzu5tIuZJs,1603,137,1603,https://www.youtube.com/watch?v=GhfFzcyqeuw,0,0,0,0,
7a93714b53274fbaad48bef3b409d458,1230,48987,101,65,1986,https://www.youtube.com/watch?v=SQEYeTRcRmw,69,26,179,https://www.youtube.com/watch?v=nMRZhuluLBc,1054,191,1986,https://www.youtube.com/watch?v=SQEYeTRcRmw,0,0,0,0,
644ed2200e8a446bae2920103d1015e3,1230,44818,87,52,492,https://www.youtube.com/watch?v=sP_jkMd_DUo,87,52,285,https://www.youtube.com/watch?v=4y5UXuapb-c,287,187,492,https://www.youtube.com/watch?v=sP_jkMd_DUo,0,0,0,0,
5ce810e28ea54f5bacd55573589f4e4e,1230,49534,53,24,3640,https://www.youtube.com/watch?v=Lc9HLKA6PDs,48,21,55,https://www.youtube.com/watch?v=qkVeLZseS5I,1858,597,3640,https://www.youtube.com/watch?v=Lc9HLKA6PDs,0,0,0,0,
b92f05ad314c4937b09cd603f9ebd64b,1220,44542,78,47,196,https://www.youtube.com/watch?v=F-6WygTTyvU,104,83,104,https://www.youtube.com/watch?v=jz9llqPK0YA,53,32,196,https://www.youtube.com/watch?v=F-6WygTTyvU,339,0,0,0,
29c3016ed9f24c38a1abc7e0e49026ad,1220,14972,0,0,0,,0,0,0,,0,0,0,,1156,147,106,147,https://www.twitch.tv/videos/2023499291
c377cbfa47984f0ba9242b1f6e3dfc75,1220,49616,68,20,114,https://www.youtube.com/watch?v=-sB3NhaOkU0,73,43,114,https://www.youtube.com/watch?v=-sB3NhaOkU0,45,14,45,https://www.youtube.com/watch?v=3IpXxCW5R7k,0,0,0,0,
30f58f5fd3994b9a8751b3f44e543c17,1220,78090,42,16,93,https://www.youtube.com/watch?v=cpMp3pq43Vw,42,16,93,https://www.youtube.com/watch?v=cpMp3pq43Vw,0,0,0,,0,0,0,0,
1257fb7258eb49ad8cf58ed64b800056,1220,29413,51,26,148,https://www.youtube.com/watch?v=kWB2xRsguac,0,0,0,,51,26,148,https://www.youtube.com/watch?v=kWB2xRsguac,411,47,34,113,https://www.twitch.tv/videos/2018856633
25388daec64e40f38ca0e5a3a88fedb7,1210,16450,291,135,619,https://www.youtube.com/watch?v=lK7teIyFGBE,291,135,619,https://www.youtube.com/watch?v=lK7teIyFGBE,0,0,0,,0,0,0,0,
d4b4a16e0ccc4bb49ff82c8584e6ed79,1210,32258,56,27,182,https://www.youtube.com/watch?v=LCjk14fttaI,53,27,143,https://www.youtube.com/watch?v=Rl21MPhxQLc,82,23,182,https://www.youtube.com/watch?v=LCjk14fttaI,0,0,0,0,
5aaaa518ae674ae1a1162e8454a460f9,1210,21980,0,0,0,,0,0,0,,0,0,0,,1362,165,118,298,https://www.twitch.tv/videos/2019542354
82d5f7612b7645f3a77dd954a0e30b24,1210,24552,132,77,176,https://www.youtube.com/watch?v=gB6UPFJKrcM,132,77,176,https://www.youtube.com/watch?v=gB6UPFJKrcM,0,0,0,,0,0,0,0,
306117a48f3445baad1d6a919ed340bb,1210,44609,0,0,0,,0,0,0,,0,0,0,,158,0,0,0,
17b1d3fb1e1944dabd5e6a45f94e2f6b,1210,31175,92,33,133,https://www.youtube.com/watch?v=3XW2OMLAJsk,92,33,133,https://www.youtube.com/watch?v=3XW2OMLAJsk,0,0,0,,0,0,0,0,
43056077596a49349ee4bea028f670f6,1210,66561,249,72,275,https://www.youtube.com/watch?v=dvh_9-_2GMA,249,72,275,https://www.youtube.com/watch?v=dvh_9-_2GMA,0,0,0,,268,99,57,99,https://www.twitch.tv/videos/2019469638
cc1bad00639b4149b277f0d2e99c2abe,1210,33583,100,34,264,https://www.youtube.com/watch?v=guBOIRy02d0,96,34,232,https://www.youtube.com/watch?v=VX9d3BR6vd8,171,69,264,https://www.youtube.com/watch?v=guBOIRy02d0,0,0,0,0,
d29682522104427fb366fa19a0521bc3,1200,19066,0,0,0,,0,0,0,,0,0,0,,396,298,195,359,https://www.twitch.tv/videos/2020546841
4267c862353e410388f1eaa5a5d85017,1200,24993,72,23,860,https://www.youtube.com/watch?v=GqgN8IvP0n4,88,28,860,https://www.youtube.com/watch?v=GqgN8IvP0n4,26,21,59,https://www.youtube.com/watch?v=ptQYD0ie5Rk,0,0,0,0,
edbd401267284e8886c1fd27d08283d4,1200,21156,109,81,987,https://www.youtube.com/watch?v=YHungiLk2XI,106,79,118,https://www.youtube.com/watch?v=TMQJ4oAV1eA,987,980,987,https://www.youtube.com/watch?v=YHungiLk2XI,948,0,0,0,
03c9aa020ec14f7494dd142676c94405,1200,6808,79,3,79,https://www.youtube.com/watch?v=xsy8aNCH62w,0,0,0,,79,3,79,https://www.youtube.com/watch?v=xsy8aNCH62w,2607,331,169,452,https://www.twitch.tv/videos/2020335954
62f37fa0a2f44083945f03db36e50dff,1200,20368,106,35,206,https://www.youtube.com/watch?v=YIsmOWJkwWc,109,49,206,https://www.youtube.com/watch?v=YIsmOWJkwWc,103,35,103,https://www.youtube.com/watch?v=govPWz1xEbs,0,0,0,0,
f5838bbd59cf4922897b71efe3dc25af,1190,9679,0,0,0,,0,0,0,,0,0,0,,977,0,0,0,
0f2ad43c618943d19d5101f2d3c49ac9,1190,28674,174,75,303,https://www.youtube.com/watch?v=poy54_hT_Iw,0,0,0,,174,75,303,https://www.youtube.com/watch?v=poy54_hT_Iw,184,0,0,0,
ce360f47c38c4f82875228e007cf6c2d,1190,21914,0,0,0,,0,0,0,,0,0,0,,0,0,0,0,
46e494bf06c640da95ad1b0b81631d98,1190,78107,0,0,0,,0,0,0,,0,0,0,,769,158,135,401,https://www.twitch.tv/videos/2026263437
fe555b322c784b5b9c2297c585bc9352,1190,34548,37,16,50,https://www.youtube.com/watch?v=hR2w1m8NP_s,37,16,50,https://www.youtube.com/watch?v=hR2w1m8NP_s,0,0,0,,0,0,0,0,
6fa1245c717d4af68589205df5ab6427,1190,28633,127,75,799,https://www.youtube.com/watch?v=SwkNyk0Hogw,127,75,179,https://www.youtube.com/watch?v=b0Eq9sXwO_s,435,80,799,https://www.youtube.com/watch?v=SwkNyk0Hogw,256,27,17,184,https://www.twitch.tv/videos/2028269379
9379ed7f979440218e22b8db58dd0dd1,1180,59829,242,116,588,https://www.youtube.com/watch?v=V_Hj_6-pn5U,246,105,588,https://www.youtube.com/watch?v=V_Hj_6-pn5U,236,178,236,https://www.youtube.com/watch?v=kw5VZoyxCzE,0,0,0,0,
62080edda26345efbf8bc2bab0ab4136,1180,22023,472,11,472,https://www.youtube.com/watch?v=oDfjIkOPZ2g,472,11,472,https://www.youtube.com/watch?v=oDfjIkOPZ2g,0,0,0,,0,0,0,0,
01871d8239314affaf7032899ce6502f,1180,271868,0,0,0,,0,0,0,,0,0,0,,0,0,0,0,
1b863baf309a4ff587385012bb5bde51,1180,104036,0,0,0,,0,0,0,,0,0,0,,346,0,0,0,
c2012638512742e2801d0ced54f61711,1170,51458,148,83,283,https://www.youtube.com/watch?v=gkoNRDXgZ-4,148,83,283,https://www.youtube.com/watch?v=gkoNRDXgZ-4,0,0,0,,0,0,0,0,
8a8bc32109654a41a7cae0a9f235d9fb,1170,23148,0,0,0,,0,0,0,,0,0,0,,472,0,0,0,
fd62c955979d4f14b788100154fb26e8,1160,12134,34,13,69,https://www.youtube.com/watch?v=eRqxOtuHRaU,33,17,69,https://www.youtube.com/watch?v=eRqxOtuHRaU,37,6,40,https://www.youtube.com/watch?v=_v_A-CGGY3E,903,30,27,30,https://www.twitch.tv/videos/2029313568
91025114208d41b2bff535d6e277017e,1160,47048,45,18,130,https://www.youtube.com/watch?v=r7koc2oX2Zg,45,18,130,https://www.youtube.com/watch?v=r7koc2oX2Zg,0,0,0,,0,0,0,0,
ad43fda31b7842dc8e7854840b974614,1160,40094,52,16,93,https://www.youtube.com/watch?v=Sj9LO3b7nOY,52,16,93,https://www.youtube.com/watch?v=Sj9LO3b7nOY,0,0,0,,0,0,0,0,
90405cb21f7743639684632f6bc57a46,1160,4946,52,32,62,https://www.youtube.com/watch?v=dSLmbIP-aw4,52,32,62,https://www.youtube.com/watch?v=dSLmbIP-aw4,0,0,0,,0,0,0,0,
ed28c754bb704dbf8a296f7008c2b5e4,1150,52036,61,33,301,https://www.youtube.com/watch?v=fAQUkEWkuiA,59,32,282,https://www.youtube.com/watch?v=qyOFbjltiLo,87,47,301,https://www.youtube.com/watch?v=fAQUkEWkuiA,742,82,67,322,https://www.twitch.tv/videos/2025271052
445a732fc0f64712b3213b4cd98fbdd3,1150,20168,261,93,2860,https://www.youtube.com/watch?v=vq-pjm5KBwo,261,93,2860,https://www.youtube.com/watch?v=vq-pjm5KBwo,0,0,0,,469,0,0,0,
37df80920d2b4363b3fd69fd3c6be31c,1150,0,0,0,0,,0,0,0,,0,0,0,,0,0,0,0,
c6ce333916b446d48d27be05df1a218e,1150,14162,57,39,86,https://www.youtube.com/watch?v=DHJpi6-CqCU,57,39,86,https://www.youtube.com/watch?v=DHJpi6-CqCU,0,0,0,,442,28,24,195,https://www.twitch.tv/videos/2017961999
ba654048cca44792b683eb7c929654aa,1150,61213,219,154,436,https://www.youtube.com/watch?v=imubhc-F_Ik,219,154,436,https://www.youtube.com/watch?v=imubhc-F_Ik,0,0,0,,0,0,0,0,
e9a30300d33f4c2e9b1c3bd1d64148cc,1140,22405,87,42,229,https://www.youtube.com/watch?v=QMWwa0veyQw,87,42,229,https://www.youtube.com/watch?v=QMWwa0veyQw,0,0,0,,0,0,0,0,
d1f20b59a19e4ec499d423a7ba65d602,1140,28860,0,0,0,,0,0,0,,0,0,0,,0,0,0,0,
9e5e58a212584007b1ab1f22f5c59438,1140,73501,150,56,258,https://www.youtube.com/watch?v=rBFJScdI3MA,150,56,258,https://www.youtube.com/watch?v=rBFJScdI3MA,0,0,0,,0,0,0,0,
218f418c23084e87a498d1c4fad724ae,1140,0,0,0,0,,0,0,0,,0,0,0,,0,0,0,0,
7adb64ec154e4c4995c21c15f849eb9f,1140,33740,0,0,0,,0,0,0,,0,0,0,,0,0,0,0,
1e71d9b4bbb1411b84e1aa428a79c9bc,1140,17722,110,44,1784,https://www.youtube.com/watch?v=E8TQw_PgmP0,110,45,169,https://www.youtube.com/watch?v=5bDGlpejjUI,69,24,1784,https://www.youtube.com/watch?v=E8TQw_PgmP0,0,0,0,0,
8483ae3c14ca488394d427d271854d88,1140,17268,100,41,472,https://www.youtube.com/watch?v=RmupAX-NfUo,100,41,472,https://www.youtube.com/watch?v=RmupAX-NfUo,0,0,0,,0,0,0,0,
6f56b6d6dc114fd494cacb95948cb815,1140,13684,100,38,167,https://www.youtube.com/watch?v=RLwKd8F-hug,102,42,167,https://www.youtube.com/watch?v=RLwKd8F-hug,35,34,35,https://www.youtube.com/watch?v=ryqSOLvpMIo,0,0,0,0,
a66441bdef584fe0806c4be0fd2cf53a,1130,42546,181,132,181,https://www.youtube.com/watch?v=kUZlEVw3T5E,181,132,181,https://www.youtube.com/watch?v=kUZlEVw3T5E,0,0,0,,0,0,0,0,
d45dc740a9e340c98d3eaf6923baa07a,1130,42455,0,0,0,,0,0,0,,0,0,0,,0,0,0,0,
4d8babea181e44df9855f3aafc06eb2c,1130,22925,214,106,1260,https://www.youtube.com/watch?v=FFOd4PMDmuk,205,96,450,https://www.youtube.com/watch?v=VpMzyS5TEk0,600,410,1260,https://www.youtube.com/watch?v=FFOd4PMDmuk,0,0,0,0,
319383cd0cd4438990dbb916862cdbfc,1130,23594,140,19,164,https://www.youtube.com/watch?v=AIeNO5dgl9w,146,13,164,https://www.youtube.com/watch?v=AIeNO5dgl9w,119,80,145,https://www.youtube.com/watch?v=dREjKpS1Bqw,0,0,0,0,
ba5ed25718a7421cb15cd0ec62df723e,1120,39315,218,108,349,https://www.youtube.com/watch?v=hdccNxAt9sY,218,118,298,https://www.youtube.com/watch?v=wfj2ElYbPHE,247,32,349,https://www.youtube.com/watch?v=hdccNxAt9sY,349,0,0,0,
9a7b7c9c31da44aca5a68395a2e69488,1120,520861,5,2,31,https://www.youtube.com/watch?v=L7xPK9X4rE4,5,2,31,https://www.youtube.com/watch?v=L7xPK9X4rE4,14,1,28,https://www.youtube.com/watch?v=_aFm34qlUTA,91,6,5,16,https://www.twitch.tv/videos/2025093573
a09298c0b6ab4dcda7cfe945f47f445f,1120,27428,47,12,62,https://www.youtube.com/watch?v=ZkQ1hK6SsUw,48,13,62,https://www.youtube.com/watch?v=ZkQ1hK6SsUw,6,5,6,https://www.youtube.com/watch?v=CL5sv_NoTEk,0,0,0,0,
db52957b67e94991b36e41e4a20fb52a,1120,0,0,0,0,,0,0,0,,0,0,0,,52,0,0,0,
84cccbea595d4bc69426d5c75f1ac3a4,1120,50142,89,36,219,https://www.youtube.com/watch?v=QxJ11DqMQ3I,89,36,219,https://www.youtube.com/watch?v=QxJ11DqMQ3I,0,0,0,,0,0,0,0,
73675987096b486287784fc466b881be,1110,75870,125,59,268,https://www.youtube.com/watch?v=N4DIGJ6teZE,125,59,197,https://www.youtube.com/watch?v=EMQK7fRqzn0,165,96,268,https://www.youtube.com/watch?v=N4DIGJ6teZE,0,0,0,0,
325c292889f542688512641841b4ed8a,1110,36622,187,104,3104,https://www.youtube.com/watch?v=Dd9piF7BCHU,165,86,3104,https://www.youtube.com/watch?v=Dd9piF7BCHU,957,516,2162,https://www.youtube.com/watch?v=0a3n1zmk6Kg,0,0,0,0,
ec9a791b8152478b95858b199b866ef9,1110,41425,83,48,106,https://www.youtube.com/watch?v=-1VgLOyLyL4,83,48,106,https://www.youtube.com/watch?v=-1VgLOyLyL4,0,0,0,,382,0,0,0,
e312462015a2454087c9fe83dd939994,1110,6350,117,84,197,https://www.youtube.com/watch?v=rn7CzM83WSc,106,91,197,https://www.youtube.com/watch?v=rn7CzM83WSc,128,57,128,https://www.youtube.com/watch?v=2VjKraVAIM8,0,0,0,0,
793ec2d37c544cc7915d3dc3e9902e1d,1110,27161,77,29,1977,https://www.youtube.com/watch?v=ejH79GcP7dU,62,24,176,https://www.youtube.com/watch?v=OEv5eePqEYc,677,116,1977,https://www.youtube.com/watch?v=ejH79GcP7dU,891,134,110,134,https://www.twitch.tv/videos/2026473586
c964cb46cc9d411aaca372f9e459d2dc,1110,52197,0,0,0,,0,0,0,,0,0,0,,178,32,25,37,https://www.twitch.tv/videos/2028191263
c1aa10208a06439481231599b25845b0,1110,21841,89,37,789,https://www.youtube.com/watch?v=RjOxiQSEDsc,98,42,789,https://www.youtube.com/watch?v=RjOxiQSEDsc,36,4,46,https://www.youtube.com/watch?v=vgiDouJy06g,0,0,0,0,
a5c12a1268af408c9a3ed6adbb72c53c,1100,55517,33,18,54,https://www.youtube.com/watch?v=QYd0cR2kKSw,33,18,54,https://www.youtube.com/watch?v=QYd0cR2kKSw,0,0,0,,0,0,0,0,
2a897c484c05483f9a46467e8f448314,1100,58556,131,72,1053,https://www.youtube.com/watch?v=l9OZOQOd1Xw,119,47,260,https://www.youtube.com/watch?v=jtEYZqOCe0M,301,89,1053,https://www.youtube.com/watch?v=l9OZOQOd1Xw,2676,0,0,0,
515abc7c33164a98be134d1c7fec84e2,1100,27712,0,0,0,,0,0,0,,0,0,0,,259,0,0,0,
45d38ce14fb644c0890823d444a33276,1100,19664,0,0,0,,0,0,0,,0,0,0,,0,0,0,0,
48e18dcee4e640c6b5ede6a8bdc84ade,1090,20433,0,0,0,,0,0,0,,0,0,0,,0,0,0,0,
1e06211caf4f4afa98125699a4c66b5d,1090,0,0,0,0,,0,0,0,,0,0,0,,0,0,0,0,
e66d389ebb604096bfa99178e1a13c27,1080,9866,39,9,95,https://www.youtube.com/watch?v=L9nDxd7ZE_8,39,9,95,https://www.youtube.com/watch?v=L9nDxd7ZE_8,0,0,0,,2895,89,63,157,https://www.twitch.tv/videos/2017762790
6c4992a47ccc4c3bb997d3c49ddc2ec8,1080,21441,127,69,412,https://www.youtube.com/watch?v=y_9fZ5Hrhz4,139,84,412,https://www.youtube.com/watch?v=y_9fZ5Hrhz4,79,56,214,https://www.youtube.com/watch?v=mhKmVJsxgbI,306,133,127,183,https://www.twitch.tv/videos/2023431792
7a9b7ab0d5bd411195d77800ff778a90,1080,17475,13,5,23,https://www.youtube.com/watch?v=TC9MAPf_isk,0,0,0,,13,5,23,https://www.youtube.com/watch?v=TC9MAPf_isk,55,0,0,0,
da503b835e2a41d58433ebf6960db356,1080,20922,112,40,417,https://www.youtube.com/watch?v=ZZ0jnAb5Uzk,160,51,417,https://www.youtube.com/watch?v=ZZ0jnAb5Uzk,31,17,31,https://www.youtube.com/watch?v=WT0egQvUKHY,704,156,109,167,https://www.twitch.tv/videos/2027366478
364f94fc7493453e9f53787ade8e35c6,1070,155915,0,0,0,,0,0,0,,0,0,0,,10,0,0,0,
2f80e2f83d254bbdbf48b9c8b3fca995,1070,28331,139,72,883,https://www.youtube.com/watch?v=SsNKL5tatKc,140,95,883,https://www.youtube.com/watch?v=SsNKL5tatKc,102,33,139,https://www.youtube.com/watch?v=vbEkznVTweU,0,0,0,0,
d0c2bb3e9091413e8d245bdc217e9420,1070,23882,108,51,809,https://www.youtube.com/watch?v=rU3tY-7UtnQ,101,48,399,https://www.youtube.com/watch?v=l8wQMv70NQY,186,138,809,https://www.youtube.com/watch?v=rU3tY-7UtnQ,0,0,0,0,
3588ee10f67c4911b544e48223c57c7d,1070,21240,0,0,0,,0,0,0,,0,0,0,,0,0,0,0,
3d33f15ad27c406abfd68d6c16e0b53d,1070,68681,69,19,69,https://www.youtube.com/watch?v=DQm67My_Tl0,0,0,0,,69,19,69,https://www.youtube.com/watch?v=DQm67My_Tl0,0,0,0,0,
a60c8fc0a1324bf8b65053231ee22373,1070,374106,83,46,10648,https://www.youtube.com/watch?v=kYw8qPxYyG4,41,26,83,https://www.youtube.com/watch?v=znwOZa4hZbE,874,164,10648,https://www.youtube.com/watch?v=kYw8qPxYyG4,62,6,4,12,https://www.twitch.tv/videos/2030158610
6e845fd52d044ab598cc4ca35ba91f88,1060,7048,0,0,0,,0,0,0,,0,0,0,,0,0,0,0,
2f966e51210f49ba9dce2ac90e3ada18,1050,19082,684,582,684,https://www.youtube.com/watch?v=jiT8XQF7cjQ,0,0,0,,684,582,684,https://www.youtube.com/watch?v=jiT8XQF7cjQ,412,34,23,52,https://www.twitch.tv/videos/2021462282
b80c21b76e7849f0a0fa94194fe2ad4b,1050,15149,38,7,133,https://www.youtube.com/watch?v=vtQsTi5iFeI,63,20,133,https://www.youtube.com/watch?v=vtQsTi5iFeI,22,6,28,https://www.youtube.com/watch?v=s8WBDhU_foU,335,129,67,129,https://www.twitch.tv/videos/2017927297
d9205a7681c74bacae6e0c413aff1ab1,1050,27058,130,47,2376,https://www.youtube.com/watch?v=fF3cCh_RhaI,128,47,203,https://www.youtube.com/watch?v=-JJlu0fWYXk,1384,354,2376,https://www.youtube.com/watch?v=fF3cCh_RhaI,0,0,0,0,
78aa93aa7916451982b716f2e8952d38,1050,56429,145,47,145,https://www.youtube.com/watch?v=avIpcPpD60Q,145,47,145,https://www.youtube.com/watch?v=avIpcPpD60Q,0,0,0,,0,0,0,0,
f5a683eeac6b4936b44d547c1e4edbc2,1050,50583,162,94,3268,https://www.youtube.com/watch?v=HIEor-1TGH8,112,52,879,https://www.youtube.com/watch?v=2VwPNN2Ved8,1141,718,3268,https://www.youtube.com/watch?v=HIEor-1TGH8,0,0,0,0,
8b732f3260e0427f9cf795b93ada310a,1050,21582,91,36,613,https://www.youtube.com/watch?v=Cb9O5oN7AhM,85,38,151,https://www.youtube.com/watch?v=9UAFTl7kGsk,233,32,613,https://www.youtube.com/watch?v=Cb9O5oN7AhM,1128,65,49,1040,https://www.twitch.tv/videos/2025463729
4b7ea2bd72234f9882b8e992b622b001,1050,56277,0,0,0,,0,0,0,,0,0,0,,0,0,0,0,
b115a7f57f664800a9f71a25eaf73b92,1050,49292,60,33,123,https://www.youtube.com/watch?v=VL0jZs77yHI,58,29,123,https://www.youtube.com/watch?v=VL0jZs77yHI,83,36,95,https://www.youtube.com/watch?v=cSdz1f4kHL0,0,0,0,0,
7299d6e9ebff46c9ae859fa5c6f27206,1040,19341,35,1,35,https://www.youtube.com/watch?v=fepSwp-8V-4,0,0,0,,35,1,35,https://www.youtube.com/watch?v=fepSwp-8V-4,2367,124,102,312,https://www.twitch.tv/videos/2027359602
78d441a2d6584d078a6ce202238d36b9,1040,23830,27,9,27,https://www.youtube.com/watch?v=r82j7dZSVkE,0,0,0,,27,9,27,https://www.youtube.com/watch?v=r82j7dZSVkE,0,0,0,0,
7259f7e619e943018e64fb24d4d20e34,1040,18321,127,72,1089,https://www.youtube.com/watch?v=zWhDHVFf0dg,127,72,1089,https://www.youtube.com/watch?v=zWhDHVFf0dg,0,0,0,,0,0,0,0,
ad26bb0363ef42c7988f79ef9b07dfcc,1030,49147,0,0,0,,0,0,0,,0,0,0,,0,0,0,0,
303c4cd8cf334f01805afdd8df5adc7f,1030,43730,116,13,165,https://www.youtube.com/watch?v=xBwdtahP7rQ,116,13,165,https://www.youtube.com/watch?v=xBwdtahP7rQ,0,0,0,,0,0,0,0,
f3914ae7ae6541198b6b5f4d63febe48,1030,22542,77,56,142,https://www.youtube.com/watch?v=QSom6TnrME0,88,61,142,https://www.youtube.com/watch?v=QSom6TnrME0,18,5,18,https://www.youtube.com/watch?v=Ec8I8WgrKOc,0,0,0,0,
19a2801d800547e58c6560aa1accf3e4,1030,40088,72,30,165,https://www.youtube.com/watch?v=sjLm0aNDBIc,72,31,128,https://www.youtube.com/watch?v=8RLZR-r3VuQ,98,17,165,https://www.youtube.com/watch?v=sjLm0aNDBIc,251,0,0,0,
b72be2e34f9a41d598ea5332c1facb7b,1030,30635,0,0,0,,0,0,0,,0,0,0,,0,0,0,0,
e46d27918a77488ca5b4144eb1b978df,1030,54719,0,0,0,,0,0,0,,0,0,0,,0,0,0,0,
ee7cfe445bc84d6fa7fff5df6fbf0d32,1020,22310,85,39,183,https://www.youtube.com/watch?v=Z-AWj8i0T5Y,85,39,183,https://www.youtube.com/watch?v=Z-AWj8i0T5Y,0,0,0,,558,267,202,711,https://www.twitch.tv/videos/2026305026
46a8009adbca4aa083af580b50b69306,1020,18784,13,4,50,https://www.youtube.com/watch?v=iw9bEF4w1xg,13,4,50,https://www.youtube.com/watch?v=iw9bEF4w1xg,0,0,0,,429,11,7,17,https://www.twitch.tv/videos/2027337562
a823412858b749f7bd2bff3739ec55b7,1020,38006,81,60,283,https://www.youtube.com/watch?v=1NsrgiRoKSM,80,57,233,https://www.youtube.com/watch?v=PyacJUGye1I,283,242,283,https://www.youtube.com/watch?v=1NsrgiRoKSM,368,0,0,0,
0d7502e74c394a7f82a07c31fee877ff,1020,32984,16,6,38,https://www.youtube.com/watch?v=YpuaMQz_0zs,0,0,0,,16,6,38,https://www.youtube.com/watch?v=YpuaMQz_0zs,0,0,0,0,
61e81c6f534247b486b8125bd34fa960,1020,57375,763,456,1428,https://www.youtube.com/watch?v=F6PID7e5F78,0,0,0,,763,456,1428,https://www.youtube.com/watch?v=F6PID7e5F78,18159,902,387,12472,https://www.twitch.tv/videos/2009964835
0f6d2110d7fa4f298e4345745a7e71b1,1010,22641,0,0,0,,0,0,0,,0,0,0,,0,0,0,0,
54a8fe908e2040bfb366aca0e67cc23f,1010,19731,45,30,81,https://www.youtube.com/watch?v=LYCRW9Rikbc,45,30,81,https://www.youtube.com/watch?v=LYCRW9Rikbc,0,0,0,,0,0,0,0,
041976bda8b8410a99af25fc4cb87970,1010,13968,96,48,223,https://www.youtube.com/watch?v=tT7K0KEl51w,96,46,223,https://www.youtube.com/watch?v=tT7K0KEl51w,148,145,148,https://www.youtube.com/watch?v=Y02rLB_6xHc,21,23,17,23,https://www.twitch.tv/videos/2025273624
b839a67d928b4d8a9340bf0184be0a7d,1010,72173,0,0,0,,0,0,0,,0,0,0,,0,0,0,0,
95f8bb8a92c1450b8b5993f740b39338,1010,283155,1379,275,10438,https://www.youtube.com/watch?v=pc8ZVYWTveU,64,28,125,https://www.youtube.com/watch?v=9Y0YV0lb070,3058,1469,10438,https://www.youtube.com/watch?v=pc8ZVYWTveU,121,13,11,18,https://www.twitch.tv/videos/2027370002
7c88a51800fd4984ad24ba803d3760dd,1000,15177,0,0,0,,0,0,0,,0,0,0,,0,0,0,0,
20bfe5495db6453eaadbc55322c856f9,1000,29688,74,53,74,https://www.youtube.com/watch?v=_Ajn8pVZ_l0,74,53,74,https://www.youtube.com/watch?v=_Ajn8pVZ_l0,0,0,0,,0,0,0,0,
838f883ea01f431f97bfe9dbf3064422,1000,32517,82,33,96,https://www.youtube.com/watch?v=UVGenRMoZ98,96,54,96,https://www.youtube.com/watch?v=UVGenRMoZ98,69,12,69,https://www.youtube.com/watch?v=i0-zGM5g1tY,101,0,0,0,
46388caf23e34f09b145fff0fa25b897,1000,37552,0,0,0,,0,0,0,,0,0,0,,739,135,73,135,https://www.twitch.tv/videos/2018712093
00156e6583fe4923b7a32d8564e3ea4c,1000,28040,0,0,0,,0,0,0,,0,0,0,,262,56,51,56,https://www.twitch.tv/videos/2029327921
2efe1ad069184a7e94b0583b452ffac4,1000,64813,43,23,98,https://www.youtube.com/watch?v=vBTxGgbBAl4,43,25,98,https://www.youtube.com/watch?v=vBTxGgbBAl4,49,9,59,https://www.youtube.com/watch?v=sR59Ig9R6qs,0,0,0,0,
1eef416d7ad94b6aa728e10d6da10304,1000,47657,0,0,0,,0,0,0,,0,0,0,,0,0,0,0,
64ae0a79da14460e85e36ee3c7f7759f,994,39878,0,0,0,,0,0,0,,0,0,0,,0,0,0,0,
b4de9155a5f34284a41224c38e70c67e,991,36889,18,1,22,https://www.youtube.com/watch?v=W5v8zGCutbw,22,1,22,https://www.youtube.com/watch?v=W5v8zGCutbw,14,2,14,https://www.youtube.com/watch?v=9-Rjuk0AMk4,43,0,0,0,
5f9ded46df28474bbd1470d761700f30,987,637930,6,1,10,https://www.youtube.com/watch?v=y2mGD8-T5wQ,7,1,10,https://www.youtube.com/watch?v=y2mGD8-T5wQ,4,1,6,https://www.youtube.com/watch?v=FI0XaT3esyc,712,85,37,106,https://www.twitch.tv/videos/2007370475
9deb096c2fb943a7ae7487bf25e28026,986,48212,131,74,303,https://www.youtube.com/watch?v=QvOwMqPypCY,138,77,303,https://www.youtube.com/watch?v=QvOwMqPypCY,116,67,259,https://www.youtube.com/watch?v=7dE_umGIJ98,836,157,123,279,https://www.twitch.tv/videos/2025502635
6e6fd1311d2f42228faa8b1ccb0fa589,984,39619,129,38,230,https://www.youtube.com/watch?v=8gTDyHe44Uc,110,60,150,https://www.youtube.com/watch?v=pG6eGMI6fl4,230,19,230,https://www.youtube.com/watch?v=8gTDyHe44Uc,0,0,0,0,
5396c3113555413f8b8d722d44b413d3,978,19027,84,1,84,https://www.youtube.com/watch?v=2Egp6pffGZI,84,1,84,https://www.youtube.com/watch?v=2Egp6pffGZI,0,0,0,,0,0,0,0,
6cd8cdc530d14e2d9d0a9cd20cb6b05c,977,28078,76,35,632,https://www.youtube.com/watch?v=saC3DyH5Vso,69,27,179,https://www.youtube.com/watch?v=LikDTE0C4Mc,480,176,632,https://www.youtube.com/watch?v=saC3DyH5Vso,0,0,0,0,
b596a01b8b6a48e4a96cb67b2d5cdccd,974,38692,0,0,0,,0,0,0,,0,0,0,,412,26,21,26,https://www.twitch.tv/videos/2026458541
7d6a4fa5389c461bb553b8190c5e951f,971,52700,0,0,0,,0,0,0,,0,0,0,,0,0,0,0,
25b1a8ceab1d439491fb4e98013cd0fc,969,24802,88,50,218,https://www.youtube.com/watch?v=qYqq1c3SJLU,88,50,218,https://www.youtube.com/watch?v=qYqq1c3SJLU,0,0,0,,550,92,26,92,https://www.twitch.tv/videos/2011790271
7a0eb6cbe5a94663888ef35a63ab3b5a,964,24713,81,25,81,https://www.youtube.com/watch?v=aOQwSkR3zeo,0,0,0,,81,25,81,https://www.youtube.com/watch?v=aOQwSkR3zeo,919,141,98,192,https://www.twitch.tv/videos/2023332622
b5d3dfb81219492cb11a34291aab8cc8,961,26848,60,29,68,https://www.youtube.com/watch?v=i41JiySRnM8,60,29,68,https://www.youtube.com/watch?v=i41JiySRnM8,0,0,0,,0,0,0,0,
018244f1ad404c9eaa4ddf747c3bafa0,960,110854,100,51,185,https://www.youtube.com/watch?v=9UtKtM-Gzic,100,51,185,https://www.youtube.com/watch?v=9UtKtM-Gzic,0,0,0,,0,0,0,0,
021e4f709f1a4c56b8cd200c476db3e7,958,21141,2129,718,2129,https://www.youtube.com/watch?v=p7QAtDks90Q,2129,718,2129,https://www.youtube.com/watch?v=p7QAtDks90Q,0,0,0,,0,0,0,0,
15711ba2b93a46c295901d775aaf314e,954,31315,0,0,0,,0,0,0,,0,0,0,,0,0,0,0,
bf03fd8b5b55481590ea63338c5cdd20,952,8962,283,245,722,https://www.youtube.com/watch?v=FCEdsWiesQE,283,245,722,https://www.youtube.com/watch?v=FCEdsWiesQE,0,0,0,,1251,0,0,0,
4b9b64309ea0491bbde3b86b6c34bdd0,951,57887,92,24,185,https://www.youtube.com/watch?v=zpT6E1_zB1I,92,24,185,https://www.youtube.com/watch?v=zpT6E1_zB1I,0,0,0,,0,0,0,0,
8d8b1382b7154504819e1db08ecbe8ee,951,12695,61,29,87,https://www.youtube.com/watch?v=yS6Nu2TvDQQ,76,36,87,https://www.youtube.com/watch?v=yS6Nu2TvDQQ,42,23,42,https://www.youtube.com/watch?v=bZ3TLHVQ1AY,0,0,0,0,
9b5ec085252a4f6e9ba04cac0ad49e65,943,45293,81,35,125,https://www.youtube.com/watch?v=syyi929G8NM,0,0,0,,81,35,125,https://www.youtube.com/watch?v=syyi929G8NM,2190,871,657,1276,https://www.twitch.tv/videos/2018827805
d70830a282b9446f89bc9d82c88b8db3,941,59540,71,33,139,https://www.youtube.com/watch?v=lKSjtKEXBMM,71,33,139,https://www.youtube.com/watch?v=lKSjtKEXBMM,0,0,0,,231,0,0,0,
091ac99f10804fe3b417a0f285731b4e,941,40193,62,22,128,https://www.youtube.com/watch?v=ukoLriFYWSs,62,22,128,https://www.youtube.com/watch?v=ukoLriFYWSs,0,0,0,,313,73,45,94,https://www.twitch.tv/videos/2028245028
f9f38aebd04f4a219e165e0c6e1fb347,940,14844,0,0,0,,0,0,0,,0,0,0,,0,0,0,0,
34973abcef4e41b29add2b476ce0a7fb,940,10979,0,0,0,,0,0,0,,0,0,0,,20,0,0,0,
f1020d6d2f904704a363cf21806327a1,937,17032,0,0,0,,0,0,0,,0,0,0,,216,0,0,0,
a5647aba47dc4bb48eaa0cde6de7c6bd,936,38664,79,35,114,https://www.youtube.com/watch?v=qap285eWvXw,79,35,114,https://www.youtube.com/watch?v=qap285eWvXw,0,0,0,,0,0,0,0,
fbfe453800444cdd8a35eb8abf365f32,935,53763,33,11,39,https://www.youtube.com/watch?v=Ee2Ys0pIzxw,33,11,39,https://www.youtube.com/watch?v=Ee2Ys0pIzxw,0,0,0,,0,0,0,0,
3b9a06751f3c415993d424480d4d5060,932,120618,56,22,122,https://www.youtube.com/watch?v=qjzxHotpQmo,55,19,77,https://www.youtube.com/watch?v=vYOzMGWH2ZA,78,23,122,https://www.youtube.com/watch?v=qjzxHotpQmo,0,0,0,0,
607a7be9721741c48e2901609c294ada,930,70752,13,10,13,https://www.youtube.com/watch?v=aCbGpiH9FEc,13,10,13,https://www.youtube.com/watch?v=aCbGpiH9FEc,0,0,0,,1574,60,49,60,https://www.twitch.tv/videos/2026449236
cbc46416a6eb4c66952dd5c2c7602e2b,929,25918,0,0,0,,0,0,0,,0,0,0,,0,0,0,0,
aab094af87d74f3cbcb332bdac03fa23,924,13610,47,18,217,https://www.youtube.com/watch?v=4ZxZTldkTG4,48,21,217,https://www.youtube.com/watch?v=4ZxZTldkTG4,22,9,22,https://www.youtube.com/watch?v=oAPtgokK1cU,0,0,0,0,
d552c8b266414973b7044a2bd737a549,923,16879,0,0,0,,0,0,0,,0,0,0,,92,0,0,0,
c03a8219bd254619959f9308af6a3bba,922,17039,46,18,81,https://www.youtube.com/watch?v=akCZnSHmy6w,37,32,37,https://www.youtube.com/watch?v=cXr_ASVfOxQ,55,10,81,https://www.youtube.com/watch?v=akCZnSHmy6w,163,12,10,12,https://www.twitch.tv/videos/2027936690
034c0cb04f884faa8f2b6a02ff090ad1,920,0,0,0,0,,0,0,0,,0,0,0,,0,0,0,0,
aff718d907904c398ec8d685b71436a1,919,12056,89,41,125,https://www.youtube.com/watch?v=1v9_TOhv4s4,91,41,125,https://www.youtube.com/watch?v=1v9_TOhv4s4,70,40,70,https://www.youtube.com/watch?v=pUv28jmfwNM,298,0,0,0,
6ef3b507ab8e41d499c59d8cf8b65202,919,0,0,0,0,,0,0,0,,0,0,0,,0,0,0,0,
8b810380ed254a5e8a85b65552ba4e61,918,28751,0,0,0,,0,0,0,,0,0,0,,6949,1493,774,3553,https://www.twitch.tv/videos/2005478735
accb26f2db2746e898b68ab07dd3c5bc,917,43710,41,19,181,https://www.youtube.com/watch?v=fldQJJjkXOc,41,20,181,https://www.youtube.com/watch?v=fldQJJjkXOc,28,3,61,https://www.youtube.com/watch?v=gs83iZpIulg,230,0,0,0,
c26ea894da5741df9e1bc62044f6bce7,917,3827,4,0,11,https://www.youtube.com/watch?v=Vx5nDYIyyQQ,0,0,0,,4,0,11,https://www.youtube.com/watch?v=Vx5nDYIyyQQ,177,138,97,165,https://www.twitch.tv/videos/2018928882
db4fd03c50654057bd32b9201666b345,916,82085,65,44,495,https://www.youtube.com/watch?v=4Yf-5-WtEKc,60,28,495,https://www.youtube.com/watch?v=4Yf-5-WtEKc,201,121,258,https://www.youtube.com/watch?v=ROumbTpGcG8,2066,223,157,301,https://www.twitch.tv/videos/2017919321
f702d43aeff84979ad97438d0b1d8bcc,915,8364,8,4,346,https://www.youtube.com/watch?v=Ky4-24EL4go,0,0,0,,8,4,346,https://www.youtube.com/watch?v=Ky4-24EL4go,169,112,83,186,https://www.twitch.tv/videos/2022408336
a2188c1a225e4f93a64e3385fa02d779,914,43986,40,34,101,https://www.youtube.com/watch?v=dXBn7cVjIqE,75,54,75,https://www.youtube.com/watch?v=hM_EALgpkxs,36,26,101,https://www.youtube.com/watch?v=dXBn7cVjIqE,0,0,0,0,
f560e7811b454fe489044165c53dba83,911,34435,66,32,170,https://www.youtube.com/watch?v=dduSCmlBWTk,66,32,170,https://www.youtube.com/watch?v=dduSCmlBWTk,0,0,0,,0,0,0,0,
e2e79e4b7c8f41c7be66dfc9e5da1da6,910,15205,0,0,0,,0,0,0,,0,0,0,,1301,0,0,0,
7c18bc597298484c8f2925759fc1ac4a,906,43684,178,110,352,https://www.youtube.com/watch?v=ohW6N06gZXQ,178,110,352,https://www.youtube.com/watch?v=ohW6N06gZXQ,0,0,0,,311,177,161,330,https://www.twitch.tv/videos/2025332310
7df81b926eec4a998d5ffcd67b59ff5e,905,42612,117,53,227,https://www.youtube.com/watch?v=aXKNa8boHiU,117,53,227,https://www.youtube.com/watch?v=aXKNa8boHiU,0,0,0,,0,0,0,0,
6efa004da8424662bae62d420d82d722,902,55624,0,0,0,,0,0,0,,0,0,0,,0,0,0,0,
6df15d678de844d1a7f08226c02d6183,902,4123,0,0,0,,0,0,0,,0,0,0,,0,0,0,0,
995bff308e7f4df3aa33305fc0ddde8e,901,33760,57,39,81,https://www.youtube.com/watch?v=cRXEeI_ybc4,57,39,81,https://www.youtube.com/watch?v=cRXEeI_ybc4,0,0,0,,0,0,0,0,
e212d468e3e64ad5b8f22f61bc4e06f7,901,27209,37,23,113,https://www.youtube.com/watch?v=Py4aWhinRMU,38,26,113,https://www.youtube.com/watch?v=Py4aWhinRMU,12,6,12,https://www.youtube.com/watch?v=ZVCl_Esu44Q,0,0,0,0,
956591dc2e40411688b8f8e3079bc5e3,900,66165,106,60,227,https://www.youtube.com/watch?v=-W3j0o5NJh0,105,60,227,https://www.youtube.com/watch?v=-W3j0o5NJh0,227,26,227,https://www.youtube.com/watch?v=SFcKTrHYl60,0,0,0,0,
0ab16bd60230422d97f73e6810be221c,898,35457,104,42,376,https://www.youtube.com/watch?v=jkIrZ3z-Zq8,103,38,376,https://www.youtube.com/watch?v=jkIrZ3z-Zq8,180,45,180,https://www.youtube.com/watch?v=hw1wQRdK6h8,0,0,0,0,
10c8c9b647e7464f9d95c7c1a865da01,897,22677,58,33,209,https://www.youtube.com/watch?v=tzlxwqjTT1U,57,30,128,https://www.youtube.com/watch?v=6h_qeJMpsr8,150,48,209,https://www.youtube.com/watch?v=tzlxwqjTT1U,1252,46,35,492,https://www.twitch.tv/videos/2018042349
58bb51ba1bba485a98cbf859fb5687f4,895,17123,76,65,3125,https://www.youtube.com/watch?v=E9GgngIakMI,76,65,128,https://www.youtube.com/watch?v=F2E829AiCKg,1599,729,3125,https://www.youtube.com/watch?v=E9GgngIakMI,1653,0,0,0,
b84f2dfff8ce4ca1af82bfc44405f1e7,891,34059,46,27,134,https://www.youtube.com/watch?v=4B5-jHb_CWo,42,21,122,https://www.youtube.com/watch?v=KXgDWTeT3fY,81,53,134,https://www.youtube.com/watch?v=4B5-jHb_CWo,0,0,0,0,
0ec3bf23ccba41659f6d91e424fb2b4a,888,33826,166,83,2065,https://www.youtube.com/watch?v=KZzd3fo9pmg,138,73,203,https://www.youtube.com/watch?v=Lp1eRfw9Dbo,2065,1753,2065,https://www.youtube.com/watch?v=KZzd3fo9pmg,0,0,0,0,
5da1b6db7796434f9180d2f5e210ea6c,886,25834,65,34,131,https://www.youtube.com/watch?v=xVFytyNFXW4,68,37,131,https://www.youtube.com/watch?v=xVFytyNFXW4,51,19,129,https://www.youtube.com/watch?v=wzxfMwVrHo8,0,0,0,0,
bb1cda940e0a44b3a25f3e368c19c490,885,17408,107,60,250,https://www.youtube.com/watch?v=704b7hljj_w,107,60,250,https://www.youtube.com/watch?v=704b7hljj_w,0,0,0,,0,0,0,0,
80ab9bb70476442a9d426cff2626046e,882,31239,219,126,3633,https://www.youtube.com/watch?v=e9aUrbOnuoM,208,172,285,https://www.youtube.com/watch?v=GcJSOlnIIMo,248,117,3633,https://www.youtube.com/watch?v=e9aUrbOnuoM,0,0,0,0,
85aa19ec73ce4db08ba1bf3d0f1807ce,881,35945,0,0,0,,0,0,0,,0,0,0,,0,0,0,0,
a8e44e51a99c487694e2525dc57c85ca,870,38871,79,23,156,https://www.youtube.com/watch?v=a0QOs6nzypc,0,0,0,,79,23,156,https://www.youtube.com/watch?v=a0QOs6nzypc,385,66,33,66,https://www.twitch.tv/videos/2017773134
3a963b6901c7467da3d9c8bd74df9da6,870,28689,158,88,239,https://www.youtube.com/watch?v=n19mVoWvErE,77,44,77,https://www.youtube.com/watch?v=enD2qZNdq0E,239,131,239,https://www.youtube.com/watch?v=n19mVoWvErE,0,0,0,0,
399a496d028447a58924b2660d0fc187,864,10333,0,0,0,,0,0,0,,0,0,0,,0,0,0,0,
bb56715066e548c297232372a16ab083,862,52235,0,0,0,,0,0,0,,0,0,0,,1299,24,15,66,https://www.twitch.tv/videos/2019423995
9031798ec1884b52b17df470b6c379b2,860,26478,106,41,140,https://www.youtube.com/watch?v=SrZko4B2CZo,100,37,140,https://www.youtube.com/watch?v=SrZko4B2CZo,119,44,119,https://www.youtube.com/watch?v=0pr0Ggz0oic,0,0,0,0,
689bcf2176f84f86a4fb53800f25ea7a,859,1469,0,0,0,,0,0,0,,0,0,0,,0,0,0,0,
3df940c5d9d3488b941948d3e21c8edc,857,3167,0,0,0,,0,0,0,,0,0,0,,0,0,0,0,
2450f1c7cf8f46c8aa30afaa922c9642,856,16742,45,9,116,https://www.youtube.com/watch?v=tayLAxeKgOI,57,10,116,https://www.youtube.com/watch?v=tayLAxeKgOI,30,8,44,https://www.youtube.com/watch?v=HElbVYHjUtQ,316,71,40,74,https://www.twitch.tv/videos/2018813587
ef03340f293242f89fe15f2f828dbf7f,855,5527,46,16,155,https://www.youtube.com/watch?v=Tz5wfGMTO_w,47,19,155,https://www.youtube.com/watch?v=Tz5wfGMTO_w,36,3,36,https://www.youtube.com/watch?v=KweDimhmgeM,229,28,18,39,https://www.twitch.tv/videos/2022436324
d57b7459ef5949ef96672a96fb33d8a2,854,29161,194,131,2566,https://www.youtube.com/watch?v=EGYTwMUrVZ8,194,131,524,https://www.youtube.com/watch?v=-XeBsfP-SAM,1047,780,2566,https://www.youtube.com/watch?v=EGYTwMUrVZ8,0,0,0,0,
b586a78c976b44859e93d12f47bef826,854,23814,0,0,0,,0,0,0,,0,0,0,,0,0,0,0,
95fa8eef249d4edca59594271fedc487,853,24120,0,0,0,,0,0,0,,0,0,0,,0,0,0,0,
8a5468bc4c7d44989e5ee4864a9b941a,852,65946,60,14,100,https://www.youtube.com/watch?v=K4XKFRPHrng,60,14,100,https://www.youtube.com/watch?v=K4XKFRPHrng,0,0,0,,0,0,0,0,
0294dc5e3fb14312b472bb05af5ad329,850,21451,0,0,0,,0,0,0,,0,0,0,,0,0,0,0,
a6a789d93f3a4352b251a51b43f98d2c,848,16159,217,86,1462,https://www.youtube.com/watch?v=eHRrSOiBeoo,207,82,264,https://www.youtube.com/watch?v=wRSrjPS5sZ0,1462,450,1462,https://www.youtube.com/watch?v=eHRrSOiBeoo,0,0,0,0,
3410ce8f1b78487f8025485a6c09b1b8,847,22932,81,49,155,https://www.youtube.com/watch?v=D_Dv35R8jWY,81,49,155,https://www.youtube.com/watch?v=D_Dv35R8jWY,0,0,0,,0,0,0,0,
2cc874f341184fb799b01c399477c0b4,847,29197,167,100,1487,https://www.youtube.com/watch?v=9ZZx6N97CVc,157,76,222,https://www.youtube.com/watch?v=WT4P3OmNvIs,393,269,1487,https://www.youtube.com/watch?v=9ZZx6N97CVc,144,0,0,0,
7c6d1a181c90471887696ff9637aed03,847,26695,0,0,0,,0,0,0,,0,0,0,,0,0,0,0,
30bc516401f24514aaecce081979ab50,846,14286,34,14,34,https://www.youtube.com/watch?v=9LPz-eRdlLg,0,0,0,,34,14,34,https://www.youtube.com/watch?v=9LPz-eRdlLg,0,0,0,0,
bdcf0d95e6544ebaaddbfba94839cd6b,845,23636,90,25,263,https://www.youtube.com/watch?v=AK0RxF7N-uo,108,35,151,https://www.youtube.com/watch?v=27yNf9_X9nY,36,10,263,https://www.youtube.com/watch?v=AK0RxF7N-uo,0,0,0,0,
8e2559d9a7714ecd9cb0448b4d28f8d2,842,23219,0,0,0,,0,0,0,,0,0,0,,4478,150,97,311,https://www.twitch.tv/videos/2017852228
9e05802075c343a3bf2778550d5157da,842,22396,58,13,222,https://www.youtube.com/watch?v=cEE3xv89q0Y,63,31,222,https://www.youtube.com/watch?v=cEE3xv89q0Y,34,7,85,https://www.youtube.com/watch?v=ONl-49XCBGM,0,0,0,0,
a1ef171711404951a987f4c9bc5e64f0,838,42383,79,57,83,https://www.youtube.com/watch?v=4bSSt3EaIzg,79,65,80,https://www.youtube.com/watch?v=M8Oa2bNI5EQ,65,50,83,https://www.youtube.com/watch?v=4bSSt3EaIzg,0,0,0,0,
a6dfb7b286fe43ebbec2fd53b9cf032c,836,5073,42,15,57,https://www.youtube.com/watch?v=KKLey41TlCY,42,15,57,https://www.youtube.com/watch?v=KKLey41TlCY,0,0,0,,0,0,0,0,
684aeef535fb4dd2a483746cdaab5065,833,51834,65,34,172,https://www.youtube.com/watch?v=oi_DUuYPhSQ,60,19,71,https://www.youtube.com/watch?v=OX5m6gxEeZ4,172,77,172,https://www.youtube.com/watch?v=oi_DUuYPhSQ,151,0,0,0,
5b85294949544a5f8855715acadf66a5,833,16751,111,55,147,https://www.youtube.com/watch?v=rB5FKghCweQ,111,55,147,https://www.youtube.com/watch?v=rB5FKghCweQ,0,0,0,,725,68,46,106,https://www.twitch.tv/videos/2029979248
2e8c364f691740dd81c0fa61727a9790,832,156117,45,23,62,https://www.youtube.com/watch?v=-bqmgDMwLTo,32,17,45,https://www.youtube.com/watch?v=_E0v30P10DU,62,45,62,https://www.youtube.com/watch?v=-bqmgDMwLTo,3000,93,31,235,https://www.twitch.tv/videos/2012835107
44ae1f339250472c82d1fc4ffb3610ad,832,29716,115,18,189,https://www.youtube.com/watch?v=2ANcCL-9p7k,157,32,157,https://www.youtube.com/watch?v=nCRrTpa1ktc,74,4,189,https://www.youtube.com/watch?v=2ANcCL-9p7k,599,146,108,319,https://www.twitch.tv/videos/2017603713
686fa700c1ee4d179ed277d5b101f8a4,829,25119,12,2,18,https://www.youtube.com/watch?v=b21RAaSqJGE,0,0,0,,12,2,18,https://www.youtube.com/watch?v=b21RAaSqJGE,0,0,0,0,
ff063abda8d24869b8d34267e673958f,828,0,0,0,0,,0,0,0,,0,0,0,,0,0,0,0,
b79ac08a857c4553921c04c3b14b89ea,828,40333,124,74,805,https://www.youtube.com/watch?v=FW1df1zaNBM,55,23,271,https://www.youtube.com/watch?v=UU6iwAMRlJU,221,105,805,https://www.youtube.com/watch?v=FW1df1zaNBM,423,106,58,187,https://www.twitch.tv/videos/2018850532
73f219fc31294239804b67151318e0a8,828,47360,0,0,0,,0,0,0,,0,0,0,,265,0,0,0,
d9baa82223d04494abd266da86171d95,826,0,0,0,0,,0,0,0,,0,0,0,,667,0,0,0,
13a3d049cda44b9e8da24006e642dd78,822,22968,0,0,0,,0,0,0,,0,0,0,,2870,336,260,336,https://www.twitch.tv/videos/2025108868
853afd5eb42e4f61bb0f9478aa8c1661,822,13289,0,0,0,,0,0,0,,0,0,0,,0,0,0,0,
cfa15a7e93824927ad4b84a519b0ab68,822,102697,95,34,765,https://www.youtube.com/watch?v=FWAule1omJ0,48,14,309,https://www.youtube.com/watch?v=EB4Ee9ROPmQ,181,93,765,https://www.youtube.com/watch?v=FWAule1omJ0,0,0,0,0,
f1dff6bebe3a4fa7a4b9c05f91bdc42b,822,0,0,0,0,,0,0,0,,0,0,0,,0,0,0,0,
7ca8ec94cb4640ccb27719cbfc8a8df0,822,34108,94,31,129,https://www.youtube.com/watch?v=4-B3uZsZYRE,94,31,129,https://www.youtube.com/watch?v=4-B3uZsZYRE,0,0,0,,0,0,0,0,
ecbe9a46c7ec4f3d8fe217012c39d490,820,272808,71,27,539,https://www.youtube.com/watch?v=HnkqMWrNS0Y,0,0,0,,71,27,539,https://www.youtube.com/watch?v=HnkqMWrNS0Y,0,0,0,0,
50a5bb8d33e14c81813bd0d02dc34b58,820,0,0,0,0,,0,0,0,,0,0,0,,0,0,0,0,
6db0d51e6ac9410f84f79e57448b8a60,817,84664,90,56,120,https://www.youtube.com/watch?v=9eYygs6CRzo,90,56,120,https://www.youtube.com/watch?v=9eYygs6CRzo,0,0,0,,0,0,0,0,
3e41189706dd483db4e407c295b058ce,815,47846,17,3,70,https://www.youtube.com/watch?v=XDP_u2D8HfA,20,4,70,https://www.youtube.com/watch?v=XDP_u2D8HfA,3,2,43,https://www.youtube.com/watch?v=e_5gcqj4yQo,3038,343,229,964,https://www.twitch.tv/videos/2019494459
687568c1c9254c8ab34e7b6efbdd6dbc,810,81448,90,61,344,https://www.youtube.com/watch?v=aoVEYVC1d4w,90,61,146,https://www.youtube.com/watch?v=8zZ_gesQILs,111,29,344,https://www.youtube.com/watch?v=aoVEYVC1d4w,0,0,0,0,
3c0a36d022cf4d47af7af109819ebfec,809,7263,0,0,0,,0,0,0,,0,0,0,,0,0,0,0,
62c12910ed8543ffaa91b4ad33f71fec,807,9116,0,0,0,,0,0,0,,0,0,0,,0,0,0,0,
29a3d514ca274f6fb966f9d70bed4b52,804,74887,119,48,125,https://www.youtube.com/watch?v=w0K8VmM_Gzw,119,47,119,https://www.youtube.com/watch?v=5aqD6NmZ1a0,100,53,125,https://www.youtube.com/watch?v=w0K8VmM_Gzw,0,0,0,0,
945e26a69e2145219406bf2ca0d59554,803,21182,0,0,0,,0,0,0,,0,0,0,,677,59,47,108,https://www.twitch.tv/videos/2025240609
b5ff000d6dd74683b17965294f1c4bf7,801,26807,23,16,131,https://www.youtube.com/watch?v=B1_z5Nqb39o,23,16,131,https://www.youtube.com/watch?v=B1_z5Nqb39o,0,0,0,,759,34,27,37,https://www.twitch.tv/videos/2023260663
75e2a9a237e14297976b9b8946818de5,800,1522,0,0,0,,0,0,0,,0,0,0,,0,0,0,0,
a9986f3ad4f340f297e9eb132a05ac84,799,13323,32,1,65,https://www.youtube.com/watch?v=JgHFJSr-aOY,32,1,65,https://www.youtube.com/watch?v=JgHFJSr-aOY,0,0,0,,395,87,49,582,https://www.twitch.tv/videos/2018603115
313ac2707d2548d18d1dfb62809ae162,798,23621,716,301,716,https://www.youtube.com/watch?v=cJONfc82uUo,0,0,0,,716,301,716,https://www.youtube.com/watch?v=cJONfc82uUo,0,0,0,0,
b96e4730713c48899004d4af5975fe21,797,4841,0,0,0,,0,0,0,,0,0,0,,250,0,0,0,
efe21404e1e344dda7e75ecb2c160895,793,18716,0,0,0,,0,0,0,,0,0,0,,0,0,0,0,
be56f6cf87ab4da7b132b9d62c74bc2e,792,19514,55,24,478,https://www.youtube.com/watch?v=i8u2ikxzZ5s,51,23,172,https://www.youtube.com/watch?v=gGN7VtmdDhc,185,88,478,https://www.youtube.com/watch?v=i8u2ikxzZ5s,0,0,0,0,
bbc277041cb743639026fb5b0db9c3bb,792,33768,0,0,0,,0,0,0,,0,0,0,,3788,0,0,0,
58374cba861d4267a84ad689bb6ce91a,791,25976,48,17,67,https://www.youtube.com/watch?v=SqkKlhkgqhI,48,17,67,https://www.youtube.com/watch?v=SqkKlhkgqhI,0,0,0,,0,0,0,0,
55bc57cea7dc41649e94e2cfe970621f,788,23231,115,50,2025,https://www.youtube.com/watch?v=_jji0Y3ql7U,105,50,454,https://www.youtube.com/watch?v=d-m3UmcB-HA,317,96,2025,https://www.youtube.com/watch?v=_jji0Y3ql7U,51,0,0,0,
415ca337b1104450acbed1eb046c0a58,788,62450,36,12,36,https://www.youtube.com/watch?v=yBCSCUG1bfk,0,0,0,,36,12,36,https://www.youtube.com/watch?v=yBCSCUG1bfk,256,0,0,0,
17946118c2d641819c847aba0c491e13,788,3712,0,0,0,,0,0,0,,0,0,0,,3512,255,174,583,https://www.twitch.tv/videos/2027296259
63adc221665b47e6b9d638e66029958d,786,19819,100,44,133,https://www.youtube.com/watch?v=87ow0_hAChg,100,44,133,https://www.youtube.com/watch?v=87ow0_hAChg,0,0,0,,175,0,0,0,
f2e0ed58531e4cd79d743120c960b6a9,785,101,104,52,104,https://www.youtube.com/watch?v=OPHIiOcvA8g,0,0,0,,104,52,104,https://www.youtube.com/watch?v=OPHIiOcvA8g,0,0,0,0,
a753be70dd194989835b604e4b249363,784,25643,0,0,0,,0,0,0,,0,0,0,,632,0,0,0,
18d1c00e0bde4ddbb8be5eafe0967dfe,781,21120,127,42,777,https://www.youtube.com/watch?v=FPUTsnoPxyk,118,43,334,https://www.youtube.com/watch?v=4zU0Nj91gYc,777,18,777,https://www.youtube.com/watch?v=FPUTsnoPxyk,0,0,0,0,
9539cc114b7648efb72bafc3a7358ae6,779,0,0,0,0,,0,0,0,,0,0,0,,1983,0,0,0,
30a4362c1143491ea0ed5383c4882251,778,28805,0,0,0,,0,0,0,,0,0,0,,0,0,0,0,
06a61409f4334b0eb8a5f647b819c78b,777,46501,98,31,1206,https://www.youtube.com/watch?v=TmZgDuOL2-8,81,29,170,https://www.youtube.com/watch?v=uCRmmPGq_qQ,639,262,1206,https://www.youtube.com/watch?v=TmZgDuOL2-8,0,0,0,0,
1594067d444e4a53abb95bc1aa40e6db,777,23166,0,0,0,,0,0,0,,0,0,0,,391,0,0,0,
7f7e1579979c49249dc65783d457e890,775,14886,17,7,67,https://www.youtube.com/watch?v=05uMf3lKwPE,17,7,67,https://www.youtube.com/watch?v=05uMf3lKwPE,0,0,0,,288,32,23,67,https://www.twitch.tv/videos/2027313826
94f9966aa28a45e1ab4b94507037d1d7,773,61032,57,27,137,https://www.youtube.com/watch?v=g4Mj_Q6iwqE,57,27,137,https://www.youtube.com/watch?v=g4Mj_Q6iwqE,0,0,0,,0,0,0,0,
a1880ae475fe44fc92760277c3f850ed,773,6368,0,0,0,,0,0,0,,0,0,0,,603,85,68,107,https://www.twitch.tv/videos/2026461151
548f8fcaa1b24e878b97d572df450bcb,770,146657,76,59,115,https://www.youtube.com/watch?v=FdlIGPlIHVE,76,59,115,https://www.youtube.com/watch?v=FdlIGPlIHVE,0,0,0,,0,0,0,0,
3204abe8247b45f08481bef65884ebc3,765,2823,0,0,0,,0,0,0,,0,0,0,,1307,102,56,102,https://www.twitch.tv/videos/2018909486
4e4721deba7c4681b1172714a29e6f19,764,55108,76,44,2122,https://www.youtube.com/watch?v=Qx9HpOnT7U0,76,40,158,https://www.youtube.com/watch?v=AF2khplyobQ,1096,1036,2122,https://www.youtube.com/watch?v=Qx9HpOnT7U0,0,0,0,0,
0dc671f00179414c959171b6625785a0,760,15221,117,61,2583,https://www.youtube.com/watch?v=LFoeMysNVCk,114,60,1721,https://www.youtube.com/watch?v=-_Yb78Wy-44,175,61,2583,https://www.youtube.com/watch?v=LFoeMysNVCk,0,0,0,0,
4082168d753e42b7aca1d25e759d09a7,760,21405,82,64,142,https://www.youtube.com/watch?v=uRIUWHrwztg,104,82,142,https://www.youtube.com/watch?v=uRIUWHrwztg,25,19,31,https://www.youtube.com/watch?v=IH_NbSnCS8Y,228,127,90,174,https://www.twitch.tv/videos/2017870399
f6d83aa286de43568b4e8f9e0976615a,759,85978,21,1,58,https://www.youtube.com/watch?v=ftUbocgtOT0,31,2,41,https://www.youtube.com/watch?v=OK6bPeRDWzQ,18,0,58,https://www.youtube.com/watch?v=ftUbocgtOT0,0,0,0,0,
c2b9638d8dd54888a91caa8a67366907,755,13939,71,29,93,https://www.youtube.com/watch?v=MVgyA7TX5LE,71,29,93,https://www.youtube.com/watch?v=MVgyA7TX5LE,0,0,0,,1711,54,46,162,https://www.twitch.tv/videos/2019633603
833f3b796f48477aae3b8e902270ab36,754,31587,0,0,0,,0,0,0,,0,0,0,,3,0,0,0,
28e04c3575d84bd48e2de545801d4d06,754,17372,0,0,0,,0,0,0,,0,0,0,,0,0,0,0,
d695f574875549f28432ee0a9bbf6235,749,8307,0,0,0,,0,0,0,,0,0,0,,377,69,63,69,https://www.twitch.tv/videos/2029215874
ccf93d7646f249dfa3454f5a60f466c8,747,14015,57,26,1064,https://www.youtube.com/watch?v=2O1xSnfqcQw,53,27,368,https://www.youtube.com/watch?v=d36Vo4T8gag,77,25,1064,https://www.youtube.com/watch?v=2O1xSnfqcQw,0,0,0,0,
eda6bf91049349e08f0f269fb4f8c0f9,746,7309,89,44,610,https://www.youtube.com/watch?v=qGPCRbMVhMg,93,47,610,https://www.youtube.com/watch?v=qGPCRbMVhMg,62,23,189,https://www.youtube.com/watch?v=HA1dPQm8nKY,132,0,0,0,
96f73c5682e942ef888a3313031c7f58,746,11174,0,0,0,,0,0,0,,0,0,0,,0,0,0,0,
d573ba517ed043a780491c40a7aaa22e,745,0,0,0,0,,0,0,0,,0,0,0,,0,0,0,0,
9bf758b113b048bc9331f244b619e4b2,744,50548,70,24,1118,https://www.youtube.com/watch?v=HOZkTqpRwDk,70,24,121,https://www.youtube.com/watch?v=PmX8R6SBn44,45,20,1118,https://www.youtube.com/watch?v=HOZkTqpRwDk,189,0,0,0,
eef7776c596141afb7efb9c1790bcb64,742,31626,25,11,52,https://www.youtube.com/watch?v=3x4JPppMqPs,0,0,0,,25,11,52,https://www.youtube.com/watch?v=3x4JPppMqPs,1505,562,386,710,https://www.twitch.tv/videos/2024518558
b32d16e391cb490aaea0e1d2e366f839,742,9229,171,77,267,https://www.youtube.com/watch?v=kzAJMRBTjXc,250,138,267,https://www.youtube.com/watch?v=kzAJMRBTjXc,93,13,109,https://www.youtube.com/watch?v=JyDxN2LQYok,44,0,0,0,
fa2a2255fa7d4aa7b5b54dea5dd2b1c4,741,32480,77,27,126,https://www.youtube.com/watch?v=V3OjKEPbzCk,77,27,126,https://www.youtube.com/watch?v=V3OjKEPbzCk,0,0,0,,0,0,0,0,
970ee869c72747eeb83f71f3c533fab3,741,18253,22,9,26,https://www.youtube.com/watch?v=zhz7gzI2s_4,0,0,0,,22,9,26,https://www.youtube.com/watch?v=zhz7gzI2s_4,1552,570,344,648,https://www.twitch.tv/videos/2018695761
7754a4ea82814b7fbbecfcf459382001,739,160507,9,7,1806,https://www.youtube.com/watch?v=wVgry9V9aDI,0,0,0,,9,7,1806,https://www.youtube.com/watch?v=wVgry9V9aDI,1431,215,168,309,https://www.twitch.tv/videos/2023257345
ab7fb3b59bef4d869388be703ffa8c01,738,11736,0,0,0,,0,0,0,,0,0,0,,0,0,0,0,
9381d47d490245a9b90fa8beb9a68b5c,738,24306,58,28,108,https://www.youtube.com/watch?v=HUgDMbIzpk8,58,28,108,https://www.youtube.com/watch?v=HUgDMbIzpk8,0,0,0,,0,0,0,0,
9715832a3f2b4469a59c5d277aa4fc34,738,15514,35,17,77,https://www.youtube.com/watch?v=sFEp7IuvAP0,33,15,51,https://www.youtube.com/watch?v=lND3rXnvklc,44,22,77,https://www.youtube.com/watch?v=sFEp7IuvAP0,0,0,0,0,
50a1d5a17d2a40d2b7388173c9bf925d,738,52493,0,0,0,,0,0,0,,0,0,0,,0,0,0,0,
0a55a882e4ae4a1e9c1e77ea001aa91b,737,25120,0,0,0,,0,0,0,,0,0,0,,1104,26,19,91,https://www.twitch.tv/videos/2025300692
a725f6babc5f44779d7389886c6cd7b7,737,13219,63,27,306,https://www.youtube.com/watch?v=nrBndEdL5OA,60,24,100,https://www.youtube.com/watch?v=b5xKEF56X3w,306,240,306,https://www.youtube.com/watch?v=nrBndEdL5OA,0,0,0,0,
0f97f20ec79649e687590a4dc7328a21,735,18972,0,0,0,,0,0,0,,0,0,0,,222,32,21,34,https://www.twitch.tv/videos/2026426000
9fb9fe13bf124da3a1affb24c5bba5e2,734,20509,148,73,225,https://www.youtube.com/watch?v=g6JZdHdXwBM,148,73,225,https://www.youtube.com/watch?v=g6JZdHdXwBM,0,0,0,,0,0,0,0,
0e17da7ad6e94a73a2ce539bb6ea293d,734,0,0,0,0,,0,0,0,,0,0,0,,0,0,0,0,
971c91b32e9b4e1abfdafe711cb9e440,731,31689,0,0,0,,0,0,0,,0,0,0,,0,0,0,0,
9cfe61128e134f8dad9bb6ebf568cd71,729,14293,77,45,117,https://www.youtube.com/watch?v=qJ_-b1CKA9k,87,48,117,https://www.youtube.com/watch?v=qJ_-b1CKA9k,53,34,75,https://www.youtube.com/watch?v=41eYOb4GDjk,594,187,146,322,https://www.twitch.tv/videos/2022312397
de6ab52e6aca42d2ab88274244e772fc,725,23060,68,28,68,https://www.youtube.com/watch?v=hmn5OaNgECU,68,28,68,https://www.youtube.com/watch?v=hmn5OaNgECU,0,0,0,,0,0,0,0,
899208f999aa4121ae2b67abb3190674,722,8264,19,10,143,https://www.youtube.com/watch?v=XM10HJM7uck,143,10,143,https://www.youtube.com/watch?v=XM10HJM7uck,18,11,94,https://www.youtube.com/watch?v=HOBGnk0STcU,3715,378,288,656,https://www.twitch.tv/videos/2021366650
0528d5a963af400884b2db8484a0d152,721,10265,26,7,47,https://www.youtube.com/watch?v=VNg1wU22zMI,26,7,47,https://www.youtube.com/watch?v=VNg1wU22zMI,0,0,0,,367,38,28,97,https://www.twitch.tv/videos/2018774045
a666cf6707d14cdbbe6581a8964aabd0,720,17482,0,0,0,,0,0,0,,0,0,0,,572,98,71,126,https://www.twitch.tv/videos/2020235611
49f14b84269f458099232c2a21b2ba74,719,18461,77,27,98,https://www.youtube.com/watch?v=Lm50Sh5o22k,77,27,98,https://www.youtube.com/watch?v=Lm50Sh5o22k,0,0,0,,0,0,0,0,
a3f2963a57094502a10845075cdee88c,716,782,0,0,0,,0,0,0,,0,0,0,,0,0,0,0,
68ded9e397c846acb7b85224713b8b80,714,17888,0,0,0,,0,0,0,,0,0,0,,0,0,0,0,
e44a37ed06c749da9aeea8e16b309a84,713,28503,0,0,0,,0,0,0,,0,0,0,,27,0,0,0,
c725e2accdfc42c7b4314d81cf2b8daa,713,27500,39,16,210,https://www.youtube.com/watch?v=sTG66FVJroM,39,16,210,https://www.youtube.com/watch?v=sTG66FVJroM,0,0,0,,470,45,39,72,https://www.twitch.tv/videos/2021480389
b8c13d7702844995a0b4a66eda4d31bc,713,11188,7,4,18,https://www.youtube.com/watch?v=Eq9eh5xrsN4,0,0,0,,7,4,18,https://www.youtube.com/watch?v=Eq9eh5xrsN4,331,85,52,121,https://www.twitch.tv/videos/2027300709
5a901d793927414493afa87af0c4baec,712,13556,71,40,118,https://www.youtube.com/watch?v=ZkA8EMKjCW4,63,30,118,https://www.youtube.com/watch?v=ZkA8EMKjCW4,80,43,86,https://www.youtube.com/watch?v=ZmVaJOLkNY0,745,137,98,200,https://www.twitch.tv/videos/2018851521
798dda88504941b08a086b309c81b4ef,712,16428,124,45,355,https://www.youtube.com/watch?v=e-0oEHmJ9Ik,124,45,355,https://www.youtube.com/watch?v=e-0oEHmJ9Ik,0,0,0,,0,0,0,0,
edaf166616b545ee8e88dc38620d637c,709,12362,0,0,0,,0,0,0,,0,0,0,,0,0,0,0,
747fb5e9d30240a1ac42fbf37e86b55d,697,9911,26,11,920,https://www.youtube.com/watch?v=B5b1BdzvwPo,24,7,35,https://www.youtube.com/watch?v=IkA5C-cfiz4,94,31,920,https://www.youtube.com/watch?v=B5b1BdzvwPo,294,18,13,25,https://www.twitch.tv/videos/2024590385
1145b6f48caf4756a889a437025c3db2,696,18857,52,28,119,https://www.youtube.com/watch?v=7BjeAD30y-o,52,28,119,https://www.youtube.com/watch?v=7BjeAD30y-o,0,0,0,,220,130,97,406,https://www.twitch.tv/videos/2018471830
43acb25e255340d09b50283f0308d1ff,694,132861,87,15,124,https://www.youtube.com/watch?v=fqV3emd_rE4,87,15,124,https://www.youtube.com/watch?v=fqV3emd_rE4,0,0,0,,0,0,0,0,
8a3a04df8f6048d19825cdfef59ecdc1,693,18124,0,0,0,,0,0,0,,0,0,0,,0,0,0,0,
d80f5bc1e3ce4c35aa3eced40cc3bddc,693,5219,302,237,1343,https://www.youtube.com/watch?v=ybyjaZIjMaA,327,240,1343,https://www.youtube.com/watch?v=ybyjaZIjMaA,152,143,152,https://www.youtube.com/watch?v=I3IGkjFGm80,174,81,79,81,https://www.twitch.tv/videos/2031088265
f232bcca5fe54991838fd1e2551b3527,693,180,8,4,8,https://www.youtube.com/watch?v=G0Ylgic9_Rs,0,0,0,,8,4,8,https://www.youtube.com/watch?v=G0Ylgic9_Rs,0,0,0,0,
94b3f738cde248e3bf6061f1692d6337,692,159659,200,45,453,https://www.youtube.com/watch?v=SAKKQsugXdc,200,45,453,https://www.youtube.com/watch?v=SAKKQsugXdc,0,0,0,,0,0,0,0,
c747687c19704747b4cae2d4d5715aa0,691,9072,168,31,299,https://www.youtube.com/watch?v=hFCumuLbqdE,0,0,0,,168,31,299,https://www.youtube.com/watch?v=hFCumuLbqdE,3646,229,68,596,https://www.twitch.tv/videos/2018743082
facccde0b22e4f66bc41f54815fced73,689,24760,221,102,248,https://www.youtube.com/watch?v=1tqKZv1PGpI,221,102,248,https://www.youtube.com/watch?v=1tqKZv1PGpI,0,0,0,,0,0,0,0,
263db06cfe814d4397e6fc8bc593e70e,688,41091,0,0,0,,0,0,0,,0,0,0,,0,0,0,0,
209aec95c4ac42339796a28ce4757393,687,6066,0,0,0,,0,0,0,,0,0,0,,0,0,0,0,
72f9ebd5a53f46199a492667190c0fc4,684,13002,0,0,0,,0,0,0,,0,0,0,,445,68,41,87,https://www.twitch.tv/videos/2018558366
b8ccfa7aec6a419ca8ad1a91d9fafdf6,683,0,0,0,0,,0,0,0,,0,0,0,,1562,133,128,133,https://www.twitch.tv/videos/2030451635
607d6173383c4118a32171fbcfc98e60,682,16794,34,18,81,https://www.youtube.com/watch?v=v8o0lFo9YE8,0,0,0,,34,18,81,https://www.youtube.com/watch?v=v8o0lFo9YE8,8806,0,0,0,
aebb6a94560d43fb9807229237897119,681,9401,37,13,37,https://www.youtube.com/watch?v=Fl_ydpOlKoA,37,13,37,https://www.youtube.com/watch?v=Fl_ydpOlKoA,0,0,0,,1960,131,72,131,https://www.twitch.tv/videos/2018861349
1ea5aa0a7a7d401b897630667cf4b44e,680,23715,189,79,2553,https://www.youtube.com/watch?v=elUP0kPjWAY,176,79,423,https://www.youtube.com/watch?v=oGyp8LNeUjw,271,103,2553,https://www.youtube.com/watch?v=elUP0kPjWAY,143,0,0,0,
4a64836a88024358a7401530fed8e0f8,680,57128,42,18,176,https://www.youtube.com/watch?v=zQWvcYwDIDg,49,28,76,https://www.youtube.com/watch?v=O4acZAVOUk4,10,9,176,https://www.youtube.com/watch?v=zQWvcYwDIDg,4720,533,225,3304,https://www.twitch.tv/videos/2004292401
53a39a5e2de449ccb192683b9df38fdf,680,40305,0,0,0,,0,0,0,,0,0,0,,0,0,0,0,
6f68d3f50edf4814b59a4a018090b180,679,10949,94,48,132,https://www.youtube.com/watch?v=cyaX6cus2y8,91,48,132,https://www.youtube.com/watch?v=cyaX6cus2y8,106,94,106,https://www.youtube.com/watch?v=1th-1tJ-IjY,0,0,0,0,
a92fe8f83bb3411eaae75ac82954ff16,675,6300,492,291,492,https://www.youtube.com/watch?v=ywsK6ULNP30,0,0,0,,492,291,492,https://www.youtube.com/watch?v=ywsK6ULNP30,0,0,0,0,
d792696470b54bd4947a59b10759a636,675,26977,72,45,302,https://www.youtube.com/watch?v=aCNuWnLxXew,71,39,168,https://www.youtube.com/watch?v=QI7SKrceL5w,302,107,302,https://www.youtube.com/watch?v=aCNuWnLxXew,0,0,0,0,
139504fddc7f4168b2852e4ffc685794,675,21631,0,0,0,,0,0,0,,0,0,0,,0,0,0,0,
80dda735a7784d7fb999892874a05f0c,674,9777,52,51,52,https://www.youtube.com/watch?v=OgnJZfOz_Dc,0,0,0,,52,51,52,https://www.youtube.com/watch?v=OgnJZfOz_Dc,3085,133,85,356,https://www.twitch.tv/videos/2019483471
179483442df04a16bbcb193ae5356feb,673,8228,77,54,77,https://www.youtube.com/watch?v=rUsq-kZsA14,77,54,77,https://www.youtube.com/watch?v=rUsq-kZsA14,0,0,0,,0,0,0,0,
a0dbf7095446402ea77b11d8cced5a4b,671,16224,56,7,72,https://www.youtube.com/watch?v=qOlhTkhBERc,56,7,72,https://www.youtube.com/watch?v=qOlhTkhBERc,0,0,0,,0,0,0,0,
d475848a566848dc9f6ad02707d87e2a,670,55540,136,32,163,https://www.youtube.com/watch?v=usRbPZ5iIsY,124,32,163,https://www.youtube.com/watch?v=usRbPZ5iIsY,147,47,147,https://www.youtube.com/watch?v=fzwXueUvAM4,0,0,0,0,
b93b5ffedc3f4310af888462d65e4082,669,21610,0,0,0,,0,0,0,,0,0,0,,82,0,0,0,
2047c8ae25624470b90251b1fd9502d5,668,24942,64,49,752,https://www.youtube.com/watch?v=yjS31oGgkeU,60,45,89,https://www.youtube.com/watch?v=5VGz9ucIDCk,752,660,752,https://www.youtube.com/watch?v=yjS31oGgkeU,0,0,0,0,
a0467c81a3014fbf83029acffe5b1d3f,666,32666,0,0,0,,0,0,0,,0,0,0,,1080,100,75,243,https://www.twitch.tv/videos/2019558720
c52b95b6a42d48f0ae888720492a5a46,665,28393,94,18,4078,https://www.youtube.com/watch?v=SVWKwqPUdCk,100,16,365,https://www.youtube.com/watch?v=nNIXdftcjcY,94,25,4078,https://www.youtube.com/watch?v=SVWKwqPUdCk,0,0,0,0,
489752f0b42c49b785d43f1207429983,664,19300,60,16,90,https://www.youtube.com/watch?v=L35bleZhIEU,60,16,90,https://www.youtube.com/watch?v=L35bleZhIEU,0,0,0,,0,0,0,0,
5f413dce55614542940c58900ef1c82c,664,13197,65,49,112,https://www.youtube.com/watch?v=y15BnLoy4AU,65,49,112,https://www.youtube.com/watch?v=y15BnLoy4AU,0,0,0,,626,61,53,72,https://www.twitch.tv/videos/2028391210
a2ee4a74f9ca40f5b6218de51736b9c8,662,28495,56,21,186,https://www.youtube.com/watch?v=fGp1g5f6j5Q,49,20,142,https://www.youtube.com/watch?v=QGmtSGWaYe4,130,75,186,https://www.youtube.com/watch?v=fGp1g5f6j5Q,0,0,0,0,
ee1be8631b3e4abdbcc12dbe96d5268f,662,23889,117,55,193,https://www.youtube.com/watch?v=zYf55Z82x9A,121,60,193,https://www.youtube.com/watch?v=zYf55Z82x9A,23,9,23,https://www.youtube.com/watch?v=A0nU73gEkTQ,0,0,0,0,
f513e865b8aa4afab938316563c4955f,662,28686,0,0,0,,0,0,0,,0,0,0,,470,0,0,0,
e83a22c584774763a3b91d557141604d,661,6177,0,0,0,,0,0,0,,0,0,0,,1161,260,188,355,https://www.twitch.tv/videos/2024248225
1b8f1c5c6e784ef4930d7e0f1dc35e4e,659,0,0,0,0,,0,0,0,,0,0,0,,0,0,0,0,
c344e1ecd1b54dceb0abd98e351177fa,659,15929,0,0,0,,0,0,0,,0,0,0,,0,0,0,0,
03c9d83a4c534b65a5743b381eb2ce33,658,8804,36,15,121,https://www.youtube.com/watch?v=6ZVvImM8O7o,36,15,121,https://www.youtube.com/watch?v=6ZVvImM8O7o,0,0,0,,355,0,0,0,
8489d002b1704612bd0dd23f9a14ed51,657,28209,54,32,195,https://www.youtube.com/watch?v=rbNKa887Tuc,54,32,195,https://www.youtube.com/watch?v=rbNKa887Tuc,0,0,0,,106,26,23,35,https://www.twitch.tv/videos/2023441550
80ae039e7c3e4e90b6b3994ead599307,655,33585,124,47,125,https://www.youtube.com/watch?v=LF1TGdnZLRo,124,47,125,https://www.youtube.com/watch?v=LF1TGdnZLRo,0,0,0,,0,0,0,0,
e888326df83d41f680960f24bb55c670,655,10806,0,0,0,,0,0,0,,0,0,0,,0,0,0,0,
8c59e356f1564e068e1c81ac7de1a4e3,655,24694,87,33,118,https://www.youtube.com/watch?v=Y5-0cf3jCU8,87,33,118,https://www.youtube.com/watch?v=Y5-0cf3jCU8,0,0,0,,0,0,0,0,
f220baaf52864d7eba4b39877bc2afd2,654,11366,0,0,0,,0,0,0,,0,0,0,,1139,0,0,0,
bb775b8f85574398af290f5be009d40e,654,1197,0,0,0,,0,0,0,,0,0,0,,0,0,0,0,
01fc7842da284adaad67d3774a4b2a6c,654,3889,66,36,130,https://www.youtube.com/watch?v=vE6xean3dmQ,61,33,130,https://www.youtube.com/watch?v=vE6xean3dmQ,79,36,107,https://www.youtube.com/watch?v=_chpHnHAt7g,0,0,0,0,
00de1290ff0a4edda4db0385a6ba3300,653,18210,0,0,0,,0,0,0,,0,0,0,,1398,77,60,156,https://www.twitch.tv/videos/2018084156
fcf611e0ddc5474b9836eb8aa2fe1d24,651,46780,5,1,21,https://www.youtube.com/watch?v=O2bxHJiuUbA,0,0,0,,5,1,21,https://www.youtube.com/watch?v=O2bxHJiuUbA,0,0,0,0,
41ec65fd72424aa0b90cdfefd49bd35e,650,11207,120,33,374,https://www.youtube.com/watch?v=0a5OCdb7zBA,120,33,374,https://www.youtube.com/watch?v=0a5OCdb7zBA,0,0,0,,0,0,0,0,
515f61904a1a45688ea0d7bc1e7d499e,649,136869,160,105,625,https://www.youtube.com/watch?v=gAOCHTrWC-I,0,0,0,,160,105,625,https://www.youtube.com/watch?v=gAOCHTrWC-I,6,0,0,0,
9b64082043fc451f9dd5edc793fa8605,649,8265,32,15,81,https://www.youtube.com/watch?v=wdUEdQN5e7s,56,18,56,https://www.youtube.com/watch?v=C2kP6X_b2jE,32,15,81,https://www.youtube.com/watch?v=wdUEdQN5e7s,0,0,0,0,
08268c9de16e423381e351aeef8f7ffb,648,14950,69,27,158,https://www.youtube.com/watch?v=wk_iRFj8nts,71,32,158,https://www.youtube.com/watch?v=wk_iRFj8nts,13,8,13,https://www.youtube.com/watch?v=qUmC4L6PeOI,0,0,0,0,
215d93a2bd634b4cbeed0e88ae6d6e14,648,48435,78,35,2843,https://www.youtube.com/watch?v=1SxdS3_aSlM,68,32,154,https://www.youtube.com/watch?v=6-H-YOvlSS8,99,37,2843,https://www.youtube.com/watch?v=1SxdS3_aSlM,94,34,33,76,https://www.twitch.tv/videos/2022407282
278f93ad57b14f01a71f1e89598ee503,647,4708,106,74,353,https://www.youtube.com/watch?v=lWsTdsA10OQ,106,74,353,https://www.youtube.com/watch?v=lWsTdsA10OQ,0,0,0,,0,0,0,0,
75efe1c591fa4cba93c4938c58cfed27,647,0,0,0,0,,0,0,0,,0,0,0,,0,0,0,0,
3f3abaed158f420e84f9d1d5f4492b1d,647,30734,43,26,113,https://www.youtube.com/watch?v=DkhV6rVGjiA,43,26,113,https://www.youtube.com/watch?v=DkhV6rVGjiA,0,0,0,,407,49,33,100,https://www.twitch.tv/videos/2028256224
33d7e63ca02941ea86df9a57a8036f12,646,33217,0,0,0,,0,0,0,,0,0,0,,0,0,0,0,
8729a18bfb7848d880a59da20b281640,645,2084,0,0,0,,0,0,0,,0,0,0,,594,0,0,0,
960c19dbf65f4b7fa27439d1ede2af21,642,22177,65,36,65,https://www.youtube.com/watch?v=KkwhEp4T1v8,0,0,0,,65,36,65,https://www.youtube.com/watch?v=KkwhEp4T1v8,0,0,0,0,
6c3eeb48b7764f11804ff8110d5d990b,641,58553,55,22,85,https://www.youtube.com/watch?v=V3Xac9vmdO4,55,22,85,https://www.youtube.com/watch?v=V3Xac9vmdO4,0,0,0,,0,0,0,0,
521efecabae94dd6b1d21bc5e8543fcb,640,6545,101,61,211,https://www.youtube.com/watch?v=FA6pH35Om68,101,61,211,https://www.youtube.com/watch?v=FA6pH35Om68,0,0,0,,318,65,48,65,https://www.twitch.tv/videos/2024375177
506d9c6fdbd34c8aa5fda64d90d96ac2,639,39983,49,10,74,https://www.youtube.com/watch?v=uEkB5nd_jEo,49,10,74,https://www.youtube.com/watch?v=uEkB5nd_jEo,0,0,0,,0,0,0,0,
f45249f9d8094f9d85f6d02aec4af029,639,16697,0,0,0,,0,0,0,,0,0,0,,0,0,0,0,
183c98a5b67141469d956ff89efe35ec,637,9697,92,33,92,https://www.youtube.com/watch?v=qErMjR5JBoY,92,33,92,https://www.youtube.com/watch?v=qErMjR5JBoY,0,0,0,,0,0,0,0,
0a000a22ebd84abf860bcd5ef0a5ed60,637,15778,19,7,39,https://www.youtube.com/watch?v=1vAuLwxHjzQ,0,0,0,,19,7,39,https://www.youtube.com/watch?v=1vAuLwxHjzQ,1571,0,0,0,
a1d00cd951ed45afb01e1668dfae6592,636,7747,0,0,0,,0,0,0,,0,0,0,,0,0,0,0,
c7344bac508b46f2a20c4bb6861f33ab,636,4350,61,47,66,https://www.youtube.com/watch?v=ODLKOycVxKA,61,47,66,https://www.youtube.com/watch?v=ODLKOycVxKA,0,0,0,,0,0,0,0,
1ee3a662da8a439887a931727cb07317,634,68259,48,20,115,https://www.youtube.com/watch?v=GV_5tW1KMpE,48,20,115,https://www.youtube.com/watch?v=GV_5tW1KMpE,0,0,0,,0,0,0,0,
6c5d547cdebf4daf813ac8b66c9fb873,634,10176,121,42,146,https://www.youtube.com/watch?v=4qyIvk4sLdA,0,0,0,,121,42,146,https://www.youtube.com/watch?v=4qyIvk4sLdA,0,0,0,0,
8e858eb26f3b4ca2beab2baccc887893,634,13260,0,0,0,,0,0,0,,0,0,0,,1859,128,83,229,https://www.twitch.tv/videos/2031102281
f5260b1a196a43f8b4aff1cc742a67f4,633,1504,6,3,6,https://www.youtube.com/watch?v=vqao88ROG8o,0,0,0,,6,3,6,https://www.youtube.com/watch?v=vqao88ROG8o,0,0,0,0,
4077520d348749e49598cd5fa1058b6a,631,41632,18,7,64,https://www.youtube.com/watch?v=HODa2afeRPg,18,7,64,https://www.youtube.com/watch?v=HODa2afeRPg,0,0,0,,202,0,0,0,
8bd1aad0ee834101b6042c08495a31be,630,13855,44,29,114,https://www.youtube.com/watch?v=9q_NERXLcyc,46,33,114,https://www.youtube.com/watch?v=9q_NERXLcyc,10,1,10,https://www.youtube.com/watch?v=qhmqIUshm10,183,33,25,44,https://www.twitch.tv/videos/2022436991
e55e67f2f7f64a6da7ae604df1652f5e,629,216615,0,0,0,,0,0,0,,0,0,0,,0,0,0,0,
4caaacdde06c4a0a9662e0d1e07114e0,629,7098,44,28,80,https://www.youtube.com/watch?v=--zNChJFSq0,44,28,80,https://www.youtube.com/watch?v=--zNChJFSq0,0,0,0,,0,0,0,0,
0fbdfcc1b9cf41fdb840cf2f546d9324,628,3926,11,4,27,https://www.youtube.com/watch?v=TUYS8bfvM1s,11,4,27,https://www.youtube.com/watch?v=TUYS8bfvM1s,0,0,0,,0,0,0,0,
aef2ed42d49343f28394b6335695b5ac,627,34915,1,0,202,https://www.youtube.com/watch?v=0EMGXJx87rU,0,0,0,,1,0,202,https://www.youtube.com/watch?v=0EMGXJx87rU,2693,166,124,321,https://www.twitch.tv/videos/2022978809
45baafce0f294208a063a496814b7986,626,24469,19,5,32,https://www.youtube.com/watch?v=P4wU3W9k_pk,21,12,32,https://www.youtube.com/watch?v=P4wU3W9k_pk,2,0,4,https://www.youtube.com/watch?v=ElB2UD9R-Qk,0,0,0,0,
3c1783f6914f414b830c836829d1afa2,625,12686,133,56,271,https://www.youtube.com/watch?v=ugAalst2eWI,133,56,271,https://www.youtube.com/watch?v=ugAalst2eWI,0,0,0,,164,0,0,0,
19ccc34670ad4ea6b4d8bc5aaafdf876,624,12415,0,0,0,,0,0,0,,0,0,0,,0,0,0,0,
e8be1d48c5a249cebcef72b17653ef34,624,19553,91,63,412,https://www.youtube.com/watch?v=oG5H1DiqZ3o,170,129,412,https://www.youtube.com/watch?v=oG5H1DiqZ3o,63,37,250,https://www.youtube.com/watch?v=A2Xm1IcSZ7M,0,0,0,0,
15ec206bfc374aaaa594bc12e9887a69,624,6108,0,0,0,,0,0,0,,0,0,0,,892,112,101,121,https://www.twitch.tv/videos/2029189097
677a773535814b5fa2d557da2f80bb89,621,13467,15,8,41,https://www.youtube.com/watch?v=cOyJT6uOk9g,15,8,41,https://www.youtube.com/watch?v=cOyJT6uOk9g,0,0,0,,291,0,0,0,
d81baabd1eed4717ad9910f97420d0b8,621,19169,0,0,0,,0,0,0,,0,0,0,,0,0,0,0,
0f11420beab0442eae0208ac63d4474c,620,9566,36,32,43,https://www.youtube.com/watch?v=gPXct-wb6Dw,29,28,29,https://www.youtube.com/watch?v=ntzNFMsHGHw,43,36,43,https://www.youtube.com/watch?v=gPXct-wb6Dw,0,0,0,0,
77f4700c452c4200a4e62effa2884b4a,620,21473,56,41,155,https://www.youtube.com/watch?v=6XqpE-9kqZQ,75,43,155,https://www.youtube.com/watch?v=6XqpE-9kqZQ,4,3,4,https://www.youtube.com/watch?v=OLmpwYneP-o,693,57,50,68,https://www.twitch.tv/videos/2023976916
f5a37da60cb74069a7dc13867404521f,616,33705,613,320,613,https://www.youtube.com/watch?v=-6ZGGz-hfEA,0,0,0,,613,320,613,https://www.youtube.com/watch?v=-6ZGGz-hfEA,0,0,0,0,
66d986eaa59347b0b18c5ed103cb173e,614,27262,40,22,116,https://www.youtube.com/watch?v=SEVYPplYC2Q,37,23,43,https://www.youtube.com/watch?v=RinLraEFD34,116,14,116,https://www.youtube.com/watch?v=SEVYPplYC2Q,0,0,0,0,
e4a78a4115b7463eb3e42f1cbbd59aa0,613,33559,28,9,140,https://www.youtube.com/watch?v=9eq0Ll-DiXw,28,9,140,https://www.youtube.com/watch?v=9eq0Ll-DiXw,0,0,0,,0,0,0,0,
0800162a149e420ea0386c9506e710b7,613,29790,73,11,80,https://www.youtube.com/watch?v=h9zk6PEuIhg,0,0,0,,73,11,80,https://www.youtube.com/watch?v=h9zk6PEuIhg,0,0,0,0,
d15b3fadead04e7399faaeb47fdf37f9,612,23880,75,1,75,https://www.youtube.com/watch?v=2YHrjxbC5xM,75,1,75,https://www.youtube.com/watch?v=2YHrjxbC5xM,0,0,0,,0,0,0,0,
3e079110e939428085c1f1040ec756f9,610,8295,36,13,36,https://www.youtube.com/watch?v=HaKuMdF6dCc,36,13,36,https://www.youtube.com/watch?v=HaKuMdF6dCc,0,0,0,,0,0,0,0,
9b424d3a99ef4fc3b17bc7fef92fefd3,609,23285,150,18,1511,https://www.youtube.com/watch?v=xzjP_FNyMwg,16,3,19,https://www.youtube.com/watch?v=guQe72kKA1Y,473,276,1511,https://www.youtube.com/watch?v=xzjP_FNyMwg,348,15,12,17,https://www.twitch.tv/videos/2029244182
0737e12eaffb420ca4a5b43b0786e69a,609,20994,0,0,0,,0,0,0,,0,0,0,,0,0,0,0,
2e925787fbf44ad2807e581ed98c7f53,609,11452,105,59,208,https://www.youtube.com/watch?v=aeKscgbtsBw,105,59,105,https://www.youtube.com/watch?v=WZmx919mbsw,123,98,208,https://www.youtube.com/watch?v=aeKscgbtsBw,161,143,86,211,https://www.twitch.tv/videos/2020351316
5f8e197a06bc453e8d9e0a1c6cb92f1c,608,17276,5,1,129,https://www.youtube.com/watch?v=dS0gjRxwieg,0,0,0,,5,1,129,https://www.youtube.com/watch?v=dS0gjRxwieg,1300,266,222,721,https://www.twitch.tv/videos/2017919577
7441319fa18e4556a8ee9ef4e6396ee0,608,42083,24,10,145,https://www.youtube.com/watch?v=vjuXxPAkD70,32,14,145,https://www.youtube.com/watch?v=vjuXxPAkD70,15,5,59,https://www.youtube.com/watch?v=CUES9pXRpBI,0,0,0,0,
d3a8aafb4fdf4bbe9e6205126d717631,607,21986,0,0,0,,0,0,0,,0,0,0,,0,0,0,0,
75e0561f549f4775b90601a9d308340a,607,33163,101,35,920,https://www.youtube.com/watch?v=DpCLYLj1t9M,88,33,162,https://www.youtube.com/watch?v=SYMiA_kEjIY,920,48,920,https://www.youtube.com/watch?v=DpCLYLj1t9M,0,0,0,0,
e07cd7e29645414481d441fcfd4fd456,606,22568,19,3,39,https://www.youtube.com/watch?v=lQdgkWBlEJA,0,0,0,,19,3,39,https://www.youtube.com/watch?v=lQdgkWBlEJA,0,0,0,0,
376881e818cc47c2a045ca4cb8361380,606,27843,106,29,335,https://www.youtube.com/watch?v=KSdg4NOLuGw,106,25,335,https://www.youtube.com/watch?v=KSdg4NOLuGw,107,45,209,https://www.youtube.com/watch?v=X4n3jxcz3nY,0,0,0,0,
d7b96c6024ce479f9b8f8c0a5439c9af,604,5190,0,0,0,,0,0,0,,0,0,0,,1770,110,86,133,https://www.twitch.tv/videos/2030161567
2131a63328214b7f9a1022dae6890d66,603,18934,89,48,151,https://www.youtube.com/watch?v=Nqaqdc_5PzM,89,52,128,https://www.youtube.com/watch?v=nX1SMs9we2w,113,11,151,https://www.youtube.com/watch?v=Nqaqdc_5PzM,276,0,0,0,
169c2f21a36649dea2b55c105fd6f337,601,26950,26,1,26,https://www.youtube.com/watch?v=NQeiChTbnYA,26,1,26,https://www.youtube.com/watch?v=NQeiChTbnYA,0,0,0,,266,0,0,0,
e18809f0a5d8461e81607dc3b3d492c5,601,7586,148,85,158,https://www.youtube.com/watch?v=g78vsXOVt-w,148,85,158,https://www.youtube.com/watch?v=g78vsXOVt-w,0,0,0,,0,0,0,0,
19cd90980abe4f038f8f226f4f1bcabb,600,21481,0,0,0,,0,0,0,,0,0,0,,0,0,0,0,
1f9790fcccf04b5b871fea65e7f59e30,600,25573,0,0,0,,0,0,0,,0,0,0,,0,0,0,0,
3034b51ec8ad439fa7033773a72a5c4a,598,9592,15,7,109,https://www.youtube.com/watch?v=SxglP88hiEY,0,0,0,,15,7,109,https://www.youtube.com/watch?v=SxglP88hiEY,2581,333,221,511,https://www.twitch.tv/videos/2024246514
f7c5ff874d1d4528a36c0a54d27017a3,597,42877,20,8,63,https://www.youtube.com/watch?v=i6Wx4oWJkPc,20,8,63,https://www.youtube.com/watch?v=i6Wx4oWJkPc,0,0,0,,0,0,0,0,
cd90274cae394fa7be47a5535b563882,596,0,0,0,0,,0,0,0,,0,0,0,,0,0,0,0,
bee7e3be201d4df089b9d73d384b75c5,596,776,0,0,0,,0,0,0,,0,0,0,,0,0,0,0,
d8b0b4e36c614d328620461a295572a1,596,22746,71,36,440,https://www.youtube.com/watch?v=84sTbxP3eeU,77,47,440,https://www.youtube.com/watch?v=84sTbxP3eeU,21,1,24,https://www.youtube.com/watch?v=WZbr98EheFA,114,0,0,0,
4d4410bdde7d4107809dc6e1e2ce0e0e,595,16890,61,29,67,https://www.youtube.com/watch?v=fl2qGFxvUDs,64,33,67,https://www.youtube.com/watch?v=fl2qGFxvUDs,56,29,56,https://www.youtube.com/watch?v=yE7-CrF60cU,0,0,0,0,
c506f1ab266f47e2be683220533a4790,594,22428,0,0,0,,0,0,0,,0,0,0,,0,0,0,0,
a59b5e9b4b3f423faa754bb0c1c5e9f7,593,18976,58,33,58,https://www.youtube.com/watch?v=LSwNQ7pihEE,58,33,58,https://www.youtube.com/watch?v=LSwNQ7pihEE,0,0,0,,12,0,0,0,
41cb0d8b18a94a06ba490858e66e9991,592,8854,0,0,0,,0,0,0,,0,0,0,,792,0,0,0,
bf195265fa5944d894dc53baf7143645,591,19118,22,6,61,https://www.youtube.com/watch?v=7PdAYHxImSQ,22,6,61,https://www.youtube.com/watch?v=7PdAYHxImSQ,0,0,0,,0,0,0,0,
df6e2520044744f0957a83db74b386bb,590,15149,0,0,0,,0,0,0,,0,0,0,,0,0,0,0,
2ee2acc29fac42c5b130558543cbdf00,588,3042,190,137,870,https://www.youtube.com/watch?v=IvFj0a0306U,245,201,870,https://www.youtube.com/watch?v=IvFj0a0306U,156,115,203,https://www.youtube.com/watch?v=i48bBjbQRS4,135,0,0,0,
683db9d9b58f4dd883966c82581a7b60,585,17564,35,15,55,https://www.youtube.com/watch?v=YJUGqSPpwL8,35,15,55,https://www.youtube.com/watch?v=YJUGqSPpwL8,0,0,0,,0,0,0,0,
82d775c8bb1740c0a6db1037d3bf5fe0,585,13110,0,0,0,,0,0,0,,0,0,0,,0,0,0,0,
7aeffe1ba0c443d5aa4721247b801593,583,45198,52,36,559,https://www.youtube.com/watch?v=g_2IcNoGSyA,81,39,129,https://www.youtube.com/watch?v=-4DBdamoCuI,45,32,559,https://www.youtube.com/watch?v=g_2IcNoGSyA,0,0,0,0,
5f5bc23799fd4376b594972a3fd36587,583,12818,39,6,53,https://www.youtube.com/watch?v=ByqjXnkt7GU,39,6,53,https://www.youtube.com/watch?v=ByqjXnkt7GU,0,0,0,,34,0,0,0,
0df008566e92461eb808c5b3ba9c7f0f,583,12834,56,30,463,https://www.youtube.com/watch?v=q6_jZtFshxk,56,31,463,https://www.youtube.com/watch?v=q6_jZtFshxk,7,6,7,https://www.youtube.com/watch?v=B5MzkEASVa0,0,0,0,0,
0d080db8809848e2ba918799b2f7885b,583,24140,44,29,176,https://www.youtube.com/watch?v=lvwbTbAPy2s,43,29,146,https://www.youtube.com/watch?v=9CZXnEGpMUo,123,60,176,https://www.youtube.com/watch?v=lvwbTbAPy2s,0,0,0,0,
6c3a22611ac24eb19cec3bd7c78a8705,581,152293,118,46,203,https://www.youtube.com/watch?v=WAa-KvVj70k,118,46,203,https://www.youtube.com/watch?v=WAa-KvVj70k,0,0,0,,0,0,0,0,
27f5926236d04e34a08fdb7ab83940bc,579,11403,134,70,482,https://www.youtube.com/watch?v=Z-lypr_5ngQ,132,67,216,https://www.youtube.com/watch?v=qbmrEGmlPKo,482,267,482,https://www.youtube.com/watch?v=Z-lypr_5ngQ,0,0,0,0,
13992a4fb59649ada3a2adf027b5b35a,578,27365,45,27,83,https://www.youtube.com/watch?v=uIi0uG-_qqI,44,26,65,https://www.youtube.com/watch?v=CIsroDHRygg,48,27,83,https://www.youtube.com/watch?v=uIi0uG-_qqI,3668,54,38,59,https://www.twitch.tv/videos/2021478339
83e0f3520699474ba7f017e5e4388a5f,577,5426,91,57,161,https://www.youtube.com/watch?v=8vkKQrMWkSM,91,57,161,https://www.youtube.com/watch?v=8vkKQrMWkSM,0,0,0,,0,0,0,0,
eb54f557a3734bfda57ecddd8df07681,577,6688,48,33,1976,https://www.youtube.com/watch?v=HGE4qLAdRyo,60,32,101,https://www.youtube.com/watch?v=yhMQyYrzoLc,41,33,1976,https://www.youtube.com/watch?v=HGE4qLAdRyo,172,33,25,124,https://www.twitch.tv/videos/2018882427
fe70a0055df1453a82bea6582d3072fa,576,21648,71,39,341,https://www.youtube.com/watch?v=-8acphRhQeo,69,34,341,https://www.youtube.com/watch?v=-8acphRhQeo,316,103,316,https://www.youtube.com/watch?v=eOJh6dkMp3I,0,0,0,0,
3f74c9c84fac427ea0e3d147c6027e82,576,7751,35,17,114,https://www.youtube.com/watch?v=epktJv6Hey0,41,16,114,https://www.youtube.com/watch?v=epktJv6Hey0,32,18,36,https://www.youtube.com/watch?v=UV29A8KYJOg,0,0,0,0,
e50da8792cd94b009eaa8dd4be738d59,576,10665,0,0,0,,0,0,0,,0,0,0,,764,124,84,244,https://www.twitch.tv/videos/2020334692
7342482fda6d40f98e078505a24825d4,572,27283,56,31,103,https://www.youtube.com/watch?v=1wcN2API3v4,56,31,103,https://www.youtube.com/watch?v=1wcN2API3v4,0,0,0,,0,0,0,0,
f5493e350f514aae860e4fbc529adf4c,572,2839,0,0,0,,0,0,0,,0,0,0,,0,0,0,0,
e6289383cf754a77bfae7574b4e198e0,572,208,0,0,0,,0,0,0,,0,0,0,,0,0,0,0,
d50700c1329b485f8ba3831dfad094be,571,20530,0,0,0,,0,0,0,,0,0,0,,63,0,0,0,
c4ad3b6c4fe94f9a8142895fd869dfb9,571,3812,0,0,0,,0,0,0,,0,0,0,,1573,0,0,0,
7af8f321e84542dc9ccda160152fbf0b,571,18409,76,29,299,https://www.youtube.com/watch?v=O1bif1jIqX8,76,29,299,https://www.youtube.com/watch?v=O1bif1jIqX8,0,0,0,,0,0,0,0,
31073a45106c442cbe11fd4368e162fe,570,13822,0,0,0,,0,0,0,,0,0,0,,1825,185,97,975,https://www.twitch.tv/videos/2017792718
adb7f358e8134f30ac0919a74c9d171b,570,12126,0,0,0,,0,0,0,,0,0,0,,1379,229,165,696,https://www.twitch.tv/videos/2018879886
74c75f221fbb4cffa67de26881bae17d,569,28456,154,71,210,https://www.youtube.com/watch?v=pOJGkoYrCvA,154,71,210,https://www.youtube.com/watch?v=pOJGkoYrCvA,0,0,0,,0,0,0,0,
aba9c942b0d2418b8db52e37fcd54dea,568,12693,25,1,25,https://www.youtube.com/watch?v=OktAWnblHqk,25,1,25,https://www.youtube.com/watch?v=OktAWnblHqk,0,0,0,,0,0,0,0,
5e931b583dfe4fdc98d10e4dceaf2c93,567,20417,13,12,13,https://www.youtube.com/watch?v=RfsTd0--L9E,0,0,0,,13,12,13,https://www.youtube.com/watch?v=RfsTd0--L9E,966,126,115,126,https://www.twitch.tv/videos/2029117049
3c25eacbe340484cb36fc0920546d756,567,3207,0,0,0,,0,0,0,,0,0,0,,160,0,0,0,
bc7d14416ba24cc8819f0753e1f595f5,564,12255,77,47,336,https://www.youtube.com/watch?v=sWS45nY9EKk,63,45,164,https://www.youtube.com/watch?v=Q_qxfwOWm1o,137,51,336,https://www.youtube.com/watch?v=sWS45nY9EKk,0,0,0,0,
5cfc673e9de1433096a85e9236895c79,564,15220,0,0,0,,0,0,0,,0,0,0,,0,0,0,0,
20897307019d49adb4869274427efeb6,563,0,0,0,0,,0,0,0,,0,0,0,,0,0,0,0,
49c4f54141434226960845b2a46c432b,561,22514,42,29,57,https://www.youtube.com/watch?v=tTsH7RbGjOw,42,29,57,https://www.youtube.com/watch?v=tTsH7RbGjOw,0,0,0,,0,0,0,0,
defbc693cb874182807b768593439616,561,15602,0,0,0,,0,0,0,,0,0,0,,1214,0,0,0,
7531ceacd52e43b4a29ba4dc18a3f56c,560,18934,138,78,592,https://www.youtube.com/watch?v=VAUfMGeT1Ts,0,0,0,,138,78,592,https://www.youtube.com/watch?v=VAUfMGeT1Ts,1117,326,138,801,https://www.twitch.tv/videos/2030974257
b3fb28fe6a0e4fcfb8014e7a4070ca09,559,30097,73,50,327,https://www.youtube.com/watch?v=rPp74vaxZ_4,73,50,327,https://www.youtube.com/watch?v=rPp74vaxZ_4,0,0,0,,0,0,0,0,
d035333252764e9e8376858cde0b3bca,557,21558,14,6,41,https://www.youtube.com/watch?v=AA31yedeHjk,31,17,41,https://www.youtube.com/watch?v=AA31yedeHjk,10,5,36,https://www.youtube.com/watch?v=CiPZ8aRbnx4,677,32,27,43,https://www.twitch.tv/videos/2027324219
d59c12b12b964a498ee7c29574171ade,557,2425,172,43,230,https://www.youtube.com/watch?v=8b9BvQwhcL4,0,0,0,,172,43,230,https://www.youtube.com/watch?v=8b9BvQwhcL4,1043,0,0,0,
7342e2aefa41449880565dfd15a35cad,556,15554,51,37,137,https://www.youtube.com/watch?v=-ajBJ_RlGOg,52,39,137,https://www.youtube.com/watch?v=-ajBJ_RlGOg,30,15,30,https://www.youtube.com/watch?v=GAm2zCs7rGk,0,0,0,0,
cf38ee666e104dce949c195f5ac58da2,555,157936,88,60,2752,https://www.youtube.com/watch?v=9NjMJoa47dY,66,17,132,https://www.youtube.com/watch?v=6PUKA-6MMWg,140,76,2752,https://www.youtube.com/watch?v=9NjMJoa47dY,0,0,0,0,
572256c2d1774c4fa8f4543eebb2fed0,555,26157,0,0,0,,0,0,0,,0,0,0,,0,0,0,0,
948c874aac8c4c7fa088b380e79b2154,552,16532,53,34,70,https://www.youtube.com/watch?v=3sD58xZdv7k,53,34,70,https://www.youtube.com/watch?v=3sD58xZdv7k,0,0,0,,0,0,0,0,
2bb77726114545919cfdd3a66bc359de,552,10647,240,61,240,https://www.youtube.com/watch?v=xfumpbYnefc,240,61,240,https://www.youtube.com/watch?v=xfumpbYnefc,0,0,0,,0,0,0,0,
a2f9fd3568f3467aa35e411dbde1ab45,551,16112,63,35,63,https://www.youtube.com/watch?v=pLtf6XcVtuA,0,0,0,,63,35,63,https://www.youtube.com/watch?v=pLtf6XcVtuA,0,0,0,0,
fceadce7c37f4cc08bc747aa79c3cf9e,548,23828,84,41,2654,https://www.youtube.com/watch?v=ji3R5ntku-4,81,41,163,https://www.youtube.com/watch?v=U23rAhNJG04,158,41,2654,https://www.youtube.com/watch?v=ji3R5ntku-4,0,0,0,0,
fc6a8de6e0e14e05a11b1d35dfce1d71,547,28252,0,0,0,,0,0,0,,0,0,0,,0,0,0,0,
f1af649939f441ef83a72bac4dc974e3,546,15775,107,59,107,https://www.youtube.com/watch?v=KlVG11usrf0,0,0,0,,107,59,107,https://www.youtube.com/watch?v=KlVG11usrf0,0,0,0,0,
318268a48a3c47b7a56609c204d02b03,545,2445,0,0,0,,0,0,0,,0,0,0,,0,0,0,0,
6159040406fc4e6cb73dbf9734717703,545,56092,6320,2700,6320,https://www.youtube.com/watch?v=cvl-zTp83kk,0,0,0,,6320,2700,6320,https://www.youtube.com/watch?v=cvl-zTp83kk,2037,199,75,387,https://www.twitch.tv/videos/2012637318
968f0b8c521942d6939234c70f49747a,544,8730,53,26,94,https://www.youtube.com/watch?v=on9fT5wZMw0,65,35,94,https://www.youtube.com/watch?v=on9fT5wZMw0,40,10,40,https://www.youtube.com/watch?v=0wvMTCv-kBQ,1563,0,0,0,
490d50310ffe4de4aac9c6368b49a0aa,544,11829,137,42,1233,https://www.youtube.com/watch?v=1r8gsJXywDY,61,42,61,https://www.youtube.com/watch?v=-F3_TPJidtw,685,264,1233,https://www.youtube.com/watch?v=1r8gsJXywDY,0,0,0,0,
ffdc53dc3c764656a2f76031ee262b60,543,6936,0,0,0,,0,0,0,,0,0,0,,212,91,67,131,https://www.twitch.tv/videos/2025132325
684b648e422749e28b15aa79e69b89ad,543,23452,47,20,123,https://www.youtube.com/watch?v=eBjKZGkr5YQ,47,20,123,https://www.youtube.com/watch?v=eBjKZGkr5YQ,0,0,0,,0,0,0,0,
7e8a980a0df847dca63486f95fd619de,543,12309,0,0,0,,0,0,0,,0,0,0,,903,58,48,198,https://www.twitch.tv/videos/2022372594
2c83b5b4c0644e9d94c4221ba9543cc5,542,9229,0,0,0,,0,0,0,,0,0,0,,241,16,11,20,https://www.twitch.tv/videos/2029944093
e9fa90c6824c47abbfd114e9cd9b4125,542,16814,41,25,125,https://www.youtube.com/watch?v=95WynRMT-Ac,41,25,125,https://www.youtube.com/watch?v=95WynRMT-Ac,0,0,0,,0,0,0,0,
5964947a5624455cba648007ec04a0b9,542,9141,35,2,44,https://www.youtube.com/watch?v=-h-liPZcFqM,35,2,44,https://www.youtube.com/watch?v=-h-liPZcFqM,0,0,0,,0,0,0,0,
182c265206924dccb716fc21b37486b0,541,8700,0,0,0,,0,0,0,,0,0,0,,0,0,0,0,
d564ef4ee383435787e18dee18247631,540,18697,64,26,120,https://www.youtube.com/watch?v=jXZj6ey_qHA,62,24,120,https://www.youtube.com/watch?v=jXZj6ey_qHA,115,67,115,https://www.youtube.com/watch?v=DqMQNNwUrgc,184,25,19,42,https://www.twitch.tv/videos/2025585912
8f4142c5ead94656b4744b425d800fb8,540,60831,23,16,45,https://www.youtube.com/watch?v=v80QZxhjtXc,23,16,45,https://www.youtube.com/watch?v=v80QZxhjtXc,0,0,0,,0,0,0,0,
9d7ed986f4814efa83488c733d773bb6,539,53018,0,0,0,,0,0,0,,0,0,0,,0,0,0,0,
71cb4ba2455f4b7ca91945b5104d5686,536,19673,0,0,0,,0,0,0,,0,0,0,,0,0,0,0,
05434bb7cec84c04baa9a81aaf7373d0,534,16441,0,0,0,,0,0,0,,0,0,0,,0,0,0,0,
eeb6c761ff6040e1997e529eb1692d5e,534,17525,0,0,0,,0,0,0,,0,0,0,,0,0,0,0,
c6286d22a9344325bb1609918d442b93,534,29754,45,29,170,https://www.youtube.com/watch?v=eN76Be74Byg,44,25,49,https://www.youtube.com/watch?v=FtljaVy1eo8,170,43,170,https://www.youtube.com/watch?v=eN76Be74Byg,65,0,0,0,
0a067d81cfe24b39b770b67ad89b61a7,533,0,0,0,0,,0,0,0,,0,0,0,,0,0,0,0,
8460a099a32044a5aa602f780dec94f2,532,88,0,0,0,,0,0,0,,0,0,0,,6,0,0,0,
7bf1f37dccbe4c72860c81a2772b91e1,532,181962,21,10,53,https://www.youtube.com/watch?v=AD7bm3GL4IE,21,10,53,https://www.youtube.com/watch?v=AD7bm3GL4IE,0,0,0,,38,0,0,0,
d9cc0ae8d8d74a9092b760cceb412f56,531,12965,111,64,808,https://www.youtube.com/watch?v=e-qqGKeGnAE,129,48,129,https://www.youtube.com/watch?v=8pU27uMpt5E,94,79,808,https://www.youtube.com/watch?v=e-qqGKeGnAE,0,0,0,0,
2dc0dcb6a02e41b1b37c55639a898a68,531,23517,38,18,79,https://www.youtube.com/watch?v=61mdPJTypgE,35,16,62,https://www.youtube.com/watch?v=A3NIScXvtTM,79,43,79,https://www.youtube.com/watch?v=61mdPJTypgE,0,0,0,0,
5bbd1c2531594775a4b74928e630dd59,530,35253,0,0,0,,0,0,0,,0,0,0,,2367,172,101,466,https://www.twitch.tv/videos/2021421357
aabaf7767fa5449b86f58160496d0d4c,530,23039,55,34,98,https://www.youtube.com/watch?v=_dz6uA7tvKY,55,34,98,https://www.youtube.com/watch?v=_dz6uA7tvKY,0,0,0,,0,0,0,0,
f36c774fbf4847e1afdf66a1e4806ea3,529,11112,0,0,0,,0,0,0,,0,0,0,,572,195,159,522,https://www.twitch.tv/videos/2026396455
220353f9b2634c84953cc7d243fbc6a0,528,34315,25,16,53,https://www.youtube.com/watch?v=SbI9hw2phN0,25,16,53,https://www.youtube.com/watch?v=SbI9hw2phN0,0,0,0,,0,0,0,0,
3daee44c0bab401386813cff327a10a2,527,52195,117,26,740,https://www.youtube.com/watch?v=lcPrRiWmvOE,9,0,28,https://www.youtube.com/watch?v=zXNo_hMIuAs,187,58,740,https://www.youtube.com/watch?v=lcPrRiWmvOE,0,0,0,0,
e28e3e0d6eeb41fd836c199f4007b4df,525,4539,15,0,379,https://www.youtube.com/watch?v=npvsCiQ7eCI,0,0,0,,15,0,379,https://www.youtube.com/watch?v=npvsCiQ7eCI,2559,260,243,348,https://www.twitch.tv/videos/2029248429
dec8ff1f1ef243ccb8fa65edb7a813bd,523,4745,50,42,51,https://www.youtube.com/watch?v=ks0-mmvVVYU,50,42,51,https://www.youtube.com/watch?v=ks0-mmvVVYU,0,0,0,,332,0,0,0,
91f5b04be2e74f64b03e0774cc275748,522,20018,0,0,0,,0,0,0,,0,0,0,,0,0,0,0,
8881d23b0a3c426590c8a2509e363ec1,520,61518,1647,110,7536,https://www.youtube.com/watch?v=uegQrzfzC18,0,0,0,,1647,110,7536,https://www.youtube.com/watch?v=uegQrzfzC18,860,153,107,261,https://www.twitch.tv/videos/2021489352
2d95e2e1191046b1bb35697b37bda595,520,46135,96,36,270,https://www.youtube.com/watch?v=kgvdummi_5g,92,40,270,https://www.youtube.com/watch?v=kgvdummi_5g,117,16,132,https://www.youtube.com/watch?v=IprbH8l_XA0,0,0,0,0,
5b10cd7b61384d3180f4a39f127d50c1,515,9962,99,32,99,https://www.youtube.com/watch?v=cMn6_fhipt0,99,32,99,https://www.youtube.com/watch?v=cMn6_fhipt0,0,0,0,,0,0,0,0,
b16b9643e24d404a8de6d66551451b85,515,3849,0,0,0,,0,0,0,,0,0,0,,2537,455,435,854,https://www.twitch.tv/videos/2027211256
76fa8c4a5bbd4076add6ce8fcb185930,511,3016,68,39,104,https://www.youtube.com/watch?v=Uhf_KAG8JPs,68,39,104,https://www.youtube.com/watch?v=Uhf_KAG8JPs,0,0,0,,0,0,0,0,
fadd7b36ed6b4173a4cc4299af1e72b5,511,8459,0,0,0,,0,0,0,,0,0,0,,178,0,0,0,
9870111c23124c19a12de7bbdeb8abc1,510,6794,35,17,50,https://www.youtube.com/watch?v=rnGNATF4sS8,35,17,50,https://www.youtube.com/watch?v=rnGNATF4sS8,0,0,0,,0,0,0,0,
c79b5a5a5c8b4d8f917afdfc16c01961,508,11283,0,0,0,,0,0,0,,0,0,0,,2124,644,409,664,https://www.twitch.tv/videos/2019725899
b5e6939c87f34003b2faf4bb3a72ca14,507,10003,80,40,526,https://www.youtube.com/watch?v=-pDGqtgyOmQ,80,40,526,https://www.youtube.com/watch?v=-pDGqtgyOmQ,0,0,0,,0,0,0,0,
3e4c23394dde46f58f89cba536b208d5,507,12493,34,11,36,https://www.youtube.com/watch?v=dRFQaISQtGQ,34,11,36,https://www.youtube.com/watch?v=dRFQaISQtGQ,0,0,0,,0,0,0,0,
4b9dd40ad6f94e5fb03be5c79c6bcd25,507,6206,0,0,0,,0,0,0,,0,0,0,,17,0,0,0,
1053fad74222424c83f1498fc7896d75,506,247747,44,30,2412,https://www.youtube.com/watch?v=HSw4gCuj_X0,0,0,0,,44,30,2412,https://www.youtube.com/watch?v=HSw4gCuj_X0,0,0,0,0,
d6afb902dbe04e35ab52f961f538f9bd,505,9292,0,0,0,,0,0,0,,0,0,0,,96,0,0,0,
586377912f314b4d8c3be33760526ae0,505,59016,55,35,151,https://www.youtube.com/watch?v=Ppk78ZyNaDQ,52,34,79,https://www.youtube.com/watch?v=xnwRH0RBFQQ,58,37,151,https://www.youtube.com/watch?v=Ppk78ZyNaDQ,0,0,0,0,
19f507cc460a426cb02013fb203bd0a7,505,12469,0,0,0,,0,0,0,,0,0,0,,398,57,30,57,https://www.twitch.tv/videos/2018029572
a00240316f524d218d889d00a8b42721,504,42448,73,46,123,https://www.youtube.com/watch?v=mFqeVj2cQ0c,73,46,123,https://www.youtube.com/watch?v=mFqeVj2cQ0c,0,0,0,,0,0,0,0,
e306270e80094416818cfddb33153419,504,10669,0,0,0,,0,0,0,,0,0,0,,0,0,0,0,
ec183b10574a449f91e43ab216976a60,504,12505,388,295,2187,https://www.youtube.com/watch?v=F7-uIUzN9BU,255,81,388,https://www.youtube.com/watch?v=ei71xc7G7fw,1509,729,2187,https://www.youtube.com/watch?v=F7-uIUzN9BU,182,174,138,615,https://www.twitch.tv/videos/2018881756
95eabea4e8014fedb5d34ea27137a4ca,501,20793,0,0,0,,0,0,0,,0,0,0,,0,0,0,0,
d1fc8e7219584287bc20234b6ab64dd9,501,8694,20,9,20,https://www.youtube.com/watch?v=GzO8jiO5htM,0,0,0,,20,9,20,https://www.youtube.com/watch?v=GzO8jiO5htM,0,0,0,0,
0aa8c41f04bf4f12b9a8281353ea448a,500,13607,286,244,4111,https://www.youtube.com/watch?v=IUBtWLPKIKA,0,0,0,,286,244,4111,https://www.youtube.com/watch?v=IUBtWLPKIKA,3714,636,378,1818,https://www.twitch.tv/videos/2015019306
7dc8617f6004470c8a65a67a9abdf661,500,14172,15,4,23,https://www.youtube.com/watch?v=pHU81iSrXr0,15,4,23,https://www.youtube.com/watch?v=pHU81iSrXr0,0,0,0,,176,0,0,0,
1760601b33854f2ab58b6217bd2cfedf,499,29621,48,3,48,https://www.youtube.com/watch?v=4WEOpFzbIPU,48,3,48,https://www.youtube.com/watch?v=4WEOpFzbIPU,0,0,0,,0,0,0,0,
87f156d485c047ec9c137894c7452da4,499,6061,0,0,0,,0,0,0,,0,0,0,,541,0,0,0,
4abb927b8dc049768d63b4a8e229e8cc,496,0,0,0,0,,0,0,0,,0,0,0,,0,0,0,0,
027dc46502ee4350ba597000191659ae,496,5520,51,37,95,https://www.youtube.com/watch?v=TZi91mfaRBI,51,37,95,https://www.youtube.com/watch?v=TZi91mfaRBI,0,0,0,,2,0,0,0,
284904fe0fc5485f926eb7941427d8f4,494,7329,0,0,0,,0,0,0,,0,0,0,,0,0,0,0,
7677c9c71c0a4decad1472b7ecc604bb,494,4606,0,0,0,,0,0,0,,0,0,0,,486,18,14,20,https://www.twitch.tv/videos/2025481726
01d150623c984f3d8d7de4b1859afadd,493,9264,19,11,40,https://www.youtube.com/watch?v=DI3gyDvZfCA,0,0,0,,19,11,40,https://www.youtube.com/watch?v=DI3gyDvZfCA,0,0,0,0,
a984f1576f124e80a1a8a5ff78efa4db,492,9944,0,0,0,,0,0,0,,0,0,0,,0,0,0,0,
09db2ab40bc54cae831b5514b68be313,491,0,0,0,0,,0,0,0,,0,0,0,,0,0,0,0,
b9b727200b664a98bc1a8fd76d3cdb9c,490,8423,86,35,135,https://www.youtube.com/watch?v=uZYnjgmBXWw,86,35,135,https://www.youtube.com/watch?v=uZYnjgmBXWw,0,0,0,,0,0,0,0,
65c0e7f6562d419e944caea644836c1f,489,3493,1573,1137,1573,https://www.youtube.com/watch?v=QOs4WKg-LLU,0,0,0,,1573,1137,1573,https://www.youtube.com/watch?v=QOs4WKg-LLU,45,0,0,0,
7a2ad28d7377465a8721724cfce9ffb5,487,5856,0,0,0,,0,0,0,,0,0,0,,0,0,0,0,
ee5418c900a7400fa44c821eaaca0218,487,10242,5,1,200,https://www.youtube.com/watch?v=L_7XjT1Wz1U,0,0,0,,5,1,200,https://www.youtube.com/watch?v=L_7XjT1Wz1U,486,35,12,62,https://www.twitch.tv/videos/2004721781
14d68e1fc65f4206b0c45d65970c0215,487,24939,67,9,104,https://www.youtube.com/watch?v=SQCFB-qKg6k,67,9,104,https://www.youtube.com/watch?v=SQCFB-qKg6k,0,0,0,,0,0,0,0,
d5492ff86b504660a62f34b27c9a2830,485,5830,0,0,0,,0,0,0,,0,0,0,,0,0,0,0,
2ea9fee301f94b70bc5ed51d628006a9,483,24528,56,22,92,https://www.youtube.com/watch?v=hEPAqlEEtZs,56,22,92,https://www.youtube.com/watch?v=hEPAqlEEtZs,0,0,0,,164,73,54,94,https://www.twitch.tv/videos/2025560547
3a932cc8813343b6bb5d822cb2f53558,483,15630,13,4,70,https://www.youtube.com/watch?v=936wwLmFhxc,12,5,12,https://www.youtube.com/watch?v=rZIe33dl6FQ,13,3,70,https://www.youtube.com/watch?v=936wwLmFhxc,2592,218,92,406,https://www.twitch.tv/videos/2016756614
52136fb3529d4f5eb5225ade4209b8b3,480,10670,9,8,16,https://www.youtube.com/watch?v=DXwnMOX1s7s,16,13,16,https://www.youtube.com/watch?v=DXwnMOX1s7s,3,2,3,https://www.youtube.com/watch?v=w8mLWD9YGkU,0,0,0,0,
395eade6d67445e1831010cac52ab444,478,6981,73,53,531,https://www.youtube.com/watch?v=DmdSFhK9jPc,73,53,129,https://www.youtube.com/watch?v=EpVULOG-KIs,289,225,531,https://www.youtube.com/watch?v=DmdSFhK9jPc,458,109,73,204,https://www.twitch.tv/videos/2019733630
521477be11a44c43b063b394757b2342,477,29715,48,8,101,https://www.youtube.com/watch?v=hHS1GvEtalY,48,11,101,https://www.youtube.com/watch?v=hHS1GvEtalY,10,0,10,https://www.youtube.com/watch?v=2006IN6xKWc,0,0,0,0,
cf506fa1dffe441eadad8010f3f7725c,477,12183,0,0,0,,0,0,0,,0,0,0,,808,0,0,0,
bd16ea1e11d9475eb53a108ba90ea6a3,475,35713,38,11,77,https://www.youtube.com/watch?v=agLj-aqaU0U,59,32,77,https://www.youtube.com/watch?v=agLj-aqaU0U,18,6,25,https://www.youtube.com/watch?v=trl5T1259_k,0,0,0,0,
dbe3f9880dec4a03bcc1943343455a6c,472,19926,30,9,38,https://www.youtube.com/watch?v=JtmH9G-Hnfo,30,9,38,https://www.youtube.com/watch?v=JtmH9G-Hnfo,0,0,0,,0,0,0,0,
76dd6a38f28f442a87ee5c5ee75b1a29,472,2417,0,0,0,,0,0,0,,0,0,0,,0,0,0,0,
d1719d9d50c347efa498bb8644447392,471,0,0,0,0,,0,0,0,,0,0,0,,0,0,0,0,
08959069eae342deab6803454669b60e,470,0,0,0,0,,0,0,0,,0,0,0,,0,0,0,0,
7e8047d78da3487a8e9dd33c67554d30,468,16540,0,0,0,,0,0,0,,0,0,0,,81,0,0,0,
9959d43cae9b49dbbcd666f742322b4a,468,12554,72,19,109,https://www.youtube.com/watch?v=8dwMvADTziM,0,0,0,,72,19,109,https://www.youtube.com/watch?v=8dwMvADTziM,454,49,36,89,https://www.twitch.tv/videos/2021325217
cf3f6ac6a22446ce912bbdc59c9f64ae,467,22960,44,23,2439,https://www.youtube.com/watch?v=eCeB3JSusOc,44,23,80,https://www.youtube.com/watch?v=lEgK0dhXGIc,1533,901,2439,https://www.youtube.com/watch?v=eCeB3JSusOc,220,58,46,64,https://www.twitch.tv/videos/2028317592
b2e19555d1f441a8a0e3f53b6507863e,465,22488,48,25,94,https://www.youtube.com/watch?v=0Skc-cxN6Mw,48,25,94,https://www.youtube.com/watch?v=0Skc-cxN6Mw,0,0,0,,109,0,0,0,
eb4cd9453fb04a3ea056ec068b02348f,464,46005,37,17,782,https://www.youtube.com/watch?v=DL3Zy0o7Xq0,42,19,74,https://www.youtube.com/watch?v=afHN7E8kfi0,17,6,782,https://www.youtube.com/watch?v=DL3Zy0o7Xq0,116,69,36,69,https://www.twitch.tv/videos/2018225920
37e88453b9cb48b1863bc455328b34c1,463,6625,26,11,26,https://www.youtube.com/watch?v=cmKGDd15vd4,0,0,0,,26,11,26,https://www.youtube.com/watch?v=cmKGDd15vd4,899,159,104,491,https://www.twitch.tv/videos/2019100989
17a340801a7d4697be53c472c621993d,463,21009,25,21,25,https://www.youtube.com/watch?v=-kNaw83slSI,25,21,25,https://www.youtube.com/watch?v=-kNaw83slSI,0,0,0,,583,88,54,215,https://www.twitch.tv/videos/2018751648
2bffdc20e3cb48de9bf46600f62d248e,462,19612,30,29,30,https://www.youtube.com/watch?v=hJVn6SqTq9E,30,29,30,https://www.youtube.com/watch?v=hJVn6SqTq9E,0,0,0,,225,20,17,51,https://www.twitch.tv/videos/2019666343
0b8d1c0fa1b14df6821e85def645425e,462,28927,63,25,372,https://www.youtube.com/watch?v=0xnCgfcsuTc,63,23,88,https://www.youtube.com/watch?v=koZv-KjXmmg,216,68,372,https://www.youtube.com/watch?v=0xnCgfcsuTc,75,44,40,44,https://www.twitch.tv/videos/2029270093
62ca936be6c645a7bf2222b67086800a,461,130305,0,0,0,,0,0,0,,0,0,0,,874,199,115,305,https://www.twitch.tv/videos/2021749542
fad52a34935b402a819aa4bb504453da,461,19279,74,59,117,https://www.youtube.com/watch?v=knBOv6turvE,74,59,117,https://www.youtube.com/watch?v=knBOv6turvE,0,0,0,,0,0,0,0,
0ad03ee6159c4d37a4feccbc49ba3dcf,460,27085,8,4,13,https://www.youtube.com/watch?v=ex4lXXa2nJs,8,4,13,https://www.youtube.com/watch?v=ex4lXXa2nJs,8,2,8,https://www.youtube.com/watch?v=wLNCgMXW3nM,107,0,0,0,
7b578956fab14341919193c03ca3ab32,460,10457,87,28,87,https://www.youtube.com/watch?v=Z85-ldXmUs8,87,28,87,https://www.youtube.com/watch?v=Z85-ldXmUs8,0,0,0,,0,0,0,0,
f0f6694a60de4fb799b3f315abbaf7b6,460,19708,0,0,0,,0,0,0,,0,0,0,,0,0,0,0,
3513b73ded994bc3a92a70c9632c9856,458,7728,0,0,0,,0,0,0,,0,0,0,,5599,376,287,1013,https://www.twitch.tv/videos/2019564655
c3e1a96f96334696af38e93fa8178085,458,7314,14,3,38,https://www.youtube.com/watch?v=tT45hUXTvVE,35,0,35,https://www.youtube.com/watch?v=kXFvfhNxJxw,11,4,38,https://www.youtube.com/watch?v=tT45hUXTvVE,942,0,0,0,
df16e863bea643d3a8a90ccb5577ed04,457,17092,0,0,0,,0,0,0,,0,0,0,,0,0,0,0,
44332b31031149f5bd411f415cbb531e,457,12957,44,19,1453,https://www.youtube.com/watch?v=VuxDAAZh4Ig,42,14,115,https://www.youtube.com/watch?v=LbLV6qajt-Q,222,211,1453,https://www.youtube.com/watch?v=VuxDAAZh4Ig,208,98,68,137,https://www.twitch.tv/videos/2021346636
45dc3a8a88054fc6adf55549304aca1c,457,8592,64,28,140,https://www.youtube.com/watch?v=PVLHpmMPvx8,64,28,140,https://www.youtube.com/watch?v=PVLHpmMPvx8,0,0,0,,0,0,0,0,
e911a56d410b4949aee1d3a8dc84f4ad,454,22172,18,9,24,https://www.youtube.com/watch?v=FFGBkAsC0Xs,18,9,24,https://www.youtube.com/watch?v=FFGBkAsC0Xs,0,0,0,,0,0,0,0,
9189101a4bb740de969b772dde92125a,454,5674,0,0,0,,0,0,0,,0,0,0,,1152,96,65,191,https://www.twitch.tv/videos/2023471282
ce013f56157740e59c7735bd51356260,453,15949,158,36,225,https://www.youtube.com/watch?v=jGJbIQ4XGnk,92,6,92,https://www.youtube.com/watch?v=-G-Prso1SbU,225,66,225,https://www.youtube.com/watch?v=jGJbIQ4XGnk,273,0,0,0,
2dc29f6b05584c718c60034af9883496,453,75311,0,0,0,,0,0,0,,0,0,0,,0,0,0,0,
5c5880d994854afbbea0a35716bce186,453,8124,32,16,73,https://www.youtube.com/watch?v=RJJ3dKh_lWY,32,16,73,https://www.youtube.com/watch?v=RJJ3dKh_lWY,0,0,0,,1414,0,0,0,
6c9b67b00b3c4940a6af6a6604b0b1fd,451,11002,0,0,0,,0,0,0,,0,0,0,,0,0,0,0,
83ec4919298a4ad5984e3da31109a4c8,450,2816,0,0,0,,0,0,0,,0,0,0,,4144,1150,462,2084,https://www.twitch.tv/videos/2029279017
4c12d4acc74d46e3b336d51c07523305,449,7031,61,12,61,https://www.youtube.com/watch?v=mG4zpaTNp54,61,12,61,https://www.youtube.com/watch?v=mG4zpaTNp54,0,0,0,,0,0,0,0,
66345fc8147b45e99d6eba1b0df6ba7c,449,22969,44,35,77,https://www.youtube.com/watch?v=4MQWWl2XyM0,44,35,77,https://www.youtube.com/watch?v=4MQWWl2XyM0,0,0,0,,0,0,0,0,
3869b056864b4e60a6420aa6011f09fd,447,9683,0,0,0,,0,0,0,,0,0,0,,0,0,0,0,
9e3222bedec44f1a8fecdc237c020cbd,447,124718,24,13,26,https://www.youtube.com/watch?v=39qkELE1-5c,0,0,0,,24,13,26,https://www.youtube.com/watch?v=39qkELE1-5c,319,13,9,13,https://www.twitch.tv/videos/2024103860
04efe2883aff4fb189084cb815c7c036,446,0,0,0,0,,0,0,0,,0,0,0,,0,0,0,0,
3bc6afb820df4f59b2c6ff1c25d1eed3,445,39689,68,43,240,https://www.youtube.com/watch?v=L8RLr_t4TnY,66,39,129,https://www.youtube.com/watch?v=bdGLwMMvRVA,151,93,240,https://www.youtube.com/watch?v=L8RLr_t4TnY,0,0,0,0,
aa673b95b03540288c87dbaa59477ef9,442,21827,67,18,111,https://www.youtube.com/watch?v=0n3PB8BxOts,87,24,111,https://www.youtube.com/watch?v=0n3PB8BxOts,36,18,52,https://www.youtube.com/watch?v=ak-kMNDleYA,0,0,0,0,
4c127c01ba31487599018fc81ff1a3dd,441,23275,10,2,80,https://www.youtube.com/watch?v=VW0Ph3nCAhY,10,2,80,https://www.youtube.com/watch?v=VW0Ph3nCAhY,0,0,0,,0,0,0,0,
acd2bce38d2140e2b625b3eb9a830624,441,6942,63,46,71,https://www.youtube.com/watch?v=nTHDsawhO-M,63,46,71,https://www.youtube.com/watch?v=nTHDsawhO-M,0,0,0,,0,0,0,0,
238b4a68bcde4f3bbf18b0b01f66ec43,439,24653,35,12,53,https://www.youtube.com/watch?v=bdaagqFKo8I,44,15,53,https://www.youtube.com/watch?v=bdaagqFKo8I,20,7,20,https://www.youtube.com/watch?v=NQGuFSTMtGI,0,0,0,0,
7b0c97dee5844e27a54e93e92c8cfc91,439,8477,0,0,0,,0,0,0,,0,0,0,,2873,343,247,511,https://www.twitch.tv/videos/2022391115
8db6aab32c8e45c8a70d0850bfcd3e5c,438,19970,17,13,56,https://www.youtube.com/watch?v=PoITNV_cEz8,54,18,56,https://www.youtube.com/watch?v=PoITNV_cEz8,16,9,17,https://www.youtube.com/watch?v=Zxwh8h21AdM,120,0,0,0,
6fa5098cd1c644c5871a47a7e56803dc,438,6171,144,72,339,https://www.youtube.com/watch?v=kZd8QcJQZXY,144,72,339,https://www.youtube.com/watch?v=kZd8QcJQZXY,0,0,0,,0,0,0,0,
ce408f8b30704b42a7492f0e40684317,438,15517,0,0,0,,0,0,0,,0,0,0,,297,100,83,117,https://www.twitch.tv/videos/2029121857
0c3b5ae85d2940b8b73a92d72dc0d313,436,5844,42,18,139,https://www.youtube.com/watch?v=R8j6nmbRENU,42,18,139,https://www.youtube.com/watch?v=R8j6nmbRENU,0,0,0,,0,0,0,0,
e2e125618df1445c9da9494bbd643b95,434,23946,29,3,42,https://www.youtube.com/watch?v=k1yU2OAkHRw,29,3,42,https://www.youtube.com/watch?v=k1yU2OAkHRw,0,0,0,,24,0,0,0,
64d9adbc552c487db0cdf42ac3845e18,433,34076,62,17,102,https://www.youtube.com/watch?v=jJAlguJGN90,62,17,102,https://www.youtube.com/watch?v=jJAlguJGN90,0,0,0,,44,0,0,0,
10550198223845c9a95ff1993088b464,432,6108,28,11,39,https://www.youtube.com/watch?v=1P3ZOA55yXE,28,11,39,https://www.youtube.com/watch?v=1P3ZOA55yXE,0,0,0,,0,0,0,0,
f998ba5e4a2f4cd9a979e034d338bfe9,432,11382,0,0,0,,0,0,0,,0,0,0,,0,0,0,0,
83f96fd6cab64f4da581c50cd2a31b82,432,4425,0,0,0,,0,0,0,,0,0,0,,3587,0,0,0,
7c0acdc8fe2449deb487cbb827b51723,431,16307,142,56,1469,https://www.youtube.com/watch?v=f2UmNTLd-eQ,137,56,316,https://www.youtube.com/watch?v=zHzGQoTc5WU,211,91,1469,https://www.youtube.com/watch?v=f2UmNTLd-eQ,22,0,0,0,
9bb20f60d5c440d39eb4f14fbe48a296,431,5616,36,12,89,https://www.youtube.com/watch?v=Vg2sDHZzpF8,36,12,89,https://www.youtube.com/watch?v=Vg2sDHZzpF8,0,0,0,,0,0,0,0,
c79c2ac57f9048eebdc1b9329209e19f,431,14561,43,3,43,https://www.youtube.com/watch?v=3-kkGrxPe4U,0,0,0,,43,3,43,https://www.youtube.com/watch?v=3-kkGrxPe4U,278,0,0,0,
7c781489389447e682388caccae7fb1c,430,12556,12,4,23,https://www.youtube.com/watch?v=1ptCIt5fw7E,0,0,0,,12,4,23,https://www.youtube.com/watch?v=1ptCIt5fw7E,712,92,60,223,https://www.twitch.tv/videos/2025448327
c2362f5ca48445a89fd081c4b2bc74d4,430,10353,55,23,148,https://www.youtube.com/watch?v=y65xQk3S_pg,47,20,76,https://www.youtube.com/watch?v=j59Uy_M6e1g,142,93,148,https://www.youtube.com/watch?v=y65xQk3S_pg,101,0,0,0,
ff445c140e9a4211960268c261e18fba,429,10311,0,0,0,,0,0,0,,0,0,0,,1373,266,183,351,https://www.twitch.tv/videos/2027429775
26eba1f0fabf425aa5769e01e855ea28,429,20861,60,47,1516,https://www.youtube.com/watch?v=4dEM7d1xvlA,59,37,96,https://www.youtube.com/watch?v=2M4a0itOqC4,1516,335,1516,https://www.youtube.com/watch?v=4dEM7d1xvlA,0,0,0,0,
20b358775f2c4e7aa0a9f4e5090fe557,428,0,0,0,0,,0,0,0,,0,0,0,,0,0,0,0,
61c75f9fbf044b54872197eec7c9bafa,426,101805,67,45,1159,https://www.youtube.com/watch?v=L5LrnwsKzf8,39,15,93,https://www.youtube.com/watch?v=P7WSaHufXBo,672,403,1159,https://www.youtube.com/watch?v=L5LrnwsKzf8,0,0,0,0,
2afeb8ff2471460da2f02cb36c0c6345,424,4729,0,0,0,,0,0,0,,0,0,0,,1305,109,75,160,https://www.twitch.tv/videos/2023595858
5c70a4710fca4b86ac63d56b0e894284,424,22822,0,0,0,,0,0,0,,0,0,0,,0,0,0,0,
049cb6d09a3b4db49962aa5b8e468a3f,423,12088,137,67,246,https://www.youtube.com/watch?v=dl6D6M6bGBc,141,67,246,https://www.youtube.com/watch?v=dl6D6M6bGBc,84,56,105,https://www.youtube.com/watch?v=B1_6wiUE39w,86,46,32,103,https://www.twitch.tv/videos/2023436667
15bc73fc2acf4a7695bab31fdea450f0,423,11354,15,1,81,https://www.youtube.com/watch?v=REOu2apYN5M,81,18,81,https://www.youtube.com/watch?v=REOu2apYN5M,12,0,24,https://www.youtube.com/watch?v=DuX6la_o-dg,0,0,0,0,
8a86c4d0f4ce462a92c6bf09c027e432,422,92956,0,0,0,,0,0,0,,0,0,0,,0,0,0,0,
f16af590d65d4d07bb6603aed00a1a78,422,0,0,0,0,,0,0,0,,0,0,0,,0,0,0,0,
c8cb49db0c6842afa1a9bb8bb2620e8f,421,21447,20,15,435,https://www.youtube.com/watch?v=DG9C_VdCLwg,300,163,435,https://www.youtube.com/watch?v=DG9C_VdCLwg,9,5,26,https://www.youtube.com/watch?v=sbMAcxaQgtw,0,0,0,0,
031da54f73f94adf8159ef0d3bfeb52b,421,31695,47,24,72,https://www.youtube.com/watch?v=9E2lk5gfdMo,48,24,72,https://www.youtube.com/watch?v=9E2lk5gfdMo,36,19,36,https://www.youtube.com/watch?v=GMEKG5TqSQo,0,0,0,0,
15ee6c1788974e31aefed5cc023781af,421,1442,0,0,0,,0,0,0,,0,0,0,,666,14,12,15,https://www.twitch.tv/videos/2028163109
7653119a278b4ea59d2af5e2ba7d30e0,421,4786,128,64,690,https://www.youtube.com/watch?v=i13IBn8ugJI,174,109,690,https://www.youtube.com/watch?v=i13IBn8ugJI,107,22,326,https://www.youtube.com/watch?v=MYFHiXNLCxY,0,0,0,0,
acc708b79f1c4e388466b407387e7cb5,420,27128,21,9,50,https://www.youtube.com/watch?v=AU72bCMnE5c,21,9,50,https://www.youtube.com/watch?v=AU72bCMnE5c,0,0,0,,0,0,0,0,
e57eccbb01a64ef2990cad149cd08364,420,8688,0,0,0,,0,0,0,,0,0,0,,1568,139,103,213,https://www.twitch.tv/videos/2020373508
b0ec0f1ffbd8426982e7ca40d4b1064b,419,8791,20,18,20,https://www.youtube.com/watch?v=UqiI5gQt_-4,20,18,20,https://www.youtube.com/watch?v=UqiI5gQt_-4,0,0,0,,0,0,0,0,
22b0dfc3703e477d9ce6880cdbfafd91,419,13652,50,17,50,https://www.youtube.com/watch?v=-wcWzWD95Es,50,17,50,https://www.youtube.com/watch?v=-wcWzWD95Es,0,0,0,,1466,142,119,173,https://www.twitch.tv/videos/2026436717
6c166d9128e74147a5c0b1dbf89c885c,418,5456,24,10,27,https://www.youtube.com/watch?v=RBXnCgqTAYU,24,10,27,https://www.youtube.com/watch?v=RBXnCgqTAYU,0,0,0,,0,0,0,0,
d1ea458cb9094770ab63aa0bfc487981,417,7065,24,3,77,https://www.youtube.com/watch?v=ILsLVSYUkJA,24,3,77,https://www.youtube.com/watch?v=ILsLVSYUkJA,0,0,0,,0,0,0,0,
5f6dcf3b9b71405498aa07a2b80cb5ec,417,62172,66,32,179,https://www.youtube.com/watch?v=5Sjm7ZOhgSk,0,0,0,,66,32,179,https://www.youtube.com/watch?v=5Sjm7ZOhgSk,371,59,42,65,https://www.twitch.tv/videos/2024412850
7051e693d03645bda16b3591f06ebd3f,417,18261,5,2,27,https://www.youtube.com/watch?v=mIs5QyERoJ8,0,0,0,,5,2,27,https://www.youtube.com/watch?v=mIs5QyERoJ8,0,0,0,0,
c7400e2934c646e49f7df1816de41360,416,16427,20,11,20,https://www.youtube.com/watch?v=NMe-kpl8zB4,20,11,20,https://www.youtube.com/watch?v=NMe-kpl8zB4,0,0,0,,27,0,0,0,
ff88906b47654805b8370426415f1183,416,18419,0,0,0,,0,0,0,,0,0,0,,1148,0,0,0,
5fbf4f6751f24d03a5723670cd500aca,415,9495,51,45,51,https://www.youtube.com/watch?v=zFEsQ7T-T7o,0,0,0,,51,45,51,https://www.youtube.com/watch?v=zFEsQ7T-T7o,656,161,131,177,https://www.twitch.tv/videos/2028198831
1a95847597f04ae39d6f0d9caba04a5f,415,12944,0,0,0,,0,0,0,,0,0,0,,1044,119,88,169,https://www.twitch.tv/videos/2025255781
8c494e45ce5b462aa744d46bbdc54021,414,74222,0,0,0,,0,0,0,,0,0,0,,205,0,0,0,
64199c3fe4914883a1a9b4a68dc332be,414,5963,0,0,0,,0,0,0,,0,0,0,,143,0,0,0,
4a2df649332047d3b733c88209925f4c,413,6282,87,38,140,https://www.youtube.com/watch?v=PCK5KY745XU,0,0,0,,87,38,140,https://www.youtube.com/watch?v=PCK5KY745XU,894,428,281,587,https://www.twitch.tv/videos/2023083953
993f7baff5d24cf69d077e30f7fd1a9d,412,19729,0,0,0,,0,0,0,,0,0,0,,0,0,0,0,
994fcc5db40840ae990cf1ce43728548,412,11441,0,0,0,,0,0,0,,0,0,0,,0,0,0,0,
2efed2f9e0c54ec4b58fc27154bd09ac,411,15770,0,0,0,,0,0,0,,0,0,0,,202,0,0,0,
4eecf80e6ecc4644a7ff08314e6e0c82,411,4769,50,27,263,https://www.youtube.com/watch?v=9NUMjgITX4c,48,29,129,https://www.youtube.com/watch?v=CwthGdl8u14,70,22,263,https://www.youtube.com/watch?v=9NUMjgITX4c,218,0,0,0,
f461b26ba47b4e37a90d2ca4fa5fa329,411,11278,69,24,232,https://www.youtube.com/watch?v=mVaPfAcPKis,62,22,136,https://www.youtube.com/watch?v=M2TnPCAMPLE,232,166,232,https://www.youtube.com/watch?v=mVaPfAcPKis,0,0,0,0,
2d20aadf97d847939178a297b535b431,410,206176,20,16,83,https://www.youtube.com/watch?v=pi5Tr5Drdp0,0,0,0,,20,16,83,https://www.youtube.com/watch?v=pi5Tr5Drdp0,0,0,0,0,
20b9316c0979495fbff724be3442d4a4,410,48572,44,16,75,https://www.youtube.com/watch?v=Z3LaZtqwx3M,46,16,75,https://www.youtube.com/watch?v=Z3LaZtqwx3M,18,13,68,https://www.youtube.com/watch?v=4UgQbZYbOic,4,0,0,0,
ff1dd127b71b4c3597dcb53c47782994,409,8851,260,57,3977,https://www.youtube.com/watch?v=KNngYOBQcFQ,0,0,0,,260,57,3977,https://www.youtube.com/watch?v=KNngYOBQcFQ,3314,416,344,1053,https://www.twitch.tv/videos/2024312940
b7b1cb60f1c24c0ea4fb1f506d3e247a,406,7908,5,2,47,https://www.youtube.com/watch?v=xfn8uwqr7p8,0,0,0,,5,2,47,https://www.youtube.com/watch?v=xfn8uwqr7p8,586,116,87,170,https://www.twitch.tv/videos/2029237247
e802bcea6eb04ce6aa9041aa5e06ceae,402,12665,0,0,0,,0,0,0,,0,0,0,,0,0,0,0,
3849edba2b2e411f8564e9c1d1aaaa51,402,33698,64,27,79,https://www.youtube.com/watch?v=fXpKDXuPaic,64,27,79,https://www.youtube.com/watch?v=fXpKDXuPaic,0,0,0,,0,0,0,0,
af04c9cb9b56499bb305a49ba7fd2eef,401,6212,70,54,91,https://www.youtube.com/watch?v=BV2XCkVgRbQ,70,54,91,https://www.youtube.com/watch?v=BV2XCkVgRbQ,0,0,0,,0,0,0,0,
2103bcf7923d4f74b2d043bffef71cc1,400,15903,52,29,69,https://www.youtube.com/watch?v=79bzaye-Yv4,52,29,69,https://www.youtube.com/watch?v=79bzaye-Yv4,0,0,0,,0,0,0,0,
323c21f9e49f47d48609f698a3f81fd5,399,4373,0,0,0,,0,0,0,,0,0,0,,0,0,0,0,
71527d28bef840c282650e040a446374,398,2821,0,0,0,,0,0,0,,0,0,0,,300,0,0,0,
b3f711673fea4ec5b6f87c023353594d,397,11070,76,42,1650,https://www.youtube.com/watch?v=LXFAJOxYzVs,60,28,150,https://www.youtube.com/watch?v=qLdVV7oK-8M,123,117,1650,https://www.youtube.com/watch?v=LXFAJOxYzVs,0,0,0,0,
bd04e64364a545d39069ab05e09c8156,395,10485,80,36,256,https://www.youtube.com/watch?v=xBpJIxIVWnE,87,42,256,https://www.youtube.com/watch?v=xBpJIxIVWnE,42,34,105,https://www.youtube.com/watch?v=TkvCsHY5Fwg,0,0,0,0,
f771e51357eb44d2820afd47aba3b546,395,8737,0,0,0,,0,0,0,,0,0,0,,275,41,21,41,https://www.twitch.tv/videos/2017926442
9c0184b0f01a4af4a4c2c56139682fb9,395,4576,75,38,464,https://www.youtube.com/watch?v=YMIUxfgOq6s,75,38,464,https://www.youtube.com/watch?v=YMIUxfgOq6s,136,52,136,https://www.youtube.com/watch?v=wUEMLxPPCm4,0,0,0,0,
789a5da3ba8146e9ac10a8814f096b49,394,14123,0,0,0,,0,0,0,,0,0,0,,0,0,0,0,
5b1bd72acc95440cb3aa381c89cfca3c,394,18771,40,35,62,https://www.youtube.com/watch?v=cPqZbSK7zLo,31,25,48,https://www.youtube.com/watch?v=g_WwIM0ch6o,47,37,62,https://www.youtube.com/watch?v=cPqZbSK7zLo,0,0,0,0,
aa182728aa6d44c4ae37caa7cdb8ed29,394,13868,40,28,101,https://www.youtube.com/watch?v=r1cbShI6zcQ,40,28,101,https://www.youtube.com/watch?v=r1cbShI6zcQ,0,0,0,,220,22,17,25,https://www.twitch.tv/videos/2023200888
8527ad14c0a348e19d1dc223e0abac20,392,7715,0,0,0,,0,0,0,,0,0,0,,851,70,52,109,https://www.twitch.tv/videos/2029222880
236bfe277b89428dacb6ecc89fdb6ca2,389,0,0,0,0,,0,0,0,,0,0,0,,0,0,0,0,
62b7ee328a7b42b0a1da0ab3bc22d1db,389,20209,34,18,72,https://www.youtube.com/watch?v=Q6hTy1eXcVA,34,18,72,https://www.youtube.com/watch?v=Q6hTy1eXcVA,0,0,0,,473,86,58,385,https://www.twitch.tv/videos/2024471396
b3b24f0ebecc45118f88f12042bd59c8,389,50752,8,2,2582,https://www.youtube.com/watch?v=OjpFpn8OE_0,8,2,18,https://www.youtube.com/watch?v=sRENxSCYvfk,19,2,2582,https://www.youtube.com/watch?v=OjpFpn8OE_0,0,0,0,0,
42ff41f7d6884ae8b93ed46415376d83,388,9100,30,23,40,https://www.youtube.com/watch?v=93Hf_dhNftE,30,23,40,https://www.youtube.com/watch?v=93Hf_dhNftE,0,0,0,,0,0,0,0,
05055e62d34241888df31217ac25e671,386,19256,13,7,35,https://www.youtube.com/watch?v=M1Nkq71aRDc,13,7,35,https://www.youtube.com/watch?v=M1Nkq71aRDc,0,0,0,,1245,33,24,64,https://www.twitch.tv/videos/2024213496
1e4f8348a36e4ab3abda426f1810513a,386,8987,43,24,48,https://www.youtube.com/watch?v=gAYSQ7NTWHc,43,24,48,https://www.youtube.com/watch?v=gAYSQ7NTWHc,0,0,0,,0,0,0,0,
fb5a1dbf496e4e7fb1e7698bb92c4acf,385,21870,0,0,0,,0,0,0,,0,0,0,,0,0,0,0,
5d1f5182f62642a8a2e3ae5d3ead1014,384,14109,37,25,83,https://www.youtube.com/watch?v=yZ1uCOLrDH8,37,25,83,https://www.youtube.com/watch?v=yZ1uCOLrDH8,0,0,0,,0,0,0,0,
41ad2f1c78f0406ab5460f38115002d7,383,13929,37,13,41,https://www.youtube.com/watch?v=-CRtIDM577A,37,13,41,https://www.youtube.com/watch?v=-CRtIDM577A,0,0,0,,0,0,0,0,
c1ca3c2282084d0ebbdeb3896801aec9,383,4294,27,13,34,https://www.youtube.com/watch?v=PC3SWdybI6I,27,13,34,https://www.youtube.com/watch?v=PC3SWdybI6I,0,0,0,,97,12,9,12,https://www.twitch.tv/videos/2030145436
80b6efc8007f4f6d84ce2f93862ae319,383,31830,21,11,100,https://www.youtube.com/watch?v=7thAe1TzF-o,21,11,100,https://www.youtube.com/watch?v=7thAe1TzF-o,0,0,0,,0,0,0,0,
107ad23090e649b8935850f3d78ded99,382,12977,62,24,387,https://www.youtube.com/watch?v=VF0bBzhQ6qA,62,24,387,https://www.youtube.com/watch?v=VF0bBzhQ6qA,0,0,0,,58,0,0,0,
3a29989f3f71430f88f1535125a1d32c,378,28387,0,0,0,,0,0,0,,0,0,0,,0,0,0,0,
00a208caab334f6daf286ebb92cfd9da,377,6785,81,44,154,https://www.youtube.com/watch?v=fCbYcvLY5Xs,0,0,0,,81,44,154,https://www.youtube.com/watch?v=fCbYcvLY5Xs,0,0,0,0,
6d1e2248e6844ac29d3f28d3b3e178f4,376,1256,0,0,0,,0,0,0,,0,0,0,,1880,238,199,743,https://www.twitch.tv/videos/2019512634
1225d23bc1814140bc0093c1407f06b3,375,31411,39,23,130,https://www.youtube.com/watch?v=I4FOxFQA5lc,39,23,130,https://www.youtube.com/watch?v=I4FOxFQA5lc,0,0,0,,35,0,0,0,
a8e0ec03cb0a4e0292228e1a6ed35e6a,373,6033,399,61,657,https://www.youtube.com/watch?v=YfOfMkceckA,0,0,0,,399,61,657,https://www.youtube.com/watch?v=YfOfMkceckA,822,52,35,113,https://www.twitch.tv/videos/2026419974
9434be74cca5450789bf73aa4359b542,373,11401,0,0,0,,0,0,0,,0,0,0,,0,0,0,0,
27a484e8f53a433396e73bea886fa2cb,373,19466,0,0,0,,0,0,0,,0,0,0,,0,0,0,0,
876c11fba4af4235857127b9af87093e,372,17036,0,0,0,,0,0,0,,0,0,0,,0,0,0,0,
8ae8129571fe478283e45a20972b94c2,371,4506,36,16,36,https://www.youtube.com/watch?v=n1SUHxEaMUM,36,16,36,https://www.youtube.com/watch?v=n1SUHxEaMUM,0,0,0,,0,0,0,0,
b1c9458ca89b44bab0f09883ef40c45c,371,15263,127,57,1932,https://www.youtube.com/watch?v=yWuVQ_MzPT4,122,53,191,https://www.youtube.com/watch?v=FxAgalbihfo,1932,662,1932,https://www.youtube.com/watch?v=yWuVQ_MzPT4,0,0,0,0,
5000b613025542c498cd6ab2287865c6,370,1333,0,0,0,,0,0,0,,0,0,0,,2269,271,202,605,https://www.twitch.tv/videos/2018801906
a2ceea65ce58431085b1366a0cfe9c61,370,6784,0,0,0,,0,0,0,,0,0,0,,0,0,0,0,
6bb99d03979041aa909d87375acaf92d,370,57249,34,8,156,https://www.youtube.com/watch?v=Z77oqSSChn8,28,5,38,https://www.youtube.com/watch?v=zhpYhcJPvBE,156,44,156,https://www.youtube.com/watch?v=Z77oqSSChn8,0,0,0,0,
405cf0a502a6496bacfe7e49647e7e28,369,13216,20,8,45,https://www.youtube.com/watch?v=k8q5cSGhf7Q,20,8,45,https://www.youtube.com/watch?v=k8q5cSGhf7Q,0,0,0,,1014,161,128,1706,https://www.twitch.tv/videos/2018040923
21fcf23549a74111bbe31c949245e2cd,369,10958,30,15,30,https://www.youtube.com/watch?v=E2xTBXDRkLc,30,15,30,https://www.youtube.com/watch?v=E2xTBXDRkLc,0,0,0,,0,0,0,0,
fbc25614b5c24774b849d42ccf45eae6,367,4586,0,0,0,,0,0,0,,0,0,0,,845,62,36,62,https://www.twitch.tv/videos/2019654502
3b83206e75d14605a947a0b0b24650e0,367,8479,28,15,28,https://www.youtube.com/watch?v=Z1dfPci0O_Q,0,0,0,,28,15,28,https://www.youtube.com/watch?v=Z1dfPci0O_Q,0,0,0,0,
23354f18e2a94c9187fd0560fd874eeb,367,7343,35,17,126,https://www.youtube.com/watch?v=zFGUb0FYHH0,0,0,0,,35,17,126,https://www.youtube.com/watch?v=zFGUb0FYHH0,978,269,214,384,https://www.twitch.tv/videos/2024420016
4bdf9ee9f53f4785b37a9d9dbd2a0da8,367,12660,77,31,161,https://www.youtube.com/watch?v=md2sw68n_KU,77,31,161,https://www.youtube.com/watch?v=md2sw68n_KU,0,0,0,,0,0,0,0,
954590604f0e49e88fadc8ce6dafba1b,366,12223,75,34,5833,https://www.youtube.com/watch?v=B0tD_L1eUBM,61,34,127,https://www.youtube.com/watch?v=lCWYL_y1VWA,5833,1027,5833,https://www.youtube.com/watch?v=B0tD_L1eUBM,0,0,0,0,
c5ac07b79a304f37b039266446fd4f3b,366,14323,2,1,16,https://www.youtube.com/watch?v=6zoyla3PS1Y,13,3,16,https://www.youtube.com/watch?v=6zoyla3PS1Y,2,1,2,https://www.youtube.com/watch?v=J9StsYjueuc,0,0,0,0,
4fc02db3aab84e6cb526c02405d18c6e,365,16901,0,0,0,,0,0,0,,0,0,0,,153,0,0,0,
b359f595b54b4edc8969423a8b5658ff,365,8612,22,15,286,https://www.youtube.com/watch?v=bYyns7gUx1c,73,58,286,https://www.youtube.com/watch?v=bYyns7gUx1c,6,4,8,https://www.youtube.com/watch?v=RfK5JSW9dls,0,0,0,0,
9ee3c9b53c0048329175370a5868300b,363,24317,72,31,104,https://www.youtube.com/watch?v=l3MoDl0Gmkg,72,31,104,https://www.youtube.com/watch?v=l3MoDl0Gmkg,0,0,0,,0,0,0,0,
db4caa3fc50540e3bd7caecd69e2dab8,362,13126,68,32,68,https://www.youtube.com/watch?v=D5nnjwpBH50,68,32,68,https://www.youtube.com/watch?v=D5nnjwpBH50,0,0,0,,0,0,0,0,
60da3bb357d64f998006b8ca3043fd00,362,11202,90,46,119,https://www.youtube.com/watch?v=Krr_AyBaeAU,90,46,119,https://www.youtube.com/watch?v=Krr_AyBaeAU,0,0,0,,0,0,0,0,
ae5e1ce2a3074d07818716492277408c,361,1379,0,0,0,,0,0,0,,0,0,0,,1114,0,0,0,
78a38db1e825465db12a5155d4cd6d97,361,14316,21,9,51,https://www.youtube.com/watch?v=30aGHVcPAsU,21,9,51,https://www.youtube.com/watch?v=30aGHVcPAsU,0,0,0,,0,0,0,0,
bd119628dae64d45b71b44e0f158f23a,358,3423,0,0,0,,0,0,0,,0,0,0,,2506,331,300,1007,https://www.twitch.tv/videos/2030710956
da165e838dfe49aea3f91457f3825657,358,7511,0,0,0,,0,0,0,,0,0,0,,0,0,0,0,
564a0f351ed941cb8c112f8bc759ced6,358,7871,104,74,208,https://www.youtube.com/watch?v=wSQ4ZtSv8a0,104,74,208,https://www.youtube.com/watch?v=wSQ4ZtSv8a0,0,0,0,,88,0,0,0,
f6a02208132e4cdeb72d84d1fb487384,356,930,0,0,0,,0,0,0,,0,0,0,,0,0,0,0,
c265c71f4d2744919a319f0f38c008f9,356,11363,0,0,0,,0,0,0,,0,0,0,,3977,0,0,0,
592e288d58c94472ba3da9108d4747c8,356,0,0,0,0,,0,0,0,,0,0,0,,0,0,0,0,
52ff14aabd804801a6e589681fc2fb4d,356,36360,12,7,40,https://www.youtube.com/watch?v=dY57adbV4eo,17,7,34,https://www.youtube.com/watch?v=dEr5QLswC5A,6,4,40,https://www.youtube.com/watch?v=dY57adbV4eo,1615,0,0,0,
370f66a57c0341b0adef5bcbad64ff90,353,17813,33,12,50,https://www.youtube.com/watch?v=Y_y_t645xfg,33,12,50,https://www.youtube.com/watch?v=Y_y_t645xfg,0,0,0,,0,0,0,0,
504678b9fa2f4506879ba42b27a13dff,353,9730,117,56,575,https://www.youtube.com/watch?v=452k6Lw1rYw,101,52,417,https://www.youtube.com/watch?v=w7PNz8N4DLc,343,146,575,https://www.youtube.com/watch?v=452k6Lw1rYw,0,0,0,0,
ae7dbe93a8cc4651b5ddb7b539e85d6b,353,20967,46,19,109,https://www.youtube.com/watch?v=Sho7m3qmzoM,58,19,65,https://www.youtube.com/watch?v=5_QWsMf7fSY,36,19,109,https://www.youtube.com/watch?v=Sho7m3qmzoM,0,0,0,0,
da3d722ffea34b5b87fbb62c6026cba2,353,12223,32,18,59,https://www.youtube.com/watch?v=BW-UyZ4eQQs,38,27,59,https://www.youtube.com/watch?v=BW-UyZ4eQQs,11,8,11,https://www.youtube.com/watch?v=TrUExR_aiXs,99,24,18,74,https://www.twitch.tv/videos/2026458324
cce33288177341058833d8b4a093b03f,353,18914,27,10,2386,https://www.youtube.com/watch?v=Oz67UQkzThM,24,9,82,https://www.youtube.com/watch?v=jdhLMKWAFPg,472,36,2386,https://www.youtube.com/watch?v=Oz67UQkzThM,0,0,0,0,
8013fa67a08945a5b4b976156b6f610f,352,6166,0,0,0,,0,0,0,,0,0,0,,318,29,24,89,https://www.twitch.tv/videos/2018923504
1c096a5610c0459b84c74213c3b30f85,351,13256,0,0,0,,0,0,0,,0,0,0,,177,34,32,34,https://www.twitch.tv/videos/2030331906
0446516df6074a4ba8a0f3639b17de46,351,4156,139,71,257,https://www.youtube.com/watch?v=i5SNc8ikMOQ,139,71,257,https://www.youtube.com/watch?v=i5SNc8ikMOQ,0,0,0,,0,0,0,0,
b96f58f4373a4b65977afe5f2829e9e4,350,58732,36,19,322,https://www.youtube.com/watch?v=fqyYRis-TTI,30,18,61,https://www.youtube.com/watch?v=jOhsvLk5IPA,186,23,322,https://www.youtube.com/watch?v=fqyYRis-TTI,224,84,73,117,https://www.twitch.tv/videos/2023471388
6ec876adec524585af913c1585e8df1f,350,9122,1,0,4,https://www.youtube.com/watch?v=X9FyJ3ppEFs,0,0,0,,1,0,4,https://www.youtube.com/watch?v=X9FyJ3ppEFs,1197,0,0,0,
5ae7e41f9b9a420d9217a0b2c6755f52,350,3433,0,0,0,,0,0,0,,0,0,0,,0,0,0,0,
28e5717b1964475ca59ce02d81cb2796,349,9021,70,47,310,https://www.youtube.com/watch?v=kCE_T7WZkjo,310,94,310,https://www.youtube.com/watch?v=kCE_T7WZkjo,65,46,89,https://www.youtube.com/watch?v=GAJVL3D5xuc,232,199,156,252,https://www.twitch.tv/videos/2021449957
5507154831064d69906acc64c76b1c99,349,9668,27,23,1424,https://www.youtube.com/watch?v=aPEFlItpRkM,0,0,0,,27,23,1424,https://www.youtube.com/watch?v=aPEFlItpRkM,1300,447,313,866,https://www.twitch.tv/videos/2030205568
60a64aca51ed4528895fe35b08231670,347,7927,4,1,7,https://www.youtube.com/watch?v=yCMc1WqcQwA,0,0,0,,4,1,7,https://www.youtube.com/watch?v=yCMc1WqcQwA,290,0,0,0,
836015916a40475bb608e8c6a69b6a09,347,23615,121,67,2440,https://www.youtube.com/watch?v=e384W92BSrQ,0,0,0,,121,67,2440,https://www.youtube.com/watch?v=e384W92BSrQ,0,0,0,0,
1391c9808cd64cecb670a24b210ebc3f,346,0,0,0,0,,0,0,0,,0,0,0,,0,0,0,0,
12d506583827419e9eb3b64ec551a94d,345,2132,35,12,91,https://www.youtube.com/watch?v=TrHWI80ygVU,38,13,91,https://www.youtube.com/watch?v=TrHWI80ygVU,22,10,22,https://www.youtube.com/watch?v=tZ5BK4T6NeU,17,0,0,0,
3981c01691a44d708da1191e9546eaad,345,20937,47,21,100,https://www.youtube.com/watch?v=FpaqwRlpEok,42,22,100,https://www.youtube.com/watch?v=FpaqwRlpEok,71,9,71,https://www.youtube.com/watch?v=TXKk0uKmmWI,0,0,0,0,
ffe6a7983e434702a68fe18c169e3164,345,855,0,0,0,,0,0,0,,0,0,0,,34,0,0,0,
366df9da61654531a6581169c70a0432,343,10233,0,0,0,,0,0,0,,0,0,0,,0,0,0,0,
f46e5ebb899548cab53d24f1901315b0,342,12286,33,10,41,https://www.youtube.com/watch?v=SlFoBOcil6s,33,10,41,https://www.youtube.com/watch?v=SlFoBOcil6s,0,0,0,,148,0,0,0,
1d1e155c827e4ed2a0596c256983c22d,341,25360,1,0,3776,https://www.youtube.com/watch?v=rdk1ZFT_QyA,0,0,0,,1,0,3776,https://www.youtube.com/watch?v=rdk1ZFT_QyA,1094,463,302,593,https://www.twitch.tv/videos/2027015474
a56567301c734548bad86e8ace7d9140,340,49432,22,14,47,https://www.youtube.com/watch?v=jy3d-esyx_Y,0,0,0,,22,14,47,https://www.youtube.com/watch?v=jy3d-esyx_Y,0,0,0,0,
5298121274154e4b9154e8ac47d98beb,340,8834,54,34,120,https://www.youtube.com/watch?v=E52Kk80XPFo,55,39,120,https://www.youtube.com/watch?v=E52Kk80XPFo,46,34,46,https://www.youtube.com/watch?v=49bIICQN_wA,0,0,0,0,
12f22a9f1ecf4807a61eee4d628d4bd3,339,4438,0,0,0,,0,0,0,,0,0,0,,0,0,0,0,
517ef8a3c92b4216b2cabffcb2ec3aaf,339,15186,73,38,73,https://www.youtube.com/watch?v=3Wgi355obIU,73,38,73,https://www.youtube.com/watch?v=3Wgi355obIU,0,0,0,,0,0,0,0,
c97b665a89c34600be01f83eb1f77063,339,8355,0,0,0,,0,0,0,,0,0,0,,0,0,0,0,
a22035a68721415e830d1d7b8ffd172d,338,68,69,64,69,https://www.youtube.com/watch?v=eH26pSE-8t8,69,64,69,https://www.youtube.com/watch?v=eH26pSE-8t8,0,0,0,,0,0,0,0,
1204e14e13fb4e1e9dcbd47e1a8dc7b2,338,6274,0,0,0,,0,0,0,,0,0,0,,594,0,0,0,
ca161c4e0ef54cd4a311705625caf164,337,8952,0,0,0,,0,0,0,,0,0,0,,2328,129,110,153,https://www.twitch.tv/videos/2017595630
36e84e22a57148769dd1f1b0c90cbabd,337,1086,0,0,0,,0,0,0,,0,0,0,,972,134,122,173,https://www.twitch.tv/videos/2025407695
8fbd23f4e2ad442bb230aea8f433cd49,336,17083,22,11,3029,https://www.youtube.com/watch?v=GNnBRpOyNrs,20,8,36,https://www.youtube.com/watch?v=sh5Qw0rnGfY,358,73,3029,https://www.youtube.com/watch?v=GNnBRpOyNrs,13,0,0,0,
3b0f8e9ace2b46a087a665d5c10b38dd,336,5630,100,41,162,https://www.youtube.com/watch?v=SkqMge555f0,0,0,0,,100,41,162,https://www.youtube.com/watch?v=SkqMge555f0,0,0,0,0,
23826e240c9f40a39ff844a76de91c84,335,1099,0,0,0,,0,0,0,,0,0,0,,0,0,0,0,
38ae17784f894dc190a28b89e5555cd3,335,2305,0,0,0,,0,0,0,,0,0,0,,0,0,0,0,
e32b6351f1684034955171b93b1c5e63,335,0,0,0,0,,0,0,0,,0,0,0,,1669,179,162,471,https://www.twitch.tv/videos/2020290694
e4bea3dcc8934426a57516d4d6b373f4,335,1225,77,27,77,https://www.youtube.com/watch?v=3pB1iDsnWgc,0,0,0,,77,27,77,https://www.youtube.com/watch?v=3pB1iDsnWgc,1299,466,330,1063,https://www.twitch.tv/videos/2019571931
1cddca10dd334373b8f51b3b0ed2efe4,334,11845,10,4,112,https://www.youtube.com/watch?v=stwvrSKgHWk,0,0,0,,10,4,112,https://www.youtube.com/watch?v=stwvrSKgHWk,0,0,0,0,
f5a99c6ea78e4023b1bc84c1502f432d,334,7103,55,19,112,https://www.youtube.com/watch?v=lYYVfF-fPR4,55,19,112,https://www.youtube.com/watch?v=lYYVfF-fPR4,0,0,0,,0,0,0,0,
0f5e3935971449daa91b654886313110,333,8129,0,0,0,,0,0,0,,0,0,0,,2257,0,0,0,
92954c3082f74d239222d16aa5c69667,333,13590,0,0,0,,0,0,0,,0,0,0,,0,0,0,0,
85de149c59b148188a37fd75a8754cad,332,3673,0,0,0,,0,0,0,,0,0,0,,0,0,0,0,
7731172cfcaa4e668762473a7b9d509a,332,6835,0,0,0,,0,0,0,,0,0,0,,424,29,16,29,https://www.twitch.tv/videos/2019550639
8ba365057cdb4ba5ba9c27c02c7c7f3d,331,36,79,75,79,https://www.youtube.com/watch?v=YnLHILaY3F4,79,75,79,https://www.youtube.com/watch?v=YnLHILaY3F4,0,0,0,,1042,0,0,0,
4b305df8ba4546b48c8ec1cda5efb7e2,331,49909,82,21,565,https://www.youtube.com/watch?v=I62oULvWk6o,155,60,228,https://www.youtube.com/watch?v=wY6_Bs_Gaec,69,15,565,https://www.youtube.com/watch?v=I62oULvWk6o,0,0,0,0,
d50d9b85f098470c8220cd99de802b17,330,15061,45,9,75,https://www.youtube.com/watch?v=j3iOMaOeL0I,45,9,75,https://www.youtube.com/watch?v=j3iOMaOeL0I,0,0,0,,0,0,0,0,
6695a7e8f824489881f2c321501a36a6,329,19565,34,19,34,https://www.youtube.com/watch?v=Kgt94nhNaEk,34,19,34,https://www.youtube.com/watch?v=Kgt94nhNaEk,0,0,0,,0,0,0,0,
2ea398a50afd48c3a9e3a819186a4375,329,653,0,0,0,,0,0,0,,0,0,0,,35,0,0,0,
3434e3ca02904364b763c86e75fa6d4a,329,36988,56,22,717,https://www.youtube.com/watch?v=QHnMeZFl91Y,0,0,0,,56,22,717,https://www.youtube.com/watch?v=QHnMeZFl91Y,1295,101,69,191,https://www.twitch.tv/videos/2018716887
87df5b92303e4410884b8c52ff2c4e0d,328,9391,12,3,45,https://www.youtube.com/watch?v=G1Ki6n6GpmQ,0,0,0,,12,3,45,https://www.youtube.com/watch?v=G1Ki6n6GpmQ,328,89,84,269,https://www.twitch.tv/videos/2026400829
7003e3e3a24244ffb5ebfbbdc20c97f8,328,7142,56,26,116,https://www.youtube.com/watch?v=jQODlMk7Ylc,55,29,116,https://www.youtube.com/watch?v=jQODlMk7Ylc,65,21,65,https://www.youtube.com/watch?v=ZhrLQdlGAfA,0,0,0,0,
57843e9c870647729c2438a7a7077008,328,6014,0,0,0,,0,0,0,,0,0,0,,103,0,0,0,
1fdc000815cc476dbc9d19aa431305b5,327,1266,350,186,388,https://www.youtube.com/watch?v=mjgNOUl7KbM,314,309,388,https://www.youtube.com/watch?v=mjgNOUl7KbM,350,136,383,https://www.youtube.com/watch?v=1GLu8_df14o,0,0,0,0,
281576aa13244a6e8671de0896a890c6,326,15385,0,0,0,,0,0,0,,0,0,0,,343,0,0,0,
cc85e4120c0746b7925c898a963f0747,325,18005,23,5,39,https://www.youtube.com/watch?v=oyGdB5SvhJ8,23,5,39,https://www.youtube.com/watch?v=oyGdB5SvhJ8,0,0,0,,0,0,0,0,
b0df22881775422093e3e64a63b01a5a,325,14165,38,15,46,https://www.youtube.com/watch?v=OdDl_dAVnpo,38,15,46,https://www.youtube.com/watch?v=OdDl_dAVnpo,0,0,0,,112,9,5,9,https://www.twitch.tv/videos/2018896768
3f2e41bdee4145f59fa97830ba3f5edb,322,154,0,0,0,,0,0,0,,0,0,0,,1040,214,151,694,https://www.twitch.tv/videos/2018704563
5c3ea93753724a63b32071a7a580af7b,322,14668,0,0,0,,0,0,0,,0,0,0,,1860,38,25,53,https://www.twitch.tv/videos/2023372900
73755322c8e74479864369766f924be1,321,15927,188,23,188,https://www.youtube.com/watch?v=HMxfDC8DtPE,0,0,0,,188,23,188,https://www.youtube.com/watch?v=HMxfDC8DtPE,4747,432,152,496,https://www.twitch.tv/videos/2030075949
779093d7bffe454aac7df7aea003f150,320,3580,84,21,84,https://www.youtube.com/watch?v=rkLjCjtyqMg,0,0,0,,84,21,84,https://www.youtube.com/watch?v=rkLjCjtyqMg,0,0,0,0,
8b0dbadf9faa4815923944437f1c1abb,320,30693,13,5,49,https://www.youtube.com/watch?v=hdHnqsCLyiE,23,1,49,https://www.youtube.com/watch?v=hdHnqsCLyiE,11,5,22,https://www.youtube.com/watch?v=Uj8Mn6_4gUI,0,0,0,0,
6e965d00e9c04598956d0dbcd7518511,319,74367,0,0,0,,0,0,0,,0,0,0,,0,0,0,0,
6503172c78774a0fa639255ac2e7e85a,319,9847,36,23,58,https://www.youtube.com/watch?v=AH0xFGdNm38,36,23,58,https://www.youtube.com/watch?v=AH0xFGdNm38,0,0,0,,0,0,0,0,
1058d6e9f351455389e8a7a716ea26ff,318,12518,46,20,1219,https://www.youtube.com/watch?v=nnvRpFigXQo,45,20,1219,https://www.youtube.com/watch?v=nnvRpFigXQo,53,20,53,https://www.youtube.com/watch?v=j617orq9jyI,2444,160,116,383,https://www.twitch.tv/videos/2027290826
dbf7b5a346e645f7be7d0d19d2193bc5,317,16989,0,0,0,,0,0,0,,0,0,0,,0,0,0,0,
0e9aeecbe8f04a62ab781cf2e520eba0,317,2253,20,11,647,https://www.youtube.com/watch?v=VDGF545Ui2U,0,0,0,,20,11,647,https://www.youtube.com/watch?v=VDGF545Ui2U,3366,624,275,2380,https://www.twitch.tv/videos/2024466827
e41bf48a09d64e4aa3d96064a9a63b08,317,22365,9,2,96,https://www.youtube.com/watch?v=N22to4oUzmg,9,2,16,https://www.youtube.com/watch?v=XHEP8fEOaCI,49,20,96,https://www.youtube.com/watch?v=N22to4oUzmg,78,0,0,0,
cffb719c9d4645d4a2d6eefca66902d9,315,3499,0,0,0,,0,0,0,,0,0,0,,607,0,0,0,
a8a366c9d633476d8a2fa879f91172ac,315,19632,0,0,0,,0,0,0,,0,0,0,,0,0,0,0,
b21dcc4162384eee9edd3ca7251795f2,314,8456,53,36,129,https://www.youtube.com/watch?v=uuLOlF5M43w,53,36,129,https://www.youtube.com/watch?v=uuLOlF5M43w,0,0,0,,0,0,0,0,
4d9730dc400443e6b8edb719febd5f46,314,2703,0,0,0,,0,0,0,,0,0,0,,0,0,0,0,
7f494e37d17544878977d81e26b13897,313,170,0,0,0,,0,0,0,,0,0,0,,0,0,0,0,
3083d2b8192843958b2852553cb3bc70,313,2448,0,0,0,,0,0,0,,0,0,0,,270,86,53,175,https://www.twitch.tv/videos/2022440078
04ceb6c0caf740f4a694cad25f537c1f,312,9960,31,8,97,https://www.youtube.com/watch?v=5cnAHEEvHJY,85,36,97,https://www.youtube.com/watch?v=5cnAHEEvHJY,20,0,31,https://www.youtube.com/watch?v=pdiVc8zcKDU,115,0,0,0,
9a1010457a0e40b398120afabf5626f2,312,3337,27,25,27,https://www.youtube.com/watch?v=LpK_79HXHWE,27,25,27,https://www.youtube.com/watch?v=LpK_79HXHWE,0,0,0,,0,0,0,0,
20327c35cc9d4deba93299b790d7d721,312,5182,112,71,341,https://www.youtube.com/watch?v=TM8VM6fjE0Y,112,72,216,https://www.youtube.com/watch?v=FqNB1qwbZss,155,41,341,https://www.youtube.com/watch?v=TM8VM6fjE0Y,0,0,0,0,
ba795eb1ea0f4fea888b1bfff3d5be86,311,7555,5,3,31,https://www.youtube.com/watch?v=BZlaX9fvhWM,0,0,0,,5,3,31,https://www.youtube.com/watch?v=BZlaX9fvhWM,2792,200,149,550,https://www.twitch.tv/videos/2028943749
b386124230514f5fa128ad046e85f12f,311,3785,31,5,71,https://www.youtube.com/watch?v=RTvfzd-wo34,31,5,32,https://www.youtube.com/watch?v=VreMnW1Ouks,51,9,71,https://www.youtube.com/watch?v=RTvfzd-wo34,205,29,20,90,https://www.twitch.tv/videos/2024414733
93bf43bc175742cd8c7af6b80687cd84,310,5847,78,27,128,https://www.youtube.com/watch?v=R8xQyyQUCPI,0,0,0,,78,27,128,https://www.youtube.com/watch?v=R8xQyyQUCPI,1245,0,0,0,
9350b5c36c9e4f3faf01dfdda5b263f5,309,3381,0,0,0,,0,0,0,,0,0,0,,932,74,58,110,https://www.twitch.tv/videos/2019347178
d23dbc9d1db64c42821697d1bac8fb66,308,8092,60,44,95,https://www.youtube.com/watch?v=zI9sEZxl4q4,60,44,95,https://www.youtube.com/watch?v=zI9sEZxl4q4,0,0,0,,0,0,0,0,
e1421ddfd4e442b490e2a74656a2838d,308,313,0,0,0,,0,0,0,,0,0,0,,775,0,0,0,
d2585e0ae32c467e8fc868eb531400a4,308,3409,44,18,62,https://www.youtube.com/watch?v=kM7_jTPEXkY,44,18,62,https://www.youtube.com/watch?v=kM7_jTPEXkY,0,0,0,,0,0,0,0,
647a4992105c4f18b92239156e0064fb,308,5448,68,17,80,https://www.youtube.com/watch?v=kHCkd445NQ8,68,17,80,https://www.youtube.com/watch?v=kHCkd445NQ8,0,0,0,,123,62,40,62,https://www.twitch.tv/videos/2021532558
8402646577b24bd5918bda8690e790b4,308,37771,406,227,7868,https://www.youtube.com/watch?v=pyn36xvdyK8,0,0,0,,406,227,7868,https://www.youtube.com/watch?v=pyn36xvdyK8,203,113,69,184,https://www.twitch.tv/videos/2030107863
f479e1403f614727a5f2a2be339bad74,307,964,0,0,0,,0,0,0,,0,0,0,,1071,776,711,1099,https://www.twitch.tv/videos/2029519830
682e400513134d0bacfa85513958c64d,306,5481,0,0,0,,0,0,0,,0,0,0,,683,333,263,333,https://www.twitch.tv/videos/2025533250
09ceaec049b74c6bbe11eca7d4aa3cf6,305,7672,0,0,0,,0,0,0,,0,0,0,,0,0,0,0,
2af109d54b1c49968b572aa2b59664ab,304,11904,30,10,30,https://www.youtube.com/watch?v=TokmEOYL6w8,0,0,0,,30,10,30,https://www.youtube.com/watch?v=TokmEOYL6w8,0,0,0,0,
2df2e0bc14fa4450a0d17d294b5a0bc0,303,20402,6,1,2470,https://www.youtube.com/watch?v=_oGncFRwMAw,0,0,0,,6,1,2470,https://www.youtube.com/watch?v=_oGncFRwMAw,0,0,0,0,
f18f778f8a8b468cbe7dcd350228e3fb,302,2198,5,4,29,https://www.youtube.com/watch?v=nvuikw4Pg0E,0,0,0,,5,4,29,https://www.youtube.com/watch?v=nvuikw4Pg0E,1771,268,210,748,https://www.twitch.tv/videos/2018738925
2a2b7990365f4a1bb1d8acf1ae0f2f32,302,20337,51,28,109,https://www.youtube.com/watch?v=e5VyL1axhPA,50,28,102,https://www.youtube.com/watch?v=cu0qHH69rQI,94,49,109,https://www.youtube.com/watch?v=e5VyL1axhPA,93,4,3,26,https://www.twitch.tv/videos/2026432544
f2b0bc3e82024bd3ae1c7cb5fe926829,301,8142,16,14,16,https://www.youtube.com/watch?v=aUsUbTdb2y0,16,14,16,https://www.youtube.com/watch?v=aUsUbTdb2y0,0,0,0,,0,0,0,0,
3d5a0befb7b042f697f70d5fb3d6ab94,301,7934,0,0,0,,0,0,0,,0,0,0,,0,0,0,0,
e94e1e38a611403192e4db197c2d9d91,301,7395,0,0,0,,0,0,0,,0,0,0,,0,0,0,0,
9abd60c00f0f412b978a2398b13ac4e8,300,37328,0,0,0,,0,0,0,,0,0,0,,0,0,0,0,
75f054a2cc1c4f9fa406626859d3765e,299,3551,0,0,0,,0,0,0,,0,0,0,,564,73,52,83,https://www.twitch.tv/videos/2019650811
fe8d6fb5e9284433953fb181f0fb20ce,298,3915,0,0,0,,0,0,0,,0,0,0,,0,0,0,0,
d44dc8542b4f4dacab8f54b7e3483728,298,7300,72,32,3314,https://www.youtube.com/watch?v=-e2Z9qqJw1Y,72,29,139,https://www.youtube.com/watch?v=pI63QJCAVPU,3314,2609,3314,https://www.youtube.com/watch?v=-e2Z9qqJw1Y,0,0,0,0,
0527000bcba9495993dd16a298ca6629,298,1071,0,0,0,,0,0,0,,0,0,0,,0,0,0,0,
4f2a933e597d4360b8dc52ceaa0d1cff,297,1886,92,12,92,https://www.youtube.com/watch?v=ZRpGdjfrzYg,92,12,92,https://www.youtube.com/watch?v=ZRpGdjfrzYg,0,0,0,,0,0,0,0,
7232734df59c4e099205c7685007d8d4,296,59793,11,2,15,https://www.youtube.com/watch?v=JZX0Z_NZ6ew,0,0,0,,11,2,15,https://www.youtube.com/watch?v=JZX0Z_NZ6ew,720,70,50,131,https://www.twitch.tv/videos/2020374049
5734f8f1aa53439e84769631937e0dd7,296,0,0,0,0,,0,0,0,,0,0,0,,0,0,0,0,
9bd9d680d6cf48d1a7171430f286fcb1,295,9467,31,14,36,https://www.youtube.com/watch?v=2XhU26JV5Ls,31,14,36,https://www.youtube.com/watch?v=2XhU26JV5Ls,0,0,0,,0,0,0,0,
e290f49c193149708cd72747639d5ced,295,12231,75,30,231,https://www.youtube.com/watch?v=FhUC6zFr8no,79,33,231,https://www.youtube.com/watch?v=FhUC6zFr8no,25,2,25,https://www.youtube.com/watch?v=FR5FHiTlSiI,0,0,0,0,
64e20992295c4be984e9af0a470d6440,294,4036,0,0,0,,0,0,0,,0,0,0,,4274,343,268,526,https://www.twitch.tv/videos/2030165303
984a03604a2d4573afc33967b1fa0a72,294,13127,0,0,0,,0,0,0,,0,0,0,,0,0,0,0,
65b062ea07ad41129c44c73d583e6f92,294,12845,0,0,0,,0,0,0,,0,0,0,,0,0,0,0,
6d5302878a2a4d369cb812efdc6232bd,294,2685,0,0,0,,0,0,0,,0,0,0,,393,95,65,112,https://www.twitch.tv/videos/2017927688
14b8fa0f43664c31a5d634b20f9112d9,294,29849,139,69,334,https://www.youtube.com/watch?v=Mam4pf-LzIw,142,104,186,https://www.youtube.com/watch?v=_53N3hIxJLk,139,43,334,https://www.youtube.com/watch?v=Mam4pf-LzIw,0,0,0,0,
66097c1553b44a319b2f2ebe78a61d28,294,6084,58,17,59,https://www.youtube.com/watch?v=3I9RliqMRrg,58,17,59,https://www.youtube.com/watch?v=3I9RliqMRrg,0,0,0,,0,0,0,0,
b00b0e3472e1464ab477bbef9639b47d,293,14964,0,0,0,,0,0,0,,0,0,0,,0,0,0,0,
819cc1636ec94c0ab290b4513c6d629d,293,3834,0,0,0,,0,0,0,,0,0,0,,2830,601,344,1008,https://www.twitch.tv/videos/2014499359
9d5365bf17564326a578781a38b72bea,292,0,0,0,0,,0,0,0,,0,0,0,,0,0,0,0,
76f2fa6f1aa44f0a816a01a1b277430a,292,6140,89,24,450,https://www.youtube.com/watch?v=9BH6VHcSSDM,89,24,450,https://www.youtube.com/watch?v=9BH6VHcSSDM,0,0,0,,0,0,0,0,
20915e6ca29e46589858783bae3a4885,290,7101,116,52,129,https://www.youtube.com/watch?v=VMg2DkUKvDA,0,0,0,,116,52,129,https://www.youtube.com/watch?v=VMg2DkUKvDA,0,0,0,0,
0591345aa6634a73ac41f08af6d4e06e,289,9170,39,4,71,https://www.youtube.com/watch?v=jCuL89lR9LU,39,4,71,https://www.youtube.com/watch?v=jCuL89lR9LU,0,0,0,,0,0,0,0,
d5f59c2707ee449dadea1d736de1b9ef,287,0,0,0,0,,0,0,0,,0,0,0,,2244,0,0,0,
480715845a044cb780b135e2bfd0ded8,287,12398,58,37,271,https://www.youtube.com/watch?v=_D5zpUxbg28,55,27,105,https://www.youtube.com/watch?v=6-Ug7eZyFW4,271,78,271,https://www.youtube.com/watch?v=_D5zpUxbg28,0,0,0,0,
bc5f0ae969564d15a5e85bfbe4df3164,286,9004,0,0,0,,0,0,0,,0,0,0,,38,0,0,0,
b1651e8028234aaa9e6167f6ec9f6979,286,6759,0,0,0,,0,0,0,,0,0,0,,0,0,0,0,
7d0d99e77f624bdc934b17212a39a894,286,573,0,0,0,,0,0,0,,0,0,0,,1913,135,110,291,https://www.twitch.tv/videos/2018911880
1e59cd43a10a44edb1407fb8ba8529a8,285,9265,41,14,41,https://www.youtube.com/watch?v=56PEGlLguiM,41,14,41,https://www.youtube.com/watch?v=56PEGlLguiM,0,0,0,,0,0,0,0,
52fc7c19da6847319816774b66ff9184,285,6011,30,15,58,https://www.youtube.com/watch?v=BEzvIYukqfU,30,15,58,https://www.youtube.com/watch?v=BEzvIYukqfU,0,0,0,,0,0,0,0,
389bd53524c74c44a32d72279b288b17,284,2079,11,0,11,https://www.youtube.com/watch?v=lYN_D6gIzWw,0,0,0,,11,0,11,https://www.youtube.com/watch?v=lYN_D6gIzWw,0,0,0,0,
d61dc44af2ba4985a85de19b5b29cf64,284,30594,0,0,0,,0,0,0,,0,0,0,,0,0,0,0,
c85f3da0538546c499238b23d273f627,284,4790,125,83,342,https://www.youtube.com/watch?v=ozHXaoISrXg,125,93,342,https://www.youtube.com/watch?v=ozHXaoISrXg,123,32,155,https://www.youtube.com/watch?v=agLK6nwtOKM,194,0,0,0,
3f62f160b225436188d6ab2707966b11,283,13377,0,0,0,,0,0,0,,0,0,0,,0,0,0,0,
03e9bea117bd4b5ba189b48f1617d9bb,283,7441,0,0,0,,0,0,0,,0,0,0,,0,0,0,0,
e773129f910c4bd182f3b702c9ec1b55,282,7947,23,10,29,https://www.youtube.com/watch?v=h7TZeQtB0zg,23,10,29,https://www.youtube.com/watch?v=h7TZeQtB0zg,0,0,0,,0,0,0,0,
ea2b16c153d34b2d900cefbffcb07bff,281,1382,0,0,0,,0,0,0,,0,0,0,,1106,0,0,0,
df7b08cd72224681a63e6e85e0753132,280,17278,0,0,0,,0,0,0,,0,0,0,,101,0,0,0,
8c0ff863d66348898311ee83d16257b5,278,3091,33,20,65,https://www.youtube.com/watch?v=W_BGaidhu8E,33,20,65,https://www.youtube.com/watch?v=W_BGaidhu8E,0,0,0,,82,0,0,0,
d859857097fe4e9d90a2d840c0e7fca1,278,14458,68,37,120,https://www.youtube.com/watch?v=UR_U0dS0YU0,0,0,0,,68,37,120,https://www.youtube.com/watch?v=UR_U0dS0YU0,188,41,21,41,https://www.twitch.tv/videos/2017808582
3180bc4f141e4edfa2775078350d7ef8,277,8232,0,0,0,,0,0,0,,0,0,0,,649,26,24,26,https://www.twitch.tv/videos/2030156090
890c5d306c5f4a218f861c8a98a1e74a,277,4768,0,0,0,,0,0,0,,0,0,0,,66,0,0,0,
f44835c18dac441f910f4eb821ffd7ce,276,6120,1160,257,2169,https://www.youtube.com/watch?v=3h78ISe2pIA,0,0,0,,1160,257,2169,https://www.youtube.com/watch?v=3h78ISe2pIA,2821,243,191,441,https://www.twitch.tv/videos/2021481837
c485c46db92a4cda909347804da07153,275,16122,57,18,57,https://www.youtube.com/watch?v=LDQz7iIYOJc,0,0,0,,57,18,57,https://www.youtube.com/watch?v=LDQz7iIYOJc,304,0,0,0,
836540821b58433e9e04bea62c49cf2d,274,0,0,0,0,,0,0,0,,0,0,0,,363,0,0,0,
01bebf0363a94b16b2313053c90a1c8a,274,5754,72,41,787,https://www.youtube.com/watch?v=m3LbVWqlM60,72,26,124,https://www.youtube.com/watch?v=0HzwUeqzjXc,429,160,787,https://www.youtube.com/watch?v=m3LbVWqlM60,308,56,43,56,https://www.twitch.tv/videos/2025121004
c194064ba23845cd9ef020dd9db79895,274,7255,0,0,0,,0,0,0,,0,0,0,,1045,246,191,662,https://www.twitch.tv/videos/2029857080
95df3846ff6644429227e9e058994ad8,274,10820,46,27,526,https://www.youtube.com/watch?v=SzIja0eLLGU,43,12,123,https://www.youtube.com/watch?v=_t6NKC7JZWs,361,327,526,https://www.youtube.com/watch?v=SzIja0eLLGU,0,0,0,0,
cbb0ea239d8e4f65a46ada52dfb778e3,274,2412,118,65,118,https://www.youtube.com/watch?v=4kXFMe0snxw,0,0,0,,118,65,118,https://www.youtube.com/watch?v=4kXFMe0snxw,282,0,0,0,
670df075e5f9402bbcb6369685838b02,273,5065,0,0,0,,0,0,0,,0,0,0,,0,0,0,0,
12f51c457b27425fa98fe89c24ccb61c,272,2765,116,69,293,https://www.youtube.com/watch?v=ce0PjYxdpuE,116,69,293,https://www.youtube.com/watch?v=ce0PjYxdpuE,0,0,0,,0,0,0,0,
bd7947d2357941039893b911b18f3b4c,271,15969,42,23,87,https://www.youtube.com/watch?v=1HMP7wQ6MtM,42,23,87,https://www.youtube.com/watch?v=1HMP7wQ6MtM,0,0,0,,437,31,21,47,https://www.twitch.tv/videos/2024280008
e7ac18c2e713426692cfd0ef7fe2b897,271,0,0,0,0,,0,0,0,,0,0,0,,116,20,12,148,https://www.twitch.tv/videos/2022172775
bb0466e52fe240099d8498548b2fad3e,269,14217,71,35,140,https://www.youtube.com/watch?v=pq9Nop8ON7s,69,24,71,https://www.youtube.com/watch?v=RYOuioNGiwA,140,86,140,https://www.youtube.com/watch?v=pq9Nop8ON7s,80,0,0,0,
dfc411c6b5d24d97b944f527ddfd2f0b,269,13671,53,27,72,https://www.youtube.com/watch?v=_P6MZqne7yA,53,27,72,https://www.youtube.com/watch?v=_P6MZqne7yA,0,0,0,,0,0,0,0,
db67d9cacbcf4797ba2d41a6d115e2ff,268,5385,53,32,63,https://www.youtube.com/watch?v=TyoDKnVDWbs,53,32,63,https://www.youtube.com/watch?v=TyoDKnVDWbs,0,0,0,,0,0,0,0,
0f813d66362d4fc29dad8261e04e8d43,268,320,0,0,0,,0,0,0,,0,0,0,,124,15,8,15,https://www.twitch.tv/videos/2018922802
59654ead905a4db2bbcb33812148555f,267,12788,13,7,68,https://www.youtube.com/watch?v=XmfSiIN31wg,12,6,68,https://www.youtube.com/watch?v=XmfSiIN31wg,42,13,42,https://www.youtube.com/watch?v=G1xysO0lJ1A,0,0,0,0,
6fa20242354646ad8e8feea8d52e514e,267,6168,10,6,13,https://www.youtube.com/watch?v=vXnvCbLgsZI,0,0,0,,10,6,13,https://www.youtube.com/watch?v=vXnvCbLgsZI,0,0,0,0,
6790376d72ef4bb992cef011444aeeb6,266,28504,0,0,0,,0,0,0,,0,0,0,,0,0,0,0,
3ffe754930804f09ac328f7e6e9c53bd,265,9164,45,9,92,https://www.youtube.com/watch?v=_xXXh3qmGwM,35,34,45,https://www.youtube.com/watch?v=gCAnR650TQs,51,8,92,https://www.youtube.com/watch?v=_xXXh3qmGwM,0,0,0,0,
f3fe9fb6de2a477fae878a39924c15bd,265,3861,20,11,20,https://www.youtube.com/watch?v=l_bpEEyiQpA,0,0,0,,20,11,20,https://www.youtube.com/watch?v=l_bpEEyiQpA,1256,345,312,743,https://www.twitch.tv/videos/2017755287
1cdbceb7ad414bb59b3a9563a93fe840,265,3502,108,41,695,https://www.youtube.com/watch?v=bN-94K7pyNs,108,41,695,https://www.youtube.com/watch?v=bN-94K7pyNs,101,40,173,https://www.youtube.com/watch?v=eoLMuAdkgBY,0,0,0,0,
279a45d6a8f9445389b9b8cdbcb72ae8,264,24198,0,0,0,,0,0,0,,0,0,0,,165,0,0,0,
c72045d5b8714411af64d5c9d29cea97,264,8489,34,13,210,https://www.youtube.com/watch?v=btLfIOdYe0o,40,27,210,https://www.youtube.com/watch?v=btLfIOdYe0o,16,6,77,https://www.youtube.com/watch?v=fa58FUqO9r0,0,0,0,0,
8a8a1d0901c04d568be19e2d8bbc9ca1,263,19592,156,48,382,https://www.youtube.com/watch?v=r26ggT3l_JA,0,0,0,,156,48,382,https://www.youtube.com/watch?v=r26ggT3l_JA,0,0,0,0,
21f5355738614770afb34b761a4c45af,263,2882,30,12,62,https://www.youtube.com/watch?v=uT8N3GkxGRY,30,12,62,https://www.youtube.com/watch?v=uT8N3GkxGRY,0,0,0,,0,0,0,0,
a6a155230538488e8488f01160598837,263,16063,0,0,0,,0,0,0,,0,0,0,,0,0,0,0,
07930a961f0b4078a14f0a57f0a93965,263,17101,55,50,111,https://www.youtube.com/watch?v=5cjubIUHXkw,55,50,111,https://www.youtube.com/watch?v=5cjubIUHXkw,0,0,0,,0,0,0,0,
67bee95d50024c5e8868842f1ab31ff4,263,11737,0,0,0,,0,0,0,,0,0,0,,0,0,0,0,
d09b9f800b7940deb1f8a2b58a302f07,262,2506,0,0,0,,0,0,0,,0,0,0,,3715,315,242,795,https://www.twitch.tv/videos/2024501052
0a9ce04e6eee4c6d8dde6eb5a0f56c20,261,6942,41,13,117,https://www.youtube.com/watch?v=W5v-pkbGB9Y,41,13,117,https://www.youtube.com/watch?v=W5v-pkbGB9Y,0,0,0,,0,0,0,0,
fa83a68ebfff419983124d69373ede6f,260,1778,0,0,0,,0,0,0,,0,0,0,,1040,136,72,185,https://www.twitch.tv/videos/2017791387
0ff25ac169ee4ed584abd2591cb72a59,260,11622,0,0,0,,0,0,0,,0,0,0,,0,0,0,0,
15a0bf7611c5483d8d0a106b6a1e6c18,260,5842,0,0,0,,0,0,0,,0,0,0,,0,0,0,0,
533e7b1b50ba448292c09c5845d68eb6,260,1273,81,75,588,https://www.youtube.com/watch?v=DbawF1f6dCc,81,75,588,https://www.youtube.com/watch?v=DbawF1f6dCc,0,0,0,,32,0,0,0,
3146e3f4f06a4fcdb48c0db510d15387,260,2665,0,0,0,,0,0,0,,0,0,0,,8,0,0,0,
ca8d038d311e4cccb2deded15cee89cd,259,11977,26,13,31,https://www.youtube.com/watch?v=qMxc91GWcKA,26,13,31,https://www.youtube.com/watch?v=qMxc91GWcKA,0,0,0,,13,0,0,0,
736cc97520834b3cac0f06d39fba5101,259,14970,0,0,0,,0,0,0,,0,0,0,,0,0,0,0,
f24626ac0ce34975a3b3fd6d8455f4f7,259,5024,34,10,167,https://www.youtube.com/watch?v=bcdrHXLNhI0,22,5,22,https://www.youtube.com/watch?v=LWnx-SL6vpg,46,14,167,https://www.youtube.com/watch?v=bcdrHXLNhI0,147,0,0,0,
d2e2645a97a14ce4b58a7884c0e6ec56,258,27200,0,0,0,,0,0,0,,0,0,0,,475,36,28,56,https://www.twitch.tv/videos/2017885645
921e0a5b34fe4e5897bc5da84457a0b8,257,6281,101,27,164,https://www.youtube.com/watch?v=dhydqyJFKs4,101,27,164,https://www.youtube.com/watch?v=dhydqyJFKs4,0,0,0,,238,0,0,0,
a2ca2eb4da5b4df3aa59637e1dbc260b,257,1388,66,35,70,https://www.youtube.com/watch?v=tnfTPUpdNlE,0,0,0,,66,35,70,https://www.youtube.com/watch?v=tnfTPUpdNlE,540,96,77,114,https://www.twitch.tv/videos/2022351323
72ee59fb29644f8b88a4dd3d7e91fe39,256,6972,89,12,115,https://www.youtube.com/watch?v=aL7QNnlXtl0,89,12,115,https://www.youtube.com/watch?v=aL7QNnlXtl0,0,0,0,,0,0,0,0,
f656e3210df449889b6ad9e72acd7a72,256,2110,118,71,298,https://www.youtube.com/watch?v=Ii9qKg7-NaU,108,74,298,https://www.youtube.com/watch?v=Ii9qKg7-NaU,219,18,219,https://www.youtube.com/watch?v=H5-lJ9H5-kY,0,0,0,0,
d8520b0d7b424141bf19b3254d264960,256,4315,71,2,71,https://www.youtube.com/watch?v=WavXYMkfnjk,71,2,71,https://www.youtube.com/watch?v=WavXYMkfnjk,0,0,0,,0,0,0,0,
a1f8a0af53c34922b0c66ebdf4b3381d,255,13427,37,20,82,https://www.youtube.com/watch?v=aBEKsltevCo,38,22,82,https://www.youtube.com/watch?v=aBEKsltevCo,23,2,23,https://www.youtube.com/watch?v=miedWEwOR1s,0,0,0,0,
975ec89d484d499aa1beece0c6731a15,254,11565,0,0,0,,0,0,0,,0,0,0,,0,0,0,0,
703cea871ebf4ab6a8b2704f7611197b,254,7266,43,17,102,https://www.youtube.com/watch?v=vT0sEK14XfI,43,17,102,https://www.youtube.com/watch?v=vT0sEK14XfI,0,0,0,,0,0,0,0,
760be43ef62847d8a7e937cc206280f2,253,1286,0,0,0,,0,0,0,,0,0,0,,69,0,0,0,
5226367de740445789ec9b65a84d65c5,253,4616,51,17,138,https://www.youtube.com/watch?v=2QXJMQq_mOc,42,23,56,https://www.youtube.com/watch?v=kR7WJQDt_08,61,10,138,https://www.youtube.com/watch?v=2QXJMQq_mOc,207,7,5,8,https://www.twitch.tv/videos/2028297725
4fd8f28a829a45d997ea23d5d4ccc7b5,253,10768,3,0,7,https://www.youtube.com/watch?v=TWTtWrAEOIs,0,0,0,,3,0,7,https://www.youtube.com/watch?v=TWTtWrAEOIs,75,0,0,0,
a091320108954092a07650dd8a31a451,253,10941,0,0,0,,0,0,0,,0,0,0,,0,0,0,0,
a2c7c34474174cd2bffcc17a32aeec21,251,11036,44,19,1063,https://www.youtube.com/watch?v=NxUF4Cf1bUU,0,0,0,,44,19,1063,https://www.youtube.com/watch?v=NxUF4Cf1bUU,393,179,108,223,https://www.twitch.tv/videos/2021453088
9ee558b898964252a06e2c423f8d58ad,251,0,0,0,0,,0,0,0,,0,0,0,,0,0,0,0,
cd0b2f63c88e4b4abd5b83296a5d7866,250,3250,0,0,0,,0,0,0,,0,0,0,,3521,391,121,546,https://www.twitch.tv/videos/2030156096
84c8fdf79dae4be1a4969a641f0e1acd,250,12938,0,0,0,,0,0,0,,0,0,0,,0,0,0,0,
17143fd7a2eb41aab006783b2584dda7,250,6066,0,0,0,,0,0,0,,0,0,0,,182,92,76,115,https://www.twitch.tv/videos/2031324486
1f8e9051b89f40fea13780bcd4a8ef7d,250,2986,0,0,0,,0,0,0,,0,0,0,,79,15,13,15,https://www.twitch.tv/videos/2029248947
99f95450781349058c1c4098d6fe9f41,249,2057,40,14,76,https://www.youtube.com/watch?v=fwcOKZuj6a0,50,15,76,https://www.youtube.com/watch?v=fwcOKZuj6a0,20,9,31,https://www.youtube.com/watch?v=23TOqYv1ArU,0,0,0,0,
b7f134e273ed4418bbb70033d782bea3,249,31921,0,0,0,,0,0,0,,0,0,0,,0,0,0,0,
bff3b878d9864ff893bd79d1f2a7a849,249,10628,32,12,75,https://www.youtube.com/watch?v=JYvrlWhWd4o,32,12,75,https://www.youtube.com/watch?v=JYvrlWhWd4o,22,21,22,https://www.youtube.com/watch?v=EFkVAyjrhYQ,42,0,0,0,
26b00f5ff5bf4b5a8dcb6c5c34e1b4f6,249,2436,95,71,95,https://www.youtube.com/watch?v=hCkACkrqjXk,0,0,0,,95,71,95,https://www.youtube.com/watch?v=hCkACkrqjXk,543,282,201,650,https://www.twitch.tv/videos/2030987571
619f48c4546c481bbc52aadc12c3e48f,246,933,35,19,35,https://www.youtube.com/watch?v=3RFywpREuco,0,0,0,,35,19,35,https://www.youtube.com/watch?v=3RFywpREuco,674,208,149,344,https://www.twitch.tv/videos/2018587964
da028e87249944c2a8c86defb7ad3919,246,2813,0,0,0,,0,0,0,,0,0,0,,0,0,0,0,
a64ba9e0b7dd4de58ffbdf9ca043a90b,246,6539,79,34,117,https://www.youtube.com/watch?v=FfemJdNxusM,79,40,117,https://www.youtube.com/watch?v=FfemJdNxusM,117,9,117,https://www.youtube.com/watch?v=4gLeF4n_87w,0,0,0,0,
3a44da0674144e61bff60415cc09a678,246,5443,7,4,13,https://www.youtube.com/watch?v=hnQFH_CMs5E,7,4,13,https://www.youtube.com/watch?v=hnQFH_CMs5E,0,0,0,,0,0,0,0,
a2b11fd42f704616bf87b12a0d9bac9a,245,5052,0,0,0,,0,0,0,,0,0,0,,483,106,57,432,https://www.twitch.tv/videos/2018992970
66f7f39ae20e44d39c8ed53da5ca53e7,245,3204,0,0,0,,0,0,0,,0,0,0,,1926,0,0,0,
6542ad533b67427ab99e5b2277ace17d,245,5093,100,71,166,https://www.youtube.com/watch?v=tI_PqNOEkJk,100,71,166,https://www.youtube.com/watch?v=tI_PqNOEkJk,0,0,0,,0,0,0,0,
acb95c574d8444cd80102796e0d56edd,245,8281,77,41,163,https://www.youtube.com/watch?v=dY_d4FFjZEE,50,42,163,https://www.youtube.com/watch?v=dY_d4FFjZEE,105,40,105,https://www.youtube.com/watch?v=Mq1CKTIhmjA,226,0,0,0,
c232b3088a6e49b997b325d5de9a3013,245,1841,0,0,0,,0,0,0,,0,0,0,,122,0,0,0,
577fdbca86fa4414a153b5ebdcab90d4,244,1729,0,0,0,,0,0,0,,0,0,0,,506,73,49,79,https://www.twitch.tv/videos/2025398838
b511c9a0eba7474fbb8ac8d02ff357b7,244,9840,37,19,86,https://www.youtube.com/watch?v=6J7iSouWQPg,40,26,86,https://www.youtube.com/watch?v=6J7iSouWQPg,32,10,39,https://www.youtube.com/watch?v=NUdjvpAwx94,0,0,0,0,
156aba6fe34b4d648a3fd210550963c7,241,0,0,0,0,,0,0,0,,0,0,0,,95,0,0,0,
abda6c94394b47ba885c34417e3a4d08,240,6407,0,0,0,,0,0,0,,0,0,0,,466,130,98,302,https://www.twitch.tv/videos/2026378079
4599283c135c4e779cc5068b2bc37156,239,1858,17,9,109,https://www.youtube.com/watch?v=TvS9yPP_0C8,63,35,63,https://www.youtube.com/watch?v=ZwkMjXyjhP8,15,5,109,https://www.youtube.com/watch?v=TvS9yPP_0C8,343,113,75,139,https://www.twitch.tv/videos/2018869411
7a160bd129144664804dd3fc08fceeb1,239,17370,272,82,341,https://www.youtube.com/watch?v=55EnIN9_EwA,0,0,0,,272,82,341,https://www.youtube.com/watch?v=55EnIN9_EwA,1222,0,0,0,
53efd9429564453c9d6ed04cd67860ca,238,5719,124,45,411,https://www.youtube.com/watch?v=uxp56JKIt5M,121,49,411,https://www.youtube.com/watch?v=uxp56JKIt5M,200,8,200,https://www.youtube.com/watch?v=sKDo7ZxCD6U,0,0,0,0,
ee8addc35a0041fe8c02f6b22c1d2289,238,15628,0,0,0,,0,0,0,,0,0,0,,207,27,23,27,https://www.twitch.tv/videos/2028167344
7179f903569e4fa9842b5c5ea3f7a645,238,9838,19,15,76,https://www.youtube.com/watch?v=vyfemUfcKJ4,22,17,76,https://www.youtube.com/watch?v=vyfemUfcKJ4,13,3,13,https://www.youtube.com/watch?v=iJfIs03C5og,374,0,0,0,
bf7122f997f04401b0a6938abaded38c,236,13883,67,49,67,https://www.youtube.com/watch?v=RCmMIrk-qG8,67,49,67,https://www.youtube.com/watch?v=RCmMIrk-qG8,0,0,0,,0,0,0,0,
ab540a5b73bb4dfa85cebffb70fad5db,236,2950,90,44,1050,https://www.youtube.com/watch?v=9AeBa1dfSnU,86,38,90,https://www.youtube.com/watch?v=TalABXtxsZM,1050,545,1050,https://www.youtube.com/watch?v=9AeBa1dfSnU,636,163,84,163,https://www.twitch.tv/videos/2017836395
0f74555e05794780adc4eb0b9096f727,234,0,0,0,0,,0,0,0,,0,0,0,,85,0,0,0,
8e84c388bf0e4f9481434a0eb392a0da,233,3761,60,27,108,https://www.youtube.com/watch?v=8QpJU6oWdpg,62,27,108,https://www.youtube.com/watch?v=8QpJU6oWdpg,57,1,57,https://www.youtube.com/watch?v=dU3EoeNQC04,0,0,0,0,
c92baa46ff4e41c9918ad2427c0853d6,233,13098,621,606,1830,https://www.youtube.com/watch?v=p3BYwcocPYs,0,0,0,,621,606,1830,https://www.youtube.com/watch?v=p3BYwcocPYs,2787,236,189,713,https://www.twitch.tv/videos/2026276556
a16471805f7f44f88237b42c79b9f3a2,233,7101,0,0,0,,0,0,0,,0,0,0,,0,0,0,0,
830fd8d5a40e44d1a71b83fe876e1ac5,232,7897,44,22,69,https://www.youtube.com/watch?v=fhdPLoK2h1w,44,22,69,https://www.youtube.com/watch?v=fhdPLoK2h1w,0,0,0,,0,0,0,0,
67b3f32472774d3191ecfea12f60a990,230,6962,17,8,17,https://www.youtube.com/watch?v=yAsBQH4j2vI,17,8,17,https://www.youtube.com/watch?v=yAsBQH4j2vI,0,0,0,,86,0,0,0,
238b751368474f798a737e7cf1f4a87b,229,2558,26,11,70,https://www.youtube.com/watch?v=0COoyuiL4jc,39,14,39,https://www.youtube.com/watch?v=hU9dgm4L07I,23,10,70,https://www.youtube.com/watch?v=0COoyuiL4jc,606,283,239,439,https://www.twitch.tv/videos/2031172584
0e136a936a574815a311e6e801ce3ca6,229,5509,50,27,73,https://www.youtube.com/watch?v=wT598Waj3oI,50,27,73,https://www.youtube.com/watch?v=wT598Waj3oI,0,0,0,,7,0,0,0,
af34d62a8f4e4ca180c11f11c2832893,228,3775,0,0,0,,0,0,0,,0,0,0,,0,0,0,0,
fbd0d260a09c47b1a9dcc73fd41e7eca,228,2539,0,0,0,,0,0,0,,0,0,0,,5984,427,292,505,https://www.twitch.tv/videos/2019492204
d3a0a421fd184f9fa51856096d01e85b,227,12784,46,25,46,https://www.youtube.com/watch?v=o_VOMoeaMDs,46,25,46,https://www.youtube.com/watch?v=o_VOMoeaMDs,0,0,0,,0,0,0,0,
3d35a29bba214ae4b28ba6babd1b4974,226,2226,0,0,0,,0,0,0,,0,0,0,,23,0,0,0,
09c9c71c41e24e7d9498ce41a78dae1c,226,9886,0,0,0,,0,0,0,,0,0,0,,195,42,30,220,https://www.twitch.tv/videos/2018764302
f7758d944fd8438a86bfe1235c7bcd17,225,11414,6,3,16,https://www.youtube.com/watch?v=9oKwaEL-qFQ,0,0,0,,6,3,16,https://www.youtube.com/watch?v=9oKwaEL-qFQ,0,0,0,0,
a7bb915cc1a0474080d7dbf6d245daf4,223,9084,0,0,0,,0,0,0,,0,0,0,,33,0,0,0,
cbaa062d8a2443b1b2b1efd92d9bd3bb,223,1372,0,0,0,,0,0,0,,0,0,0,,0,0,0,0,
63730ec82db64ce5a51464cf24f9a4aa,223,173,0,0,0,,0,0,0,,0,0,0,,417,0,0,0,
e84d584c7c574b50b0a9efc240ef74a3,222,7992,11,1,19,https://www.youtube.com/watch?v=tkc6TH29qWg,0,0,0,,11,1,19,https://www.youtube.com/watch?v=tkc6TH29qWg,0,0,0,0,
90a8ac8d7653460298ba85cb7e4d3bc9,221,8366,0,0,0,,0,0,0,,0,0,0,,51,0,0,0,
904217f39af144a9b922beab57e61ae4,221,4866,66,25,203,https://www.youtube.com/watch?v=Nf1BaMHb3t8,66,28,161,https://www.youtube.com/watch?v=pS55FVAzuRc,122,14,203,https://www.youtube.com/watch?v=Nf1BaMHb3t8,68,21,16,49,https://www.twitch.tv/videos/2028144373
6b43c568bdf044e4a4ae0bae0cb9fff2,221,4832,101,48,1066,https://www.youtube.com/watch?v=M8MTYPLgTRM,0,0,0,,101,48,1066,https://www.youtube.com/watch?v=M8MTYPLgTRM,0,0,0,0,
9643c650b1804107b85de1f08010aa9d,220,4233,74,43,115,https://www.youtube.com/watch?v=6KrBre7AlYI,74,43,115,https://www.youtube.com/watch?v=6KrBre7AlYI,0,0,0,,67,65,37,65,https://www.twitch.tv/videos/2019535181
31c7fada1ab24cbd83ab4ae698955a29,219,2872,18,11,49,https://www.youtube.com/watch?v=tjET1Xrfq-Q,17,11,49,https://www.youtube.com/watch?v=tjET1Xrfq-Q,44,11,44,https://www.youtube.com/watch?v=yijkhNp_tWM,0,0,0,0,
a89f7ee46cc14dff93675ce5bb82a692,219,227,0,0,0,,0,0,0,,0,0,0,,1411,0,0,0,
7150d8a73d2a4cf590f83c8dfcfc1bd2,219,1063,0,0,0,,0,0,0,,0,0,0,,0,0,0,0,
497385ad229548cdb0c80d89b70d050f,218,1417,174,102,478,https://www.youtube.com/watch?v=NvAWKy0BVbk,181,102,478,https://www.youtube.com/watch?v=NvAWKy0BVbk,143,107,208,https://www.youtube.com/watch?v=SYawxfIvRbc,0,0,0,0,
809ddec4aec2402ea41adeba2f8520ec,217,13472,25,7,26,https://www.youtube.com/watch?v=e4FhhYboXYQ,0,0,0,,25,7,26,https://www.youtube.com/watch?v=e4FhhYboXYQ,721,93,57,291,https://www.twitch.tv/videos/2019381734
af89613e72874e219c00ab0c89b6c641,217,44571,85,35,108,https://www.youtube.com/watch?v=V9QEKwaB1jI,85,35,108,https://www.youtube.com/watch?v=V9QEKwaB1jI,0,0,0,,6,0,0,0,
993f1ef8dae74aa3a752a5b4766cc022,216,2380,0,0,0,,0,0,0,,0,0,0,,0,0,0,0,
5bc9033b30954bedb0e2442e8470d5a2,216,2496,0,0,0,,0,0,0,,0,0,0,,0,0,0,0,
8ae87582ab1e4b31bfd38310afda77bd,215,1324,0,0,0,,0,0,0,,0,0,0,,790,199,106,216,https://www.twitch.tv/videos/2017779862
df292544db27442ea21604a7c6217587,215,8542,0,0,0,,0,0,0,,0,0,0,,0,0,0,0,
356186a5552f499baab4ac520b7d4235,214,9528,56,37,559,https://www.youtube.com/watch?v=b9nrv_Krf-k,56,37,85,https://www.youtube.com/watch?v=ljYAmumANhc,306,173,559,https://www.youtube.com/watch?v=b9nrv_Krf-k,0,0,0,0,
7f34e1e57aee461c8de6f8a112d45294,213,2444,37,26,89,https://www.youtube.com/watch?v=i5fdDj-04Tc,37,26,89,https://www.youtube.com/watch?v=i5fdDj-04Tc,0,0,0,,0,0,0,0,
08ad5252798346418db059ade21ae522,213,4707,51,29,51,https://www.youtube.com/watch?v=JjUxU8XBqUU,51,29,51,https://www.youtube.com/watch?v=JjUxU8XBqUU,0,0,0,,0,0,0,0,
25619abc5e0d4f79839e48d83234eaf8,213,2820,16,9,39,https://www.youtube.com/watch?v=XfUN4UrRU-U,16,9,39,https://www.youtube.com/watch?v=XfUN4UrRU-U,0,0,0,,561,45,35,77,https://www.twitch.tv/videos/2018869604
5ea1e4c39e1640e4bdacbc872f264f16,212,7971,51,1,51,https://www.youtube.com/watch?v=ZiqcmeKPM38,51,1,51,https://www.youtube.com/watch?v=ZiqcmeKPM38,0,0,0,,0,0,0,0,
5c85ca3ffbfc4ff6b0591c29fc92b7eb,212,3092,63,28,185,https://www.youtube.com/watch?v=KYMr0IeJQvI,77,40,185,https://www.youtube.com/watch?v=KYMr0IeJQvI,33,25,33,https://www.youtube.com/watch?v=kEbrtljT6tg,0,0,0,0,
94ca3090942d4ca38a71b8f1b65c7343,210,10365,0,0,0,,0,0,0,,0,0,0,,92,0,0,0,
b9eb00549c554290a7dbc5cd05910239,209,1503,128,21,700,https://www.youtube.com/watch?v=O2-STpxmn74,219,23,219,https://www.youtube.com/watch?v=PnDKPpT5qxA,37,20,700,https://www.youtube.com/watch?v=O2-STpxmn74,0,0,0,0,
c6e955ae1fce48678120bc086a436073,209,4971,41,11,105,https://www.youtube.com/watch?v=kg9xu-Xasyk,41,11,105,https://www.youtube.com/watch?v=kg9xu-Xasyk,0,0,0,,0,0,0,0,
fbaedf1cfc684f70b539e6a0ff6698be,209,99800,0,0,0,,0,0,0,,0,0,0,,0,0,0,0,
bd39e88e6dd24e659b135b7fe96bef5b,209,412,0,0,0,,0,0,0,,0,0,0,,0,0,0,0,
0b0668c6206c4500bdcbc281ee58680c,208,12312,0,0,0,,0,0,0,,0,0,0,,2288,188,146,246,https://www.twitch.tv/videos/2027405135
f1d9ff59d3d74b0ebb4268de53698dbf,207,5891,0,0,0,,0,0,0,,0,0,0,,608,63,45,81,https://www.twitch.tv/videos/2030028383
e26c1adf28244a09b8c29704ac1de1ca,207,13204,0,0,0,,0,0,0,,0,0,0,,0,0,0,0,
4d4db7afb4b84af7b4d54889a5f93947,207,8057,17,16,17,https://www.youtube.com/watch?v=c65hDb-shq4,0,0,0,,17,16,17,https://www.youtube.com/watch?v=c65hDb-shq4,0,0,0,0,
c8bd7c9fcc714269b8092571f2622867,206,489,0,0,0,,0,0,0,,0,0,0,,0,0,0,0,
93f634fe42104563b8c2343813098b46,205,2272,111,38,111,https://www.youtube.com/watch?v=6SC5L_j3-lM,0,0,0,,111,38,111,https://www.youtube.com/watch?v=6SC5L_j3-lM,839,0,0,0,
a76d4171e74448fd9d1a6eaf183be3ff,204,9635,0,0,0,,0,0,0,,0,0,0,,511,155,101,155,https://www.twitch.tv/videos/2021474398
d11123a75b874ad2bb120bb237e94c8d,204,0,0,0,0,,0,0,0,,0,0,0,,2390,0,0,0,
d8b5835bc6aa46119cc7ddd4447e780f,202,32112,18,9,31,https://www.youtube.com/watch?v=3-rdmuCRpsw,0,0,0,,18,9,31,https://www.youtube.com/watch?v=3-rdmuCRpsw,1647,126,94,362,https://www.twitch.tv/videos/2020385078
738317b741174fff8eefca31fc2de9fe,201,15376,0,0,0,,0,0,0,,0,0,0,,0,0,0,0,
cfe0c2386d794c229d71c5a6a7e28333,201,9861,20,16,20,https://www.youtube.com/watch?v=DJDkZZk0qoY,0,0,0,,20,16,20,https://www.youtube.com/watch?v=DJDkZZk0qoY,0,0,0,0,
ec332c6e824044698204e6dba3e5fbfc,201,2432,15,4,100,https://www.youtube.com/watch?v=6bsPMWHGVns,53,23,85,https://www.youtube.com/watch?v=58eoj1ECfp0,8,2,100,https://www.youtube.com/watch?v=6bsPMWHGVns,251,52,43,88,https://www.twitch.tv/videos/2018686819
12479712313d4ddda715483e1f93ee9d,201,3513,0,0,0,,0,0,0,,0,0,0,,0,0,0,0,
4cebb92683d548089e998ec18a484930,201,10667,36,15,69,https://www.youtube.com/watch?v=TKc3CCdgMKA,36,15,69,https://www.youtube.com/watch?v=TKc3CCdgMKA,0,0,0,,0,0,0,0,
00d9cb7b0bcd451999f4fd33dd84be6c,201,12540,29,15,2620,https://www.youtube.com/watch?v=R0BB-vKGIQI,48,27,48,https://www.youtube.com/watch?v=YotZYPsdBP4,29,15,2620,https://www.youtube.com/watch?v=R0BB-vKGIQI,2856,196,146,332,https://www.twitch.tv/videos/2018138225
a0981cb8e7234c52a2fe52e0be9929b9,200,9637,0,0,0,,0,0,0,,0,0,0,,0,0,0,0,
16104c4d611242ec9ebc07f7e34966ce,200,13558,40,25,69,https://www.youtube.com/watch?v=hvGKtPJMPr8,40,25,69,https://www.youtube.com/watch?v=hvGKtPJMPr8,0,0,0,,0,0,0,0,
e180d8dd00df4b7aba78d8cd4a0baf5e,199,2377,0,0,0,,0,0,0,,0,0,0,,0,0,0,0,
870465c233f0486eb5f710ede69af779,199,3537,74,31,74,https://www.youtube.com/watch?v=t6hIfGeGk2w,0,0,0,,74,31,74,https://www.youtube.com/watch?v=t6hIfGeGk2w,478,47,28,47,https://www.twitch.tv/videos/2020297337
df6443487ffb4142aea2b053b4aa8db7,199,8843,0,0,0,,0,0,0,,0,0,0,,1423,102,87,245,https://www.twitch.tv/videos/2023355955
bf6401d2159c40a8a616defa8c2c4a66,198,23534,7,3,14,https://www.youtube.com/watch?v=AxjboD0Evdk,0,0,0,,7,3,14,https://www.youtube.com/watch?v=AxjboD0Evdk,676,91,56,206,https://www.twitch.tv/videos/2023412362
2dfcc511bca64a678926415857b097e9,198,0,0,0,0,,0,0,0,,0,0,0,,0,0,0,0,
a5a59537edc54be3919408276c556bd7,197,4637,0,0,0,,0,0,0,,0,0,0,,0,0,0,0,
59ea0c3b836c4dee8ba08df9bb73be86,197,0,0,0,0,,0,0,0,,0,0,0,,0,0,0,0,
483a76d7ad1d464aa290606959ddddec,196,8665,79,31,298,https://www.youtube.com/watch?v=4p9PonKOy30,83,49,143,https://www.youtube.com/watch?v=8phte3eM6S0,17,9,298,https://www.youtube.com/watch?v=4p9PonKOy30,68,24,19,37,https://www.twitch.tv/videos/2027324812
de8c5ca15afd4534a822e5a1a9c2784e,196,1637,0,0,0,,0,0,0,,0,0,0,,1935,125,97,212,https://www.twitch.tv/videos/2021522422
7a7e366c81d54d03a07cb2c6cb382884,196,5290,0,0,0,,0,0,0,,0,0,0,,0,0,0,0,
b39949e93e184c85bde930a33d1bee66,196,2017,137,49,176,https://www.youtube.com/watch?v=PF15R759eIY,137,49,176,https://www.youtube.com/watch?v=PF15R759eIY,0,0,0,,0,0,0,0,
202d7c3df0a0489288ace48e1e81ac9f,196,4420,0,0,0,,0,0,0,,0,0,0,,69,36,26,50,https://www.twitch.tv/videos/2020670224
df079afa77ea4a65baedaaa701936050,195,0,0,0,0,,0,0,0,,0,0,0,,0,0,0,0,
68da57d983e34588a1bb37783d3c4074,195,3809,0,0,0,,0,0,0,,0,0,0,,4136,0,0,0,
3df5dcf41cdb46c7b7de73e502ce4ae1,195,6893,0,0,0,,0,0,0,,0,0,0,,362,118,97,253,https://www.twitch.tv/videos/2025278478
698d1cca0e1f417892c954dabe0aacf8,195,1176,0,0,0,,0,0,0,,0,0,0,,2053,0,0,0,
29c5ea1a6723412587c63a4ee1c1b910,195,6531,36,23,46,https://www.youtube.com/watch?v=Ag7D6sP8hcY,36,23,46,https://www.youtube.com/watch?v=Ag7D6sP8hcY,0,0,0,,0,0,0,0,
22a21c1a529f4817b8790629d8b4590f,195,3249,47,23,94,https://www.youtube.com/watch?v=ShlVG5f7lvw,24,15,42,https://www.youtube.com/watch?v=Ab1JeK5vY_E,90,46,94,https://www.youtube.com/watch?v=ShlVG5f7lvw,90,7,4,20,https://www.twitch.tv/videos/2030166654
f30f6a2e994641b5af169b97f2aad13b,194,6538,0,0,0,,0,0,0,,0,0,0,,533,0,0,0,
3dc59c2e8b424c9e812fb48048ebdef8,194,4741,0,0,0,,0,0,0,,0,0,0,,1356,118,80,144,https://www.twitch.tv/videos/2024403432
a3afce163c9341c992f526816d9d5440,193,2101,0,0,0,,0,0,0,,0,0,0,,53,0,0,0,
770a8d28e9bd4641acb6a0b2a9d07ef9,193,1547,0,0,0,,0,0,0,,0,0,0,,337,0,0,0,
b4607ee6ce914078ae3704617ca03333,192,1334,0,0,0,,0,0,0,,0,0,0,,489,0,0,0,
9099b86c3fe84a138b0bc1f258bca138,191,6026,25,14,61,https://www.youtube.com/watch?v=TUgyHm5YsKE,25,14,61,https://www.youtube.com/watch?v=TUgyHm5YsKE,0,0,0,,0,0,0,0,
6d1b01658ae74a7f91c7f60b5abe1cb2,190,70567,22,9,69,https://www.youtube.com/watch?v=LwTQqtikbCQ,22,10,69,https://www.youtube.com/watch?v=LwTQqtikbCQ,4,3,4,https://www.youtube.com/watch?v=iihkDrEqpQk,0,0,0,0,
53a6613b12f7463d9e973f8ddd679210,189,2911,0,0,0,,0,0,0,,0,0,0,,0,0,0,0,
2d306a5821ff4e478bbff317bd6e382e,188,18895,0,0,0,,0,0,0,,0,0,0,,0,0,0,0,
fe1304d2a7694657a0922ac4fee53977,186,2725,0,0,0,,0,0,0,,0,0,0,,326,70,42,73,https://www.twitch.tv/videos/2019541758
b7ff77850f1945b5bd73f8a0b1ec0033,185,2177,0,0,0,,0,0,0,,0,0,0,,186,0,0,0,
ae2d7595c5b94d0786e2fcd5c8973c06,185,2434,0,0,0,,0,0,0,,0,0,0,,0,0,0,0,
c11749c10e1941a9adb2a231eee2f2ea,185,497,46,23,257,https://www.youtube.com/watch?v=ihoumUQuXs8,38,32,257,https://www.youtube.com/watch?v=ihoumUQuXs8,46,23,46,https://www.youtube.com/watch?v=Hqees15ww04,0,0,0,0,
04e8814df3b54af0b0c7edc34b4cdda0,185,2469,0,0,0,,0,0,0,,0,0,0,,0,0,0,0,
0134d1ae91784122b79954c2c8571aef,184,0,0,0,0,,0,0,0,,0,0,0,,415,0,0,0,
837cc45c90974caa9f07699c3899fa7b,184,7223,19,4,215,https://www.youtube.com/watch?v=HVwOkwz0aYY,34,15,56,https://www.youtube.com/watch?v=Uka5X2vH_0o,11,1,215,https://www.youtube.com/watch?v=HVwOkwz0aYY,109,41,30,97,https://www.twitch.tv/videos/2017882990
dc0f8e297afc4531ac04e46808f7ef6d,183,2390,0,0,0,,0,0,0,,0,0,0,,1032,144,99,256,https://www.twitch.tv/videos/2027318338
a46ad933ff6f4d0c91cc1069f0329265,182,3406,0,0,0,,0,0,0,,0,0,0,,0,0,0,0,
44ed1695f2ea4c7790735fdd335aae78,182,427,0,0,0,,0,0,0,,0,0,0,,1050,192,182,241,https://www.twitch.tv/videos/2031186998
cdfe7ee6d1f943dfbc5153f82f827393,180,2004,0,0,0,,0,0,0,,0,0,0,,0,0,0,0,
789a7f5d025349b4ace0925f9e17fdd7,180,642,0,0,0,,0,0,0,,0,0,0,,0,0,0,0,
c274c90379ca4e57a79251976cda3e54,180,5560,43,20,80,https://www.youtube.com/watch?v=WpI0R-11ADY,43,20,80,https://www.youtube.com/watch?v=WpI0R-11ADY,0,0,0,,303,39,28,54,https://www.twitch.tv/videos/2018917527
95694a64c0fe4b5c987344f1edcec826,180,7112,19,7,27,https://www.youtube.com/watch?v=SCzawna2BYU,0,0,0,,19,7,27,https://www.youtube.com/watch?v=SCzawna2BYU,712,109,71,228,https://www.twitch.tv/videos/2017864937
b3a1f0922f7440f3bb1adbfa7a04bd09,179,5358,21,6,36,https://www.youtube.com/watch?v=-2-xSlFG1JU,0,0,0,,21,6,36,https://www.youtube.com/watch?v=-2-xSlFG1JU,696,67,61,79,https://www.twitch.tv/videos/2028329811
33546b9ad5a8408589405f9467063dd7,178,918,18,5,18,https://www.youtube.com/watch?v=Q440uJIB608,0,0,0,,18,5,18,https://www.youtube.com/watch?v=Q440uJIB608,1648,165,28,520,https://www.twitch.tv/videos/2012659419
566e5b6f438a4cacb3e4036eb9ffe9b8,178,3869,41,24,88,https://www.youtube.com/watch?v=Xupi0RboEe0,41,24,88,https://www.youtube.com/watch?v=Xupi0RboEe0,0,0,0,,0,0,0,0,
6d76e6b27f164061a216ec2831bd8dd3,175,1607,0,0,0,,0,0,0,,0,0,0,,695,52,40,88,https://www.twitch.tv/videos/2018474531
f0cf456a9f204645a4b468f8cbefb150,174,1486,0,0,0,,0,0,0,,0,0,0,,1484,146,78,267,https://www.twitch.tv/videos/2018525786
04cb051e69c74105ae2f7b62ea29d1e2,174,3533,0,0,0,,0,0,0,,0,0,0,,0,0,0,0,
b0b2b517ea67432981e41a49aa88bc67,174,2417,0,0,0,,0,0,0,,0,0,0,,480,87,77,164,https://www.twitch.tv/videos/2026399426
85ab3b48d46e4a8ab1d4b5d46fd97c41,174,12799,0,0,0,,0,0,0,,0,0,0,,0,0,0,0,
1bbbb184005d4213b9f3caa2b69eecfc,173,5220,67,16,96,https://www.youtube.com/watch?v=-Gjq6poA56w,67,16,96,https://www.youtube.com/watch?v=-Gjq6poA56w,0,0,0,,0,0,0,0,
04ca68439fd14d088c77eb0069e6414f,173,8356,59,41,383,https://www.youtube.com/watch?v=7erCRmb1PMw,65,45,383,https://www.youtube.com/watch?v=7erCRmb1PMw,59,39,228,https://www.youtube.com/watch?v=J0SNfC24T3U,66,9,7,28,https://www.twitch.tv/videos/2027450267
dfa5fefa546a40d5a677ddfff02ff3e1,173,6628,27,8,302,https://www.youtube.com/watch?v=m_6104MZ6vM,0,0,0,,27,8,302,https://www.youtube.com/watch?v=m_6104MZ6vM,369,49,38,135,https://www.twitch.tv/videos/2018849861
1266255bc3ec481abc9d970be9f14f6d,172,0,0,0,0,,0,0,0,,0,0,0,,0,0,0,0,
9814a60f7b004019a6e3ab7b2520a7c2,172,3417,40,37,195,https://www.youtube.com/watch?v=eVgT0FLlhrs,54,46,195,https://www.youtube.com/watch?v=eVgT0FLlhrs,20,4,32,https://www.youtube.com/watch?v=ghkXEu63XoU,53,19,18,19,https://www.twitch.tv/videos/2030253621
56e0088d20b04a059da9932476fc9a5b,172,19130,0,0,0,,0,0,0,,0,0,0,,2603,195,135,410,https://www.twitch.tv/videos/2025440323
502f8130b1c04139a8c1933801f479b4,172,3835,0,0,0,,0,0,0,,0,0,0,,1891,0,0,0,
cb5ff5f1898a45b1bc27a32057a1fa91,172,989,59,44,145,https://www.youtube.com/watch?v=NcuPfOPVq-k,101,99,145,https://www.youtube.com/watch?v=NcuPfOPVq-k,58,32,80,https://www.youtube.com/watch?v=P6X-UW0f9FY,432,135,108,199,https://www.twitch.tv/videos/2030179690
d21ddfb9a7a540f6b4f259edf36065ca,171,1449,29,9,29,https://www.youtube.com/watch?v=u-gs6cpVSDI,29,9,29,https://www.youtube.com/watch?v=u-gs6cpVSDI,0,0,0,,0,0,0,0,
943129b96d2341bcb7b25a66c9da2354,171,3902,26,7,74,https://www.youtube.com/watch?v=HlKXb5teeZI,26,7,74,https://www.youtube.com/watch?v=HlKXb5teeZI,8,4,8,https://www.youtube.com/watch?v=YPGJT9vJWzU,15378,626,263,2008,https://www.twitch.tv/videos/2029042480
2e7fa2f9a4ba4ca6a0ea1397839aafca,170,4947,29,17,43,https://www.youtube.com/watch?v=flv_Rurl1qs,29,17,43,https://www.youtube.com/watch?v=flv_Rurl1qs,0,0,0,,0,0,0,0,
2afd93f378e14e78ad944fa86a84ed98,170,2725,50,25,134,https://www.youtube.com/watch?v=KnCBaAwEfRI,50,25,134,https://www.youtube.com/watch?v=KnCBaAwEfRI,0,0,0,,0,0,0,0,
75eb49d99170441ab784d7bec7378d21,169,6547,11,4,49,https://www.youtube.com/watch?v=zZzmXkvibkg,0,0,0,,11,4,49,https://www.youtube.com/watch?v=zZzmXkvibkg,956,158,92,553,https://www.twitch.tv/videos/2017746972
cb0679cc04a44f8f9871bc78196b299e,169,3451,0,0,0,,0,0,0,,0,0,0,,0,0,0,0,
904f58005872497b82964fff25490152,168,6045,39,7,108,https://www.youtube.com/watch?v=51k1tR9JwK0,29,6,108,https://www.youtube.com/watch?v=51k1tR9JwK0,80,8,88,https://www.youtube.com/watch?v=vSm1zLyHXiY,80,51,42,56,https://www.twitch.tv/videos/2023401438
886b8f7841a341af80b6faed09b18ba1,167,1014,0,0,0,,0,0,0,,0,0,0,,438,66,39,134,https://www.twitch.tv/videos/2018848123
26e2e1583d404f48b879375ef74ae33a,167,5520,11,8,34,https://www.youtube.com/watch?v=tO7UlnkBwzU,11,8,34,https://www.youtube.com/watch?v=tO7UlnkBwzU,0,0,0,,0,0,0,0,
d836b4139ddc4b1e9cbf117d74d8456a,166,2569,0,0,0,,0,0,0,,0,0,0,,0,0,0,0,
4de233ea7dfc4a7da1738ab627babd48,166,4798,40,20,78,https://www.youtube.com/watch?v=Ph3AYW69c94,40,20,78,https://www.youtube.com/watch?v=Ph3AYW69c94,0,0,0,,0,0,0,0,
de454734403e4c8cb03961dec481ff6d,166,6122,12,4,12,https://www.youtube.com/watch?v=lRfuj1Opz3k,0,0,0,,12,4,12,https://www.youtube.com/watch?v=lRfuj1Opz3k,294,42,35,114,https://www.twitch.tv/videos/2017857018
43767b3656dc4ff2a25145a986199dd2,165,4441,0,0,0,,0,0,0,,0,0,0,,0,0,0,0,
c5e956bdce614dddbeddfaf6ada4200d,164,6958,31,11,44,https://www.youtube.com/watch?v=Sx0-FZyab4M,31,11,44,https://www.youtube.com/watch?v=Sx0-FZyab4M,0,0,0,,0,0,0,0,
f9247dd02dd24e209eba623edcd8354b,164,4589,69,54,100,https://www.youtube.com/watch?v=Yyvkz_E6LQ8,69,60,69,https://www.youtube.com/watch?v=ffXG1FvfTFQ,77,42,100,https://www.youtube.com/watch?v=Yyvkz_E6LQ8,0,0,0,0,
652b28416c394eed93337f121c0dcbf5,163,2709,50,35,128,https://www.youtube.com/watch?v=phDsjq3hPpg,54,37,128,https://www.youtube.com/watch?v=phDsjq3hPpg,44,33,44,https://www.youtube.com/watch?v=hkgdGfDhYcg,0,0,0,0,
8c43feaf0d8644889a53f191f4934f15,163,5722,0,0,0,,0,0,0,,0,0,0,,0,0,0,0,
3986345f7cae4fc5ba3b7fd3a8dceba0,162,589,210,110,267,https://www.youtube.com/watch?v=K1lWvm-Nah8,210,110,267,https://www.youtube.com/watch?v=K1lWvm-Nah8,0,0,0,,0,0,0,0,
358be1981a1b485aa1c47b3ddf3f38bb,160,15116,19,5,19,https://www.youtube.com/watch?v=Aw79Bc6Hq0A,19,5,19,https://www.youtube.com/watch?v=Aw79Bc6Hq0A,0,0,0,,0,0,0,0,
354734963c7d49588387bbba859a05a2,160,0,0,0,0,,0,0,0,,0,0,0,,0,0,0,0,
aac7be72efc74efe9e77148fd4af7151,159,3637,52,20,68,https://www.youtube.com/watch?v=smfBXInqVt4,52,20,68,https://www.youtube.com/watch?v=smfBXInqVt4,0,0,0,,0,0,0,0,
eab02228a491402a824805ab47174ff4,159,0,0,0,0,,0,0,0,,0,0,0,,0,0,0,0,
f9174719d2a148eea3b406e332e4fcab,159,3377,56,36,152,https://www.youtube.com/watch?v=oIaYgkSVZSo,55,36,152,https://www.youtube.com/watch?v=oIaYgkSVZSo,109,23,109,https://www.youtube.com/watch?v=bRdjBEXAE8Y,0,0,0,0,
c913750a779d48658a6fd696271235c8,159,3333,0,0,0,,0,0,0,,0,0,0,,0,0,0,0,
ce15f0e1016b4a1e87ea09d0c98e8eb8,159,2060,0,0,0,,0,0,0,,0,0,0,,24,0,0,0,
e443b9e0c3524137ba2774625c6c78cd,158,1587,50,6,50,https://www.youtube.com/watch?v=FRSd0nmTr6U,0,0,0,,50,6,50,https://www.youtube.com/watch?v=FRSd0nmTr6U,447,44,33,50,https://www.twitch.tv/videos/2018807146
85340d14d5654ac3b28b39b007a7dea7,158,5900,35,15,63,https://www.youtube.com/watch?v=bS0pIxZM6qw,35,15,63,https://www.youtube.com/watch?v=bS0pIxZM6qw,0,0,0,,0,0,0,0,
40de95e169c84f728ba397fb8480cd44,158,3678,16,0,16,https://www.youtube.com/watch?v=vdi1RVNI98U,16,0,16,https://www.youtube.com/watch?v=vdi1RVNI98U,0,0,0,,0,0,0,0,
521d3e3d5e6e410aababfb8f290749b6,158,2242,0,0,0,,0,0,0,,0,0,0,,374,0,0,0,
d8fa0fb407c043cb9b65ab66c2221e8d,157,65399,7,0,21,https://www.youtube.com/watch?v=6En0Wx9yFhY,0,0,0,,7,0,21,https://www.youtube.com/watch?v=6En0Wx9yFhY,1954,90,62,175,https://www.twitch.tv/videos/2025417349
c2b01c98f9a946a9ae34ed7d7abbd8df,156,1543,20,2,20,https://www.youtube.com/watch?v=16hZbA0GM7U,20,2,20,https://www.youtube.com/watch?v=16hZbA0GM7U,0,0,0,,0,0,0,0,
704fc1f053134276ab03c19687cfcca6,155,0,0,0,0,,0,0,0,,0,0,0,,0,0,0,0,
a8bee4c680a54cf29b34d90bf7230ab1,155,2649,0,0,0,,0,0,0,,0,0,0,,1699,149,112,197,https://www.twitch.tv/videos/2031160846
302b50b5cf4844d58868013404b1ec3f,154,3314,43,17,76,https://www.youtube.com/watch?v=nBfZVcMYyzg,43,17,76,https://www.youtube.com/watch?v=nBfZVcMYyzg,0,0,0,,0,0,0,0,
7a570b5273ae4e359a6491aba1313011,154,275,13,9,20,https://www.youtube.com/watch?v=xPptCIrNaLU,9,2,9,https://www.youtube.com/watch?v=Q0S-aoRaq9s,17,14,20,https://www.youtube.com/watch?v=xPptCIrNaLU,1726,130,75,732,https://www.twitch.tv/videos/2017847390
a426decd1d4e4ace84ae2b31a9826251,153,19,0,0,0,,0,0,0,,0,0,0,,0,0,0,0,
c6704a4edfef443ba46ba7f0db0c4ff9,152,4419,19,11,69,https://www.youtube.com/watch?v=0Ys8PYcbZ2Q,19,12,51,https://www.youtube.com/watch?v=au8VUE6MKO8,32,8,69,https://www.youtube.com/watch?v=0Ys8PYcbZ2Q,0,0,0,0,
40a4357f990e4fd8ad2ac18c26603925,151,1126,5,1,16,https://www.youtube.com/watch?v=sjh9HtWCSxQ,5,0,11,https://www.youtube.com/watch?v=FuRVTEjHLHU,11,7,16,https://www.youtube.com/watch?v=sjh9HtWCSxQ,1153,58,43,135,https://www.twitch.tv/videos/2030163174
41edcbf09b764ff8af8154582cd86512,151,1313,83,44,256,https://www.youtube.com/watch?v=1X6sQFTWWHI,91,46,256,https://www.youtube.com/watch?v=1X6sQFTWWHI,22,5,99,https://www.youtube.com/watch?v=K5gax0rPM6w,0,0,0,0,
290bbaa329eb45b1a267bfd7e35c3b14,151,6957,7,4,13,https://www.youtube.com/watch?v=inkIh1rx0Xk,0,0,0,,7,4,13,https://www.youtube.com/watch?v=inkIh1rx0Xk,431,62,46,198,https://www.twitch.tv/videos/2018812905
46a16e41f2af4523adeb4556f2e0b0d5,151,3098,0,0,0,,0,0,0,,0,0,0,,8383,662,270,832,https://www.twitch.tv/videos/2008946806
372e74ff33744071a5488cb758e2323a,150,1989,0,0,0,,0,0,0,,0,0,0,,0,0,0,0,
d017bd7855e547298906060f0e9b442e,150,1178,155,73,157,https://www.youtube.com/watch?v=AHcdnc0ahV0,0,0,0,,155,73,157,https://www.youtube.com/watch?v=AHcdnc0ahV0,643,124,74,212,https://www.twitch.tv/videos/2021477136
4859b57db8e043f1965e56324f137097,150,7622,80,44,2052,https://www.youtube.com/watch?v=jXT6dW15f3M,36,1,36,https://www.youtube.com/watch?v=Ab0IA4PF-FQ,94,58,2052,https://www.youtube.com/watch?v=jXT6dW15f3M,244,237,173,258,https://www.twitch.tv/videos/2028141954
98c577d538f84d75a3c34e0f9d13c8a3,148,3373,0,0,0,,0,0,0,,0,0,0,,173,0,0,0,
09ec73a6068c43579f5d2818ad0491d1,148,5261,0,0,0,,0,0,0,,0,0,0,,0,0,0,0,
2e05bf5968cf4b3789a1316f5b05d857,147,43587,0,0,0,,0,0,0,,0,0,0,,0,0,0,0,
3e86fddd8145474691e77ba761a6b2a5,147,13675,131,53,131,https://www.youtube.com/watch?v=OqDZ1sR119I,0,0,0,,131,53,131,https://www.youtube.com/watch?v=OqDZ1sR119I,868,0,0,0,
c56801a52568414ca54724a3c24c3417,146,9411,84,13,8723,https://www.youtube.com/watch?v=_PpskSibdis,0,0,0,,84,13,8723,https://www.youtube.com/watch?v=_PpskSibdis,1596,193,125,211,https://www.twitch.tv/videos/2019752925
985e77a95dcc46e38b513ab638c5ed25,145,7627,0,0,0,,0,0,0,,0,0,0,,521,0,0,0,
de5f8aaf92814bb79eb91adb0efc8f1d,145,5927,10,3,58,https://www.youtube.com/watch?v=rOQTYT9CMSk,10,3,58,https://www.youtube.com/watch?v=rOQTYT9CMSk,0,0,0,,0,0,0,0,
becdcbab308f4fa18540982596eebbd5,145,1162,623,483,623,https://www.youtube.com/watch?v=ybpMmaECg-g,0,0,0,,623,483,623,https://www.youtube.com/watch?v=ybpMmaECg-g,5078,454,371,1501,https://www.twitch.tv/videos/2030124067
c83b621071d441f391ec9f23cf764ebd,144,4465,49,17,49,https://www.youtube.com/watch?v=akR8EC8U6qg,0,0,0,,49,17,49,https://www.youtube.com/watch?v=akR8EC8U6qg,0,0,0,0,
ec2bb7a7428a43268780ea2e37fd1546,144,2060,0,0,0,,0,0,0,,0,0,0,,0,0,0,0,
d3b5f619038a4c488d36aeaeddc0f790,144,2923,85,24,189,https://www.youtube.com/watch?v=BXMrgpacqn4,84,31,95,https://www.youtube.com/watch?v=g00wlXkwHPQ,189,15,189,https://www.youtube.com/watch?v=BXMrgpacqn4,0,0,0,0,
f314b215c987471888b4477dc4d8bf08,144,0,0,0,0,,0,0,0,,0,0,0,,0,0,0,0,
96ff628d2280470b833174c32200a749,144,898,95,90,334,https://www.youtube.com/watch?v=peF1dPSiykM,95,90,334,https://www.youtube.com/watch?v=peF1dPSiykM,0,0,0,,0,0,0,0,
844adbe9800c4c52863267075afd2c7f,143,6106,7,5,7,https://www.youtube.com/watch?v=0D9B3j7SgmM,0,0,0,,7,5,7,https://www.youtube.com/watch?v=0D9B3j7SgmM,0,0,0,0,
21d69425cef1457180b1857cb6f8a6b6,143,23459,0,0,0,,0,0,0,,0,0,0,,203,0,0,0,
765aac9aab75405cbe3e6a574f62ce20,143,621,67,35,298,https://www.youtube.com/watch?v=uui0Qs9ilyg,67,32,298,https://www.youtube.com/watch?v=uui0Qs9ilyg,120,102,120,https://www.youtube.com/watch?v=pyPiUrLPLhg,0,0,0,0,
05e8faf10ef24e02adff107bf7747aff,143,6563,0,0,0,,0,0,0,,0,0,0,,0,0,0,0,
38c92430ea8d4620a584b5cf60eee321,143,5996,0,0,0,,0,0,0,,0,0,0,,0,0,0,0,
e3451dd6f3c0444c888eb6f67704613a,142,649,33,17,216,https://www.youtube.com/watch?v=YuKEXxSbGz4,33,17,216,https://www.youtube.com/watch?v=YuKEXxSbGz4,0,0,0,,0,0,0,0,
a84b1b6deabc462b9cf994fd02304b5b,142,727,0,0,0,,0,0,0,,0,0,0,,1479,165,122,792,https://www.twitch.tv/videos/2022427573
442edbdb59fe4979a2be3e5183258cf8,141,4031,50,23,99,https://www.youtube.com/watch?v=UMprT62Nf-U,50,23,99,https://www.youtube.com/watch?v=UMprT62Nf-U,0,0,0,,0,0,0,0,
a13421f0201540ecaccd5c207b15c425,141,8123,0,0,0,,0,0,0,,0,0,0,,0,0,0,0,
7d467d2119684242aacc405728e88bf9,141,1967,14,3,14,https://www.youtube.com/watch?v=lhtvbJdFMCc,0,0,0,,14,3,14,https://www.youtube.com/watch?v=lhtvbJdFMCc,0,0,0,0,
6b5f0c6b2ff74b0b9f906f5000298b91,140,5631,0,0,0,,0,0,0,,0,0,0,,0,0,0,0,
c08ae8d7412d407c8b233f6e445d081c,140,1249,3,0,5,https://www.youtube.com/watch?v=egQfvP412Bs,0,0,0,,3,0,5,https://www.youtube.com/watch?v=egQfvP412Bs,536,33,20,69,https://www.twitch.tv/videos/2031189729
34d0e3dda9044ab6866e2876aa07478c,139,9655,0,0,0,,0,0,0,,0,0,0,,84,0,0,0,
9b5bfa83a91e411fbeebfb68e8a56733,138,2815,0,0,0,,0,0,0,,0,0,0,,0,0,0,0,
ef2c9ea8d1644ce283daada94023648b,137,5191,14,8,24,https://www.youtube.com/watch?v=qGDb2r_u51M,14,8,24,https://www.youtube.com/watch?v=qGDb2r_u51M,0,0,0,,0,0,0,0,
a920d67ea25f449491121763b3117f95,137,4593,11,6,26,https://www.youtube.com/watch?v=CygLXhuaxhY,0,0,0,,11,6,26,https://www.youtube.com/watch?v=CygLXhuaxhY,232,126,66,205,https://www.twitch.tv/videos/2017963956
13b4e9aa6e064daeae11a136e2ec03fd,137,6439,22,14,29,https://www.youtube.com/watch?v=Ji8W1Mp_tVc,22,14,29,https://www.youtube.com/watch?v=Ji8W1Mp_tVc,0,0,0,,0,0,0,0,
f7c5066e776943ef9f277e3f41232272,137,4266,0,0,0,,0,0,0,,0,0,0,,0,0,0,0,
433b2802b62441a39c721400926d59eb,136,1697,40,11,40,https://www.youtube.com/watch?v=U1qq8fTUWiQ,0,0,0,,40,11,40,https://www.youtube.com/watch?v=U1qq8fTUWiQ,0,0,0,0,
90c230602c7542daa149c6f6edebc7c4,135,1364,0,0,0,,0,0,0,,0,0,0,,0,0,0,0,
240c765d12ae40ab85e53fb39eb22b03,134,2164,0,0,0,,0,0,0,,0,0,0,,4377,0,0,0,
b54b6078ea9a439399a6cf675607edcd,134,0,0,0,0,,0,0,0,,0,0,0,,0,0,0,0,
a24116ba22c84747818b7be8cd8eb733,134,1121,38,24,551,https://www.youtube.com/watch?v=gWZBL85ZkUE,36,15,131,https://www.youtube.com/watch?v=rv7CA7au_bU,312,175,551,https://www.youtube.com/watch?v=gWZBL85ZkUE,198,0,0,0,
8cb91728d2fa43a59f63dc73a1dc8f7b,133,2280,219,111,592,https://www.youtube.com/watch?v=rWvOs2Sxoy8,0,0,0,,219,111,592,https://www.youtube.com/watch?v=rWvOs2Sxoy8,0,0,0,0,
0a67a8d822094ca3a59963f0fac8798a,133,5,0,0,0,,0,0,0,,0,0,0,,0,0,0,0,
8362a08808604c0fbe3eaf6e945b3267,133,87,0,0,0,,0,0,0,,0,0,0,,0,0,0,0,
5205602b7f5a424eaefc557e4fb55823,133,1458,51,26,51,https://www.youtube.com/watch?v=U5n28KXtzJs,0,0,0,,51,26,51,https://www.youtube.com/watch?v=U5n28KXtzJs,149,0,0,0,
ec198b33036c436591c01ee93976b6a3,133,2590,67,30,68,https://www.youtube.com/watch?v=9Z7JXftWkz0,67,30,68,https://www.youtube.com/watch?v=9Z7JXftWkz0,0,0,0,,0,0,0,0,
624948114ff449e79fc17a68a43ecd68,132,1362,11,6,11,https://www.youtube.com/watch?v=bS9YdRbR_IM,11,6,11,https://www.youtube.com/watch?v=bS9YdRbR_IM,0,0,0,,0,0,0,0,
a0b5f8b54a534dfcb66154002e97e4cc,132,0,0,0,0,,0,0,0,,0,0,0,,116,0,0,0,
0c97b425059d4ac893cae0f804f4ccbc,131,5893,18,10,281,https://www.youtube.com/watch?v=jKZXxwXgiDw,13,6,32,https://www.youtube.com/watch?v=k_5Sir-UVs0,37,16,281,https://www.youtube.com/watch?v=jKZXxwXgiDw,0,0,0,0,
7ccac8385e2d41f69aab04b7f2b23cac,128,1492,0,0,0,,0,0,0,,0,0,0,,1232,293,199,395,https://www.twitch.tv/videos/2027250417
b850c220033a4b6d83c9b9b70b04647b,127,2211,15,7,15,https://www.youtube.com/watch?v=DJACXkISbwQ,15,7,15,https://www.youtube.com/watch?v=DJACXkISbwQ,0,0,0,,128,0,0,0,
803435ca691f43a4b02360926fee23d1,124,4799,1,0,1,https://www.youtube.com/watch?v=LahfAAcDDoc,0,0,0,,1,0,1,https://www.youtube.com/watch?v=LahfAAcDDoc,1250,107,79,176,https://www.twitch.tv/videos/2028160238
0a293e8cda6645709e6fb92f7b66f069,124,1598,26,0,26,https://www.youtube.com/watch?v=C9zjtsAoWSk,0,0,0,,26,0,26,https://www.youtube.com/watch?v=C9zjtsAoWSk,241,41,32,89,https://www.twitch.tv/videos/2023351313
c85822960da341bb8f5323219b233bd1,123,6196,17,3,17,https://www.youtube.com/watch?v=C7U24Og8RxM,0,0,0,,17,3,17,https://www.youtube.com/watch?v=C7U24Og8RxM,0,0,0,0,
fef1577c0352446c8e371b9fd9e7cc73,123,4220,1,0,3,https://www.youtube.com/watch?v=O0HUob3gG9w,0,0,0,,1,0,3,https://www.youtube.com/watch?v=O0HUob3gG9w,95,11,9,17,https://www.twitch.tv/videos/2027321103
82dcae1da14844ee88960a76041e7c27,123,459,0,0,0,,0,0,0,,0,0,0,,284,0,0,0,
acc6cc72bdb74a74a719cc41baf0aade,123,1573,45,20,243,https://www.youtube.com/watch?v=Uk-qyiadUPU,48,23,243,https://www.youtube.com/watch?v=Uk-qyiadUPU,38,5,114,https://www.youtube.com/watch?v=Zen5y26wAF4,0,0,0,0,
75da31a9fa4e4dafac9e98135bfab373,123,0,0,0,0,,0,0,0,,0,0,0,,0,0,0,0,
c7e9651357c34574a3e8dd7d8e62ab18,122,52,52,32,52,https://www.youtube.com/watch?v=JNYgxC-eonE,0,0,0,,52,32,52,https://www.youtube.com/watch?v=JNYgxC-eonE,81,0,0,0,
3750eae778e9453eaeee75956a8dabc6,122,0,0,0,0,,0,0,0,,0,0,0,,1747,257,188,1423,https://www.twitch.tv/videos/2018511938
47d591738d2449a496e7ce140b539662,121,911,0,0,0,,0,0,0,,0,0,0,,1562,257,175,292,https://www.twitch.tv/videos/2030791598
8b1758159f754a3a8d7f26dcf12c008f,121,6162,0,0,0,,0,0,0,,0,0,0,,0,0,0,0,
3c567ec581484049ae43ef1fc976964d,121,17234,0,0,0,,0,0,0,,0,0,0,,0,0,0,0,
8fdfa107052d44b990d12045a71b3c8c,119,3009,44,2,81,https://www.youtube.com/watch?v=pgoMIot0j7M,81,4,81,https://www.youtube.com/watch?v=pgoMIot0j7M,8,1,8,https://www.youtube.com/watch?v=uz_hxjdhbZs,0,0,0,0,
dc27d7819dac471f907e0ace5131580f,119,2378,0,0,0,,0,0,0,,0,0,0,,718,105,82,304,https://www.twitch.tv/videos/2022454830
3fbdaff2a59b4bbfb4780d22428bd66e,119,2012,0,0,0,,0,0,0,,0,0,0,,0,0,0,0,
a9396c8dd95e43b29c694b14afa07ac4,119,880,0,0,0,,0,0,0,,0,0,0,,1454,333,278,370,https://www.twitch.tv/videos/2028263075
fc8cf370daaf4201bd988b19e70d99a5,118,1843,46,32,260,https://www.youtube.com/watch?v=CGhLtPUm1lM,46,17,220,https://www.youtube.com/watch?v=zD-MdtU6mEM,46,43,260,https://www.youtube.com/watch?v=CGhLtPUm1lM,0,0,0,0,
7fd852303a6c4087a1a99fde1fa92bfc,117,5394,9,8,9,https://www.youtube.com/watch?v=9bv7e7gSZ3g,9,8,9,https://www.youtube.com/watch?v=9bv7e7gSZ3g,0,0,0,,0,0,0,0,
0979940d57534fc0948e24369aa495c5,116,1139,0,0,0,,0,0,0,,0,0,0,,2422,138,117,317,https://www.twitch.tv/videos/2020395286
513c300c8af04b8a84d18f665b66481f,116,3299,0,0,0,,0,0,0,,0,0,0,,0,0,0,0,
2479e2782c0b4a7880004832c84a336b,116,1489,0,0,0,,0,0,0,,0,0,0,,224,0,0,0,
67dc6d443cff47a4bc6a31a56e8b72f5,115,8553,15,10,45,https://www.youtube.com/watch?v=0m2Aa9C5m5w,15,10,45,https://www.youtube.com/watch?v=0m2Aa9C5m5w,0,0,0,,0,0,0,0,
a1d3d37caa68474288b903f309db32a1,115,7139,12,2,13,https://www.youtube.com/watch?v=cL5OkdM1BYI,12,2,13,https://www.youtube.com/watch?v=cL5OkdM1BYI,0,0,0,,0,0,0,0,
1ccf3d7852d34137b9cc70343dcc41bf,115,15674,37,22,8700,https://www.youtube.com/watch?v=W5AQ-HwYlqU,34,13,45,https://www.youtube.com/watch?v=JT450mZyoxs,400,155,8700,https://www.youtube.com/watch?v=W5AQ-HwYlqU,49,11,9,13,https://www.twitch.tv/videos/2024364580
507e6557d0f240ef8b9226610f17b729,115,467,0,0,0,,0,0,0,,0,0,0,,46,0,0,0,
4082a4a1c5784e6c8bea9b58de009664,114,3917,4,2,22,https://www.youtube.com/watch?v=2Gp2RJiZ7ak,0,0,0,,4,2,22,https://www.youtube.com/watch?v=2Gp2RJiZ7ak,0,0,0,0,
65f0266aa5484b4e9f244e856e0d88b3,112,33,0,0,0,,0,0,0,,0,0,0,,449,0,0,0,
4e7110080135486ba1d83d3e5cdbf0ca,112,188,16,15,16,https://www.youtube.com/watch?v=y3tIsfkG918,0,0,0,,16,15,16,https://www.youtube.com/watch?v=y3tIsfkG918,133,0,0,0,
af132d32a46342178ed398b3c4243e80,112,1242,11,5,23,https://www.youtube.com/watch?v=tbM1cxTEt0Q,11,5,23,https://www.youtube.com/watch?v=tbM1cxTEt0Q,0,0,0,,0,0,0,0,
07ad147bcc7b4bf381e697e2c5578404,110,3649,0,0,0,,0,0,0,,0,0,0,,0,0,0,0,
8882f2de2e6947e190be5b4f63a4e626,110,0,0,0,0,,0,0,0,,0,0,0,,0,0,0,0,
6db478d80f2843edbe9b6ba6f8ac3e05,110,5389,0,0,0,,0,0,0,,0,0,0,,0,0,0,0,
8b5d6e9353ba46789fa6a2cfd94f69b2,109,2175,7,5,26,https://www.youtube.com/watch?v=Z6wtvb9vP5k,0,0,0,,7,5,26,https://www.youtube.com/watch?v=Z6wtvb9vP5k,91,9,6,15,https://www.twitch.tv/videos/2028245174
061fa27713ec453ebf41c21eb58b7719,109,696,0,0,0,,0,0,0,,0,0,0,,0,0,0,0,
c9e933e250e747f88f8cbf4857ec7f3b,109,0,0,0,0,,0,0,0,,0,0,0,,2369,2012,1928,2012,https://www.twitch.tv/videos/2030253803
86a9d44f3d7c47769122c762db7c37e9,108,1649,0,0,0,,0,0,0,,0,0,0,,1627,0,0,0,
6b21f41580a64cc7ab15d219a612723b,107,0,0,0,0,,0,0,0,,0,0,0,,4024,0,0,0,
77364942d7f24440bbde8efa71c724df,106,6478,0,0,0,,0,0,0,,0,0,0,,377,48,38,130,https://www.twitch.tv/videos/2019627755
58f233e089ca45c8bc1969b471183766,106,18117,29,15,29,https://www.youtube.com/watch?v=cY0ogIEA46k,29,15,29,https://www.youtube.com/watch?v=cY0ogIEA46k,0,0,0,,0,0,0,0,
68671ee09add4d87b8038acebc5b48a4,105,656,0,0,0,,0,0,0,,0,0,0,,499,0,0,0,
af7aeeb720454113b850b898d93b8ab2,105,528,0,0,0,,0,0,0,,0,0,0,,0,0,0,0,
07fec8d9014a41c28216345a5adb1533,105,473,33,1,33,https://www.youtube.com/watch?v=HdG84nl_-ng,0,0,0,,33,1,33,https://www.youtube.com/watch?v=HdG84nl_-ng,508,36,12,62,https://www.twitch.tv/videos/2015080443
be4cf0f0dbca4973992d2cb553c1c2bc,103,520,0,0,0,,0,0,0,,0,0,0,,693,168,109,246,https://www.twitch.tv/videos/2019402108
cde66ce63cec4a7a819968ef01489eb9,103,771,0,0,0,,0,0,0,,0,0,0,,331,78,45,78,https://www.twitch.tv/videos/2019593378
b18dea7632bc49db974a22d6eb6660fb,102,5606,12,11,35,https://www.youtube.com/watch?v=e0gS8Ldp5J0,0,0,0,,12,11,35,https://www.youtube.com/watch?v=e0gS8Ldp5J0,284,67,42,108,https://www.twitch.tv/videos/2018814508
74beedbc5f694a2c94fe73545ba4037d,102,7022,18,6,27,https://www.youtube.com/watch?v=_D5qUYd_fz8,18,6,27,https://www.youtube.com/watch?v=_D5qUYd_fz8,0,0,0,,46,55,45,89,https://www.twitch.tv/videos/2025290469
2ff6c25f8e5943d2ac0a6a006f5784c3,101,440,20,2,66,https://www.youtube.com/watch?v=2lS1i9LNwgg,0,0,0,,20,2,66,https://www.youtube.com/watch?v=2lS1i9LNwgg,348,60,54,84,https://www.twitch.tv/videos/2028289606
e5f12d1681344318a53695ef5bc11fbc,101,2249,0,0,0,,0,0,0,,0,0,0,,179,0,0,0,
c8e7047c84614b1bb8e9f352c7dac95e,100,1224,0,0,0,,0,0,0,,0,0,0,,615,39,35,43,https://www.twitch.tv/videos/2026459968
2d25a18a83af462a8d4062e162017a1a,100,3857,5,0,11,https://www.youtube.com/watch?v=oys_GG2-Xw8,0,0,0,,5,0,11,https://www.youtube.com/watch?v=oys_GG2-Xw8,475,79,65,146,https://www.twitch.tv/videos/2017948895
09945e9139af4f3a96e6adfd73139d35,99,342,8,3,13,https://www.youtube.com/watch?v=CsFC1eXPlJU,0,0,0,,8,3,13,https://www.youtube.com/watch?v=CsFC1eXPlJU,756,191,152,313,https://www.twitch.tv/videos/2023267700
53b98a4bbf49419fb4516525846d4d35,99,233,0,0,0,,0,0,0,,0,0,0,,1911,0,0,0,
04e61f47cdf542c7b5a3b3ae569fc021,98,1860,170,56,278,https://www.youtube.com/watch?v=IWMpqhtmVPo,0,0,0,,170,56,278,https://www.youtube.com/watch?v=IWMpqhtmVPo,280,300,231,570,https://www.twitch.tv/videos/2020481958
43b63a022b664691827cd276aff6e4f4,97,4208,34,18,68,https://www.youtube.com/watch?v=-arOGedS7e4,34,18,68,https://www.youtube.com/watch?v=-arOGedS7e4,0,0,0,,0,0,0,0,
8fecd29b2aea40cabf5b9a58aeace0a9,97,2631,18,5,55,https://www.youtube.com/watch?v=soVo9KYY7NI,18,5,55,https://www.youtube.com/watch?v=soVo9KYY7NI,0,0,0,,17,0,0,0,
4ec87ced65c74722927e8fd3f219a653,97,2032,60,47,80,https://www.youtube.com/watch?v=Y_xOPGN79I0,60,47,80,https://www.youtube.com/watch?v=Y_xOPGN79I0,0,0,0,,0,0,0,0,
76b44153656540e7ab449a9f57cef7ce,96,2160,13,7,13,https://www.youtube.com/watch?v=DbYbC3kG4k0,0,0,0,,13,7,13,https://www.youtube.com/watch?v=DbYbC3kG4k0,52,10,7,10,https://www.twitch.tv/videos/2025145413
c489b78388904133a8b93cd4d0470aad,94,1862,140,16,577,https://www.youtube.com/watch?v=tfao2KMSDk0,193,168,193,https://www.youtube.com/watch?v=fRSRhw-PFqY,125,13,577,https://www.youtube.com/watch?v=tfao2KMSDk0,452,64,41,75,https://www.twitch.tv/videos/2018766141
93162af392cc4e70bb6d404a14190c19,94,1657,0,0,0,,0,0,0,,0,0,0,,0,0,0,0,
8cbdee1cfd644878b7392bd1c996c185,92,2682,0,0,0,,0,0,0,,0,0,0,,125,0,0,0,
a5e5533ac342488a94003dc77869ddf9,92,870,47,33,114,https://www.youtube.com/watch?v=mgm5kpoftKc,47,33,114,https://www.youtube.com/watch?v=mgm5kpoftKc,0,0,0,,0,0,0,0,
8064b5c85fc64d10ae3e9d3a4c0dfd8f,91,706,0,0,0,,0,0,0,,0,0,0,,2695,60,33,94,https://www.twitch.tv/videos/2017913577
431a9bc2ab514e39bb80e323419b4c9a,91,257,0,0,0,,0,0,0,,0,0,0,,0,0,0,0,
76a17ecab93c4c3db069c9a5d8d0ecf5,90,486,0,0,0,,0,0,0,,0,0,0,,1285,257,148,973,https://www.twitch.tv/videos/2018132036
a3bbe09809e141e5b0658a79ba63f977,89,1891,20,6,40,https://www.youtube.com/watch?v=PAYyHs3FFCY,0,0,0,,20,6,40,https://www.youtube.com/watch?v=PAYyHs3FFCY,306,69,38,93,https://www.twitch.tv/videos/2018755423
3dd8c72cab6d494dbd6fbf0a0e3dc41a,89,1572,57,40,245,https://www.youtube.com/watch?v=vugI0XtdPf8,55,40,245,https://www.youtube.com/watch?v=vugI0XtdPf8,60,29,114,https://www.youtube.com/watch?v=_aDDg7mB47M,10,0,0,0,
c441bf25222246ac8f1a67477d047520,89,0,0,0,0,,0,0,0,,0,0,0,,0,0,0,0,
6eac5ce6527b4513bcff4b38d277b5cc,89,880,32,7,133,https://www.youtube.com/watch?v=Q8stnlkO1UA,32,6,63,https://www.youtube.com/watch?v=5zc2PjePC-s,133,7,133,https://www.youtube.com/watch?v=Q8stnlkO1UA,0,0,0,0,
d39880395a4b4f3d980819da82cbd90f,88,1465,0,0,0,,0,0,0,,0,0,0,,548,121,111,223,https://www.twitch.tv/videos/2027323561
16e0b967de004b45b5c10302382ad43e,88,663,73,51,86,https://www.youtube.com/watch?v=cIITU3O54YA,73,51,86,https://www.youtube.com/watch?v=cIITU3O54YA,0,0,0,,112,18,10,25,https://www.twitch.tv/videos/2018793371
98fd913e544f4725afdd28ad05f3e737,87,7111,69,25,132,https://www.youtube.com/watch?v=dH6oUBuSRUg,69,25,132,https://www.youtube.com/watch?v=dH6oUBuSRUg,0,0,0,,0,0,0,0,
976b29c2cb6e4092957f42da56b4c7c6,87,9240,0,0,0,,0,0,0,,0,0,0,,468,27,20,27,https://www.twitch.tv/videos/2024434948
16dba95f038f4b5ca6d3599c80ebe118,86,1369,0,0,0,,0,0,0,,0,0,0,,0,0,0,0,
fec8644970684cffbbae8dd37a52d59c,86,751,36,24,36,https://www.youtube.com/watch?v=WWtBQNYtNrk,0,0,0,,36,24,36,https://www.youtube.com/watch?v=WWtBQNYtNrk,59,0,0,0,
135224fe261040639a802804b52f22db,86,2403,0,0,0,,0,0,0,,0,0,0,,562,133,112,309,https://www.twitch.tv/videos/2023169497
e93b2dd2339a422f8ab3d21c9d95161c,85,580,37,25,67,https://www.youtube.com/watch?v=V3CSIUpMdQI,0,0,0,,37,25,67,https://www.youtube.com/watch?v=V3CSIUpMdQI,332,34,25,52,https://www.twitch.tv/videos/2020176735
6dfc187bc8204fd587208ae18fc0b464,85,1675,0,0,0,,0,0,0,,0,0,0,,0,0,0,0,
cd13255567c04182914111635ed1530f,83,14012,72,16,1635,https://www.youtube.com/watch?v=nQslLdwSRZY,0,0,0,,72,16,1635,https://www.youtube.com/watch?v=nQslLdwSRZY,461,51,29,59,https://www.twitch.tv/videos/2018008729
ad6455da071543ab88cd4855a11cf39b,83,2182,57,35,110,https://www.youtube.com/watch?v=4KnS1slwj7s,57,35,110,https://www.youtube.com/watch?v=4KnS1slwj7s,0,0,0,,0,0,0,0,
5cdecbd7413e4c9e9cb56373a186ccec,83,132,0,0,0,,0,0,0,,0,0,0,,163,0,0,0,
f7f8e8a3a0a3493b959434b87d1ee1b4,82,412,0,0,0,,0,0,0,,0,0,0,,0,0,0,0,
2928a7d5624e4af8b1331eabae6bda17,82,270,0,0,0,,0,0,0,,0,0,0,,558,60,44,117,https://www.twitch.tv/videos/2029303598
249c62cfb8b64d7880c681c55c0e761a,81,1387,0,0,0,,0,0,0,,0,0,0,,0,0,0,0,
1618171723d84cbe8b57cd69fa6f477f,81,969,0,0,0,,0,0,0,,0,0,0,,545,0,0,0,
7a5f358662cc4ba6bfe35586eb344bd3,81,222,0,0,0,,0,0,0,,0,0,0,,705,0,0,0,
fe1bd62313574733ab86c1a56b7143ab,79,798,0,0,0,,0,0,0,,0,0,0,,1654,0,0,0,
f35a552c958c4e798cac3bff3f5fff2b,79,376,0,0,0,,0,0,0,,0,0,0,,455,0,0,0,
606b5d09425246eda64b4c462ecfbcb4,79,694,88,28,88,https://www.youtube.com/watch?v=XuixZ1fqfd0,0,0,0,,88,28,88,https://www.youtube.com/watch?v=XuixZ1fqfd0,0,0,0,0,
28c152a7489b4402960bd4bd36b7229b,79,8790,39,16,235,https://www.youtube.com/watch?v=wyfun70L0Bw,32,14,57,https://www.youtube.com/watch?v=I1Dm0peKLP0,66,30,235,https://www.youtube.com/watch?v=wyfun70L0Bw,49,0,0,0,
fd638ba6820241d1b3367afab0c6ab3e,78,4660,25,8,40,https://www.youtube.com/watch?v=HeVKpiWuvok,25,8,40,https://www.youtube.com/watch?v=HeVKpiWuvok,0,0,0,,0,0,0,0,
288ba70f1a044c72a65ed9cf3b425d13,78,3190,30,22,80,https://www.youtube.com/watch?v=W1eiwSDXXvg,30,22,80,https://www.youtube.com/watch?v=W1eiwSDXXvg,0,0,0,,0,0,0,0,
2608bc34d1f8497da55ab0cf4d0d7f0e,78,328,94,62,117,https://www.youtube.com/watch?v=7o47CUgYQzs,0,0,0,,94,62,117,https://www.youtube.com/watch?v=7o47CUgYQzs,1123,220,150,491,https://www.twitch.tv/videos/2019607532
ce08f5426e7b43cab916a327f491f74d,77,1091,0,0,0,,0,0,0,,0,0,0,,0,0,0,0,
949f184abcc84a82b8e9f333b41a2109,77,3701,11,5,44,https://www.youtube.com/watch?v=EfsjzXSnLtk,0,0,0,,11,5,44,https://www.youtube.com/watch?v=EfsjzXSnLtk,1178,270,231,711,https://www.twitch.tv/videos/2018890014
f5c278ed50af44b6a78e8436020c871f,77,1118,0,0,0,,0,0,0,,0,0,0,,0,0,0,0,
82bc06ac5c6e42cf80ec426c5b31a3c3,77,2554,0,0,0,,0,0,0,,0,0,0,,0,0,0,0,
b9a09f50375248aebc3d6afdb7f5adf6,77,1074,0,0,0,,0,0,0,,0,0,0,,637,104,103,104,https://www.twitch.tv/videos/2031308657
2cf39ef13e434910b3681d75d2ebfab3,76,16860,0,0,0,,0,0,0,,0,0,0,,0,0,0,0,
4d96aeef13f949e19026682e337db138,76,1681,2,1,3,https://www.youtube.com/watch?v=Xz3KMv2uET0,0,0,0,,2,1,3,https://www.youtube.com/watch?v=Xz3KMv2uET0,2341,266,199,305,https://www.twitch.tv/videos/2022332337
bedd14283dd34a639c5f77a95856ecad,76,1231,26,11,28,https://www.youtube.com/watch?v=4UP2w4c4rR8,26,11,28,https://www.youtube.com/watch?v=4UP2w4c4rR8,0,0,0,,0,0,0,0,
988b153a77804b24a6ca99ffd7e298c3,75,2508,0,0,0,,0,0,0,,0,0,0,,0,0,0,0,
1fa9ddce23964bab8edddf7f18dad2f3,75,202,26,14,33,https://www.youtube.com/watch?v=ekWraIM6Xy4,0,0,0,,26,14,33,https://www.youtube.com/watch?v=ekWraIM6Xy4,1126,169,124,435,https://www.twitch.tv/videos/2019755586
8868dd9b4d75481397fd841b8ef6c55d,75,1281,134,24,134,https://www.youtube.com/watch?v=1LrVWa7eHBk,0,0,0,,134,24,134,https://www.youtube.com/watch?v=1LrVWa7eHBk,8,0,0,0,
f6c33980cbb9463d88229e058bd54b3f,75,654,0,0,0,,0,0,0,,0,0,0,,0,0,0,0,
c6af4f23c6ce4adab5301d79b0bd343a,72,967,0,0,0,,0,0,0,,0,0,0,,2034,392,296,611,https://www.twitch.tv/videos/2027212400
423ee3a5dbd549f19893a1823856b8dc,72,121,0,0,0,,0,0,0,,0,0,0,,315,27,23,42,https://www.twitch.tv/videos/2026399436
e9569c3f60c541ab83899c09079feaa2,72,1037,0,0,0,,0,0,0,,0,0,0,,788,0,0,0,
12ece01ae7004e9195e79309f0cdae40,71,470,0,0,0,,0,0,0,,0,0,0,,2300,67,52,67,https://www.twitch.tv/videos/2025439773
fd1f154909d743129d5d6f58813bf231,71,3329,0,0,0,,0,0,0,,0,0,0,,0,0,0,0,
a127ff7335ae467d961641bcf84f1e2f,71,5625,0,0,0,,0,0,0,,0,0,0,,1592,604,418,823,https://www.twitch.tv/videos/2023355351
025ce8dccaa4466c80061aa308c378c3,71,2187,25,6,34,https://www.youtube.com/watch?v=whqBawbhsTo,25,6,34,https://www.youtube.com/watch?v=whqBawbhsTo,0,0,0,,40,0,0,0,
09b00ccde152498b808efe7317bd52f0,71,1039,0,0,0,,0,0,0,,0,0,0,,1972,307,221,1632,https://www.twitch.tv/videos/2028327691
2c6b5ad20b4e4bdc85310b791d02b364,70,414,0,0,0,,0,0,0,,0,0,0,,715,142,88,458,https://www.twitch.tv/videos/2025352920
cbb9eb3e239f4a28a05b8e82884f4e5b,70,1092,30,9,68,https://www.youtube.com/watch?v=uBe706DTgUM,30,9,68,https://www.youtube.com/watch?v=uBe706DTgUM,0,0,0,,0,0,0,0,
4392368e4dea40ccb6b6bca109e75d62,69,2480,0,0,0,,0,0,0,,0,0,0,,376,0,0,0,
bb21226dc1db41e294f545133948115b,68,1215,10,8,16,https://www.youtube.com/watch?v=haPVEScdCDA,10,8,16,https://www.youtube.com/watch?v=haPVEScdCDA,0,0,0,,0,0,0,0,
82ceab659cbe441fb2f6555fdcacad6c,68,1052,0,0,0,,0,0,0,,0,0,0,,0,0,0,0,
64b7b65875bb4ed09bb706ef8741259e,68,519,0,0,0,,0,0,0,,0,0,0,,0,0,0,0,
577251897dc7463393b68c5b6f96559b,66,704,0,0,0,,0,0,0,,0,0,0,,228,39,26,46,https://www.twitch.tv/videos/2021480481
cd1224f4756340c594f3c36245e9b4d4,66,318,0,0,0,,0,0,0,,0,0,0,,446,119,84,228,https://www.twitch.tv/videos/2019566830
45850b41e06641ef9dc11aa3d94c9738,66,2838,0,0,0,,0,0,0,,0,0,0,,0,0,0,0,
7a8c9d29e4f44a1489379cbc04f81fce,65,736,0,0,0,,0,0,0,,0,0,0,,93,0,0,0,
c29627e1a48a4ea8b21c858aba1836d0,64,1076,115,66,154,https://www.youtube.com/watch?v=cBAXby5uQ54,0,0,0,,115,66,154,https://www.youtube.com/watch?v=cBAXby5uQ54,0,0,0,0,
8326ce0c22374e78932a2c9ac621d0f8,64,2155,0,0,0,,0,0,0,,0,0,0,,0,0,0,0,
7badd33c853240e280db61899f381ff2,63,258,0,0,0,,0,0,0,,0,0,0,,0,0,0,0,
0a1bdead9a3946cabce4e439a1c8970e,63,0,0,0,0,,0,0,0,,0,0,0,,18,0,0,0,
a1a4762aa1eb4d95be1c0c7a528a8336,62,3257,0,0,0,,0,0,0,,0,0,0,,826,156,117,306,https://www.twitch.tv/videos/2017881884
1daf23905a3d4aa9a59273e563e33382,62,642,0,0,0,,0,0,0,,0,0,0,,1360,204,195,204,https://www.twitch.tv/videos/2030294431
6c8f616ab73c449d8eb8e3888c2c8bfe,61,49,0,0,0,,0,0,0,,0,0,0,,775,129,50,206,https://www.twitch.tv/videos/2008304741
5fe4d02afe22460b97267f12c11bdb94,61,908,0,0,0,,0,0,0,,0,0,0,,1,0,0,0,
226eb1e34c924ae2914d960039905d08,60,3685,27,19,2548,https://www.youtube.com/watch?v=JBLPp05cQUo,26,15,99,https://www.youtube.com/watch?v=UrLXD1F3ETE,81,72,2548,https://www.youtube.com/watch?v=JBLPp05cQUo,0,0,0,0,
e83fb599bfc7426cb3a4d54b107ab568,59,245,25,9,38,https://www.youtube.com/watch?v=yGp4KA1lCww,0,0,0,,25,9,38,https://www.youtube.com/watch?v=yGp4KA1lCww,0,0,0,0,
061fb9c63b7e45bb85ea7e6bd4fe3745,58,2061,0,0,0,,0,0,0,,0,0,0,,172,8,5,32,https://www.twitch.tv/videos/2025310056
742791b5c8404969abd68d95e9f79f93,58,124,124,9,124,https://www.youtube.com/watch?v=5kl22iSKHn8,124,9,124,https://www.youtube.com/watch?v=5kl22iSKHn8,0,0,0,,65,63,39,75,https://www.twitch.tv/videos/2017896698
9272afe9ef72434082d9b5621857afd0,58,1941,0,0,0,,0,0,0,,0,0,0,,29,0,0,0,
7de64f4deb0946baa8d6b0da69699194,57,548,16,13,17,https://www.youtube.com/watch?v=_jwAkwwiXs8,0,0,0,,16,13,17,https://www.youtube.com/watch?v=_jwAkwwiXs8,59,48,37,48,https://www.twitch.tv/videos/2025463780
a324be13dcdb4acbbe722638fc2dbfa4,57,3186,31,12,149,https://www.youtube.com/watch?v=CW_J67ejhPw,31,13,149,https://www.youtube.com/watch?v=CW_J67ejhPw,24,9,125,https://www.youtube.com/watch?v=JCsCtzn-9l0,15,0,0,0,
a9ada11d61114319885597db6a0725fb,56,234,0,0,0,,0,0,0,,0,0,0,,622,270,231,783,https://www.twitch.tv/videos/2026247699
5111bbfaa63a43eca5d6940bc07e2f1d,56,1323,0,0,0,,0,0,0,,0,0,0,,0,0,0,0,
e0535f2d38f04d26aca33772bccb33b8,55,2206,25,7,36,https://www.youtube.com/watch?v=E7L_p9RwgCM,0,0,0,,25,7,36,https://www.youtube.com/watch?v=E7L_p9RwgCM,226,134,92,147,https://www.twitch.tv/videos/2026402154
bcc486093c6041fe83ff0eacf6a7be4f,54,1774,19,1,22,https://www.youtube.com/watch?v=ALc8xEUCQYM,19,1,22,https://www.youtube.com/watch?v=ALc8xEUCQYM,0,0,0,,0,0,0,0,
964a0dde279c45ea85ffc6ad5d266206,54,990,762,69,762,https://www.youtube.com/watch?v=AOU-hwjVVTM,0,0,0,,762,69,762,https://www.youtube.com/watch?v=AOU-hwjVVTM,42,0,0,0,
2c2db11a23aa43298ab96e60a20692d7,53,93,0,0,0,,0,0,0,,0,0,0,,1446,525,421,1287,https://www.twitch.tv/videos/2029336827
73289529c73440e19129c28714996ead,52,735,0,0,0,,0,0,0,,0,0,0,,0,0,0,0,
bd8b9130e88a44c98f1bdcbed402ae01,52,621,0,0,0,,0,0,0,,0,0,0,,0,0,0,0,
74acc3b3c4db41d2a13cce887ad2a856,52,2902,0,0,0,,0,0,0,,0,0,0,,1583,0,0,0,
f9d27b07ff84433b8397b0587f339e27,52,4487,15,6,55,https://www.youtube.com/watch?v=mVCAr7mj3FU,0,0,0,,15,6,55,https://www.youtube.com/watch?v=mVCAr7mj3FU,153,21,7,39,https://www.twitch.tv/videos/2025481699
e9892d83b9f64d9fadc72c225caa55c4,51,1977,0,0,0,,0,0,0,,0,0,0,,0,0,0,0,
15625a3e3ee14c64ae7a76fc4b6eb8cc,50,333,0,0,0,,0,0,0,,0,0,0,,0,0,0,0,
822b9b7a9eca49df9bfd617a19b274b0,50,444,0,0,0,,0,0,0,,0,0,0,,0,0,0,0,
50c9dbd2624f41408f2b6a9ccf61e447,49,0,0,0,0,,0,0,0,,0,0,0,,132,122,102,179,https://www.twitch.tv/videos/2025447285
4af53c3526f7435a8aac99f42dccb392,49,154,0,0,0,,0,0,0,,0,0,0,,85,0,0,0,
5b0963427f8e4f04a35cb0e71d95698d,48,0,0,0,0,,0,0,0,,0,0,0,,0,0,0,0,
98619914a2eb4b07bd6bc0a02066e455,48,1394,11,4,23,https://www.youtube.com/watch?v=XceoHlAasZU,0,0,0,,11,4,23,https://www.youtube.com/watch?v=XceoHlAasZU,265,135,108,199,https://www.twitch.tv/videos/2020961063
748fbe1808eb4156bccfc72a447725a2,48,96,0,0,0,,0,0,0,,0,0,0,,401,110,72,111,https://www.twitch.tv/videos/2021491189
e8da498df6844f83b6550334f54c2f14,47,1396,0,0,0,,0,0,0,,0,0,0,,0,0,0,0,
ba27c499a50f4cac87e6e5b94da18292,47,781,0,0,0,,0,0,0,,0,0,0,,250,93,65,125,https://www.twitch.tv/videos/2018851998
255a5e79f9d14e6492d741b95f78cb7c,47,723,0,0,0,,0,0,0,,0,0,0,,2338,0,0,0,
c0b0ee4a080a4752bcbe186688cbafc2,46,613,0,0,0,,0,0,0,,0,0,0,,340,67,63,67,https://www.twitch.tv/videos/2030066164
bc69cb667d6548dfb067b40d68c3056d,45,0,0,0,0,,0,0,0,,0,0,0,,2983,85,59,97,https://www.twitch.tv/videos/2031216524
0e6b5ea24de64f3bbe6767999faef4c8,45,87,0,0,0,,0,0,0,,0,0,0,,0,0,0,0,
fdfbb61702604db683986fa8ba14f9dc,44,90,45,10,79,https://www.youtube.com/watch?v=v_QIKUhGvS8,0,0,0,,45,10,79,https://www.youtube.com/watch?v=v_QIKUhGvS8,108,61,36,61,https://www.twitch.tv/videos/2019697814
25a4b44b043947d1b1e1708c60569700,44,18,0,0,0,,0,0,0,,0,0,0,,0,0,0,0,
7180ef027197417da8c0143be2d45fa2,44,1396,14,3,36,https://www.youtube.com/watch?v=y0PCT2IBWd8,0,0,0,,14,3,36,https://www.youtube.com/watch?v=y0PCT2IBWd8,271,64,44,134,https://www.twitch.tv/videos/2019108245
b3e0bc9dd06f4774b492e6d50dd92be2,44,46,0,0,0,,0,0,0,,0,0,0,,118,0,0,0,
d26893447610406da66ee14abfbd5868,43,106,109,86,109,https://www.youtube.com/watch?v=sJ1fAm4ECsA,0,0,0,,109,86,109,https://www.youtube.com/watch?v=sJ1fAm4ECsA,0,0,0,0,
965ff8a77ab845aaac693d9c7a56f82d,43,2489,3,2,29,https://www.youtube.com/watch?v=_htjovTx5zA,0,0,0,,3,2,29,https://www.youtube.com/watch?v=_htjovTx5zA,336,126,95,317,https://www.twitch.tv/videos/2019549952
28e6f7c12a3b45899e7508058f926af9,43,2980,46,0,46,https://www.youtube.com/watch?v=s_bWisjfCYA,0,0,0,,46,0,46,https://www.youtube.com/watch?v=s_bWisjfCYA,585,78,35,292,https://www.twitch.tv/videos/2005438209
6bf231719d5e485fa0cdee99905858d4,42,320,0,0,0,,0,0,0,,0,0,0,,204,14,11,27,https://www.twitch.tv/videos/2017761243
2d3deb7610dd4329ba77597dfdd13043,42,888,60,5,63,https://www.youtube.com/watch?v=he3wuJ6uTOE,0,0,0,,60,5,63,https://www.youtube.com/watch?v=he3wuJ6uTOE,1423,140,107,198,https://www.twitch.tv/videos/2021441200
dc9cd2bc942d427d8cc73370d1194f9e,41,732,42,25,118,https://www.youtube.com/watch?v=Za4G7KNNqY0,42,25,118,https://www.youtube.com/watch?v=Za4G7KNNqY0,0,0,0,,0,0,0,0,
d5db964012f14dd8a19d9fa7596c1ffd,41,531,38,13,48,https://www.youtube.com/watch?v=fFV5Wwv8Ynk,38,13,48,https://www.youtube.com/watch?v=fFV5Wwv8Ynk,0,0,0,,0,0,0,0,
76355385e14341a5b8360ea9d19d831e,40,187,0,0,0,,0,0,0,,0,0,0,,0,0,0,0,
eadf377f5cbd41ac9842c3f5559268f6,40,493,0,0,0,,0,0,0,,0,0,0,,177,21,12,29,https://www.twitch.tv/videos/2021478173
107fac8e77f74af8ba95491ae9492642,40,45,0,0,0,,0,0,0,,0,0,0,,234,67,46,159,https://www.twitch.tv/videos/2021387786
b6309af8c78c41d288f472a45ebd8f33,40,665,74,38,181,https://www.youtube.com/watch?v=88ez6QuHQ7U,54,34,76,https://www.youtube.com/watch?v=Kam122FfZkw,86,46,181,https://www.youtube.com/watch?v=88ez6QuHQ7U,6,0,0,0,
2a25c205cc374cbeb8c8ccfe988ec9cc,38,761,0,0,0,,0,0,0,,0,0,0,,1101,181,96,210,https://www.twitch.tv/videos/2017758170
f158cd39f9384021918af95fe7a4998e,38,71,0,0,0,,0,0,0,,0,0,0,,123,0,0,0,
e04b970f339243258cb0dc0c5735274a,38,993,0,0,0,,0,0,0,,0,0,0,,0,0,0,0,
9ff652451cbd4ad098bf20dd9748ce12,38,865,14,10,14,https://www.youtube.com/watch?v=_gRijvQCXwg,0,0,0,,14,10,14,https://www.youtube.com/watch?v=_gRijvQCXwg,2164,59,36,97,https://www.twitch.tv/videos/2024693351
e3b9c06f64d84a0dabb3e97c0caacaca,38,1667,32,9,133,https://www.youtube.com/watch?v=BSe1R3HnpPE,0,0,0,,32,9,133,https://www.youtube.com/watch?v=BSe1R3HnpPE,0,0,0,0,
c6e0676b98ba4c69aa167ab8dc5f0870,38,1951,1,0,2,https://www.youtube.com/watch?v=F_Whc4sqpc0,0,0,0,,1,0,2,https://www.youtube.com/watch?v=F_Whc4sqpc0,57,11,8,13,https://www.twitch.tv/videos/2025404961
1f28ef7a3c88413d846f01c6d9c36e2d,37,342,2,0,2,https://www.youtube.com/watch?v=qicafwYw4sQ,2,0,2,https://www.youtube.com/watch?v=qicafwYw4sQ,0,0,0,,0,0,0,0,
bb724895ca584788a6d550f5e5833add,37,24156,0,0,0,,0,0,0,,0,0,0,,0,0,0,0,
90e99deb6e044db38dac17f268bc4ed3,37,197,0,0,0,,0,0,0,,0,0,0,,0,0,0,0,
188108fa6e2e41afb060e4038e49d4ab,37,1320,4,1,92,https://www.youtube.com/watch?v=XWdJ_EGrTro,4,1,92,https://www.youtube.com/watch?v=XWdJ_EGrTro,0,0,0,,680,65,44,65,https://www.twitch.tv/videos/2022480985
22f16847ee064b1bafd9bbe15bd31284,36,533,0,0,0,,0,0,0,,0,0,0,,490,42,26,58,https://www.twitch.tv/videos/2017873734
4efffd7632e94c9faad30a543c3e1150,36,1274,17,11,29,https://www.youtube.com/watch?v=iaK8zMeUpW4,0,0,0,,17,11,29,https://www.youtube.com/watch?v=iaK8zMeUpW4,86,13,10,22,https://www.twitch.tv/videos/2024279878
d9f302ca07b54664a88124d64442abac,35,5922,34,6,34,https://www.youtube.com/watch?v=RtkstV9vrqg,0,0,0,,34,6,34,https://www.youtube.com/watch?v=RtkstV9vrqg,115,0,0,0,
0b53549edaf5490ca350ef17aee7b8b9,35,181,0,0,0,,0,0,0,,0,0,0,,456,0,0,0,
0a0df52f847d482e90955a9cb5d1c84c,33,0,0,0,0,,0,0,0,,0,0,0,,82,0,0,0,
cf04151a6d704a4fa008a4df2962ac68,32,8045,0,0,0,,0,0,0,,0,0,0,,0,0,0,0,
a3452262e11348c88afea4031b0323a8,32,2240,20,7,213,https://www.youtube.com/watch?v=sKP0NAXZxO8,0,0,0,,20,7,213,https://www.youtube.com/watch?v=sKP0NAXZxO8,32,0,0,0,
904e3c91b4e1427f9b2d69f69aa3b13c,32,1910,0,0,0,,0,0,0,,0,0,0,,0,0,0,0,
256252fdd3d1437995088c56e674fcf0,32,51,1,0,1,https://www.youtube.com/watch?v=x8f49bn_TdY,0,0,0,,1,0,1,https://www.youtube.com/watch?v=x8f49bn_TdY,575,84,66,240,https://www.twitch.tv/videos/2025281462
df02d1a89bc74c928c825773996bbb7b,31,1501,0,0,0,,0,0,0,,0,0,0,,678,0,0,0,
c269bafe425f470e957731c454b8925c,31,1210,0,0,0,,0,0,0,,0,0,0,,361,0,0,0,
8c0482285da84b4b97556ccc0d2c8dd9,31,0,0,0,0,,0,0,0,,0,0,0,,84,0,0,0,
8723ccecdfd84d92b1de24f9d6a86bcc,29,415,0,0,0,,0,0,0,,0,0,0,,1405,286,237,1280,https://www.twitch.tv/videos/2025607176
faa39b1bc1f647af9f6f33d6174c30d0,29,651,164,23,164,https://www.youtube.com/watch?v=Gz-Gzg3TCOw,0,0,0,,164,23,164,https://www.youtube.com/watch?v=Gz-Gzg3TCOw,0,0,0,0,
30180ea70e514772a5d14174b23037d5,29,840,0,0,0,,0,0,0,,0,0,0,,59,0,0,0,
423ecad01c524c4595027051fcaa9ba7,29,0,0,0,0,,0,0,0,,0,0,0,,213,131,93,240,https://www.twitch.tv/videos/2028296385
27ac8b1e87af421dad890df4884e9f4b,29,461,0,0,0,,0,0,0,,0,0,0,,0,0,0,0,
6bcb75418dd24274b2fe4b8e60a94999,28,1533,0,0,0,,0,0,0,,0,0,0,,387,69,56,69,https://www.twitch.tv/videos/2026444902
9be839573d1a4944a93740ca42fa65d4,27,108,0,0,0,https://www.youtube.com/watch?v=SL7USj9I_as,0,0,0,,0,0,0,https://www.youtube.com/watch?v=SL7USj9I_as,293,56,50,95,https://www.twitch.tv/videos/2023372841
0eba942738504c8182c861668195c39e,27,104,2,0,31,https://www.youtube.com/watch?v=rA1vep6hozM,0,0,0,,2,0,31,https://www.youtube.com/watch?v=rA1vep6hozM,431,115,62,115,https://www.twitch.tv/videos/2018692872
7ca56a8380d245b3b7e5398d12178478,27,255,0,0,0,,0,0,0,,0,0,0,,126,24,15,69,https://www.twitch.tv/videos/2020501078
02056e6aaa51485ea4f90eb41a7612cf,27,771,0,0,0,,0,0,0,,0,0,0,,0,0,0,0,
65abc9bdfc964ec39f4ee1464a2011a5,26,102,0,0,0,,0,0,0,,0,0,0,,282,134,110,142,https://www.twitch.tv/videos/2027348064
7360e8cae69b4d4fbe91510c776b1c5e,26,640,6,1,19,https://www.youtube.com/watch?v=VRNJauiXeAM,0,0,0,,6,1,19,https://www.youtube.com/watch?v=VRNJauiXeAM,110,41,24,71,https://www.twitch.tv/videos/2031062477
9f68c1ebda2041c9a221d47733e3cab9,26,939,0,0,0,,0,0,0,,0,0,0,,0,0,0,0,
28e15053de0b42b19476c21349bbcfc4,25,0,0,0,0,,0,0,0,,0,0,0,,9,0,0,0,
2dce35ef53c345f4bbc667ed6246694a,24,488,41,12,106,https://www.youtube.com/watch?v=-dIWoXDXY5s,0,0,0,,41,12,106,https://www.youtube.com/watch?v=-dIWoXDXY5s,0,0,0,0,
40fca873cd074b01baa8f9b006f50d00,24,3866,56,18,79,https://www.youtube.com/watch?v=yMVRULYqcVE,0,0,0,,56,18,79,https://www.youtube.com/watch?v=yMVRULYqcVE,0,0,0,0,
d7cf0379e5df43269f50cfebedcffab9,19,46,53,32,53,https://www.youtube.com/watch?v=0vJ9sYCIDeM,0,0,0,,53,32,53,https://www.youtube.com/watch?v=0vJ9sYCIDeM,19,0,0,0,
cf51f722dc714a0cbb022f89fa311014,19,586,0,0,0,,0,0,0,,0,0,0,,0,0,0,0,
3040b4d9d4374815a4e0af0c887a42fc,16,98,0,0,0,,0,0,0,,0,0,0,,351,116,87,193,https://www.twitch.tv/videos/2028255983
a6815e229f914db2a936ad70c285cea2,15,476,40,19,40,https://www.youtube.com/watch?v=ppNvK1Psp90,0,0,0,,40,19,40,https://www.youtube.com/watch?v=ppNvK1Psp90,455,0,0,0,
d007ab56aa654d77b10cffc2f993db25,13,41,0,0,0,,0,0,0,,0,0,0,,0,0,0,0,
b00e6f77d15a43c7a2007b9ede7962e0,11,0,0,0,0,,0,0,0,,0,0,0,,0,0,0,0,
6f99d9c96d224c50939959d18cfb5cd8,11,11,2,1,2,https://www.youtube.com/watch?v=SFClHBRtB7o,0,0,0,,2,1,2,https://www.youtube.com/watch?v=SFClHBRtB7o,107,28,16,44,https://www.twitch.tv/videos/2017797625
4b6b92e9aea74d7481d50636f088e9be,11,1026,0,0,0,,0,0,0,,0,0,0,,0,0,0,0,
f37e33d9c88a4ceda8f99f41a02b02be,11,163,0,0,0,,0,0,0,,0,0,0,,0,0,0,0,
d31487befff947a49249b790f2c0d289,9,0,0,0,0,,0,0,0,,0,0,0,,759,0,0,0,
4e5a8a6380764f9b9f28732968e4aac8,8,0,0,0,0,,0,0,0,,0,0,0,,154,40,31,115,https://www.twitch.tv/videos/2025191965
5a59b23a201f4b2d8729b0f4b33c9e6b,6,36,1,1,15,https://www.youtube.com/watch?v=xHy2Vj5ufKo,0,0,0,,1,1,15,https://www.youtube.com/watch?v=xHy2Vj5ufKo,29,14,13,32,https://www.twitch.tv/videos/2025272270
9cd8c8962dd94213804603687f9b0f5d,6,0,0,0,0,,0,0,0,,0,0,0,,0,0,0,0,
d10e889e2e1443eb8f35b4426fd27a34,5,55,31,1,31,https://www.youtube.com/watch?v=iIA9Tc0IhiQ,0,0,0,,31,1,31,https://www.youtube.com/watch?v=iIA9Tc0IhiQ,24,0,0,0,
986e3f84da6c4e72af71cb69bbfdc339,4,0,0,0,0,,0,0,0,,0,0,0,,74,0,0,0,
19fdf3885dcf4d45bdf768a6f3fd99b4,3,0,0,0,0,,0,0,0,,0,0,0,,605,0,0,0,
1306cff16376404eae39a5d879132395,0,0,0,0,0,,0,0,0,,0,0,0,,89,0,0,0,
9c85aee2166449c395c18b0bc06f89e2,0,0,0,0,0,,0,0,0,,0,0,0,,314,0,0,0,
7425576151124e11a94609fd1b8687bc,0,0,0,0,0,,0,0,0,,0,0,0,,645,89,58,133,https://www.twitch.tv/videos/2018832300
4b1df07f3a3443f8a7edd00323f2814f,0,0,0,0,0,,0,0,0,,0,0,0,,210,0,0,0,
b8495fc4bb174140acf0ebd7d64fe044,0,0,0,0,0,,0,0,0,,0,0,0,,2658,0,0,0,
3cfc2b54a543469b92a95ff1e3f1da54,0,0,0,0,0,,0,0,0,,0,0,0,,1676,239,172,519,https://www.twitch.tv/videos/2020819466
3de6bc82438b451abf5ebe76a366be24,0,0,0,0,0,,0,0,0,,0,0,0,,2490,1030,371,3117,https://www.twitch.tv/videos/2014630485
afa3e309e41044c5bffe17466607d481,0,0,0,0,0,,0,0,0,,0,0,0,,5599,4975,4554,8492,https://www.twitch.tv/videos/2023408178
7180d8a493134a9c932fe790eb17f2e9,0,0,0,0,0,,0,0,0,,0,0,0,,6794,395,268,1000,https://www.twitch.tv/videos/2031030554
030de4222329412d9beafbe24a584d0b,0,0,0,0,0,,0,0,0,,0,0,0,,11,0,0,0,
daa0d327175a43dc9bb627bc6db7de56,0,0,0,0,0,,0,0,0,,0,0,0,,1250,66,49,139,https://www.twitch.tv/videos/2018845995
4e4cbcbc0acf410ea5a50e4a6bbafd01,0,0,0,0,0,,0,0,0,,0,0,0,,129,85,62,163,https://www.twitch.tv/videos/2031170406
f9641107ffee492cbec14839b1958144,0,0,0,0,0,,0,0,0,,0,0,0,,2489,0,0,0,
f0bc26cfe4a8451d863a8d8cbd6313ed,0,0,0,0,0,,0,0,0,,0,0,0,,9,0,0,0,
170e76a9d21c42978143f41526df72cc,0,0,0,0,0,,0,0,0,,0,0,0,,952,175,141,223,https://www.twitch.tv/videos/2029241383
326e21d5b6e7446698969bbd8be1b564,0,0,0,0,0,,0,0,0,,0,0,0,,2031,208,114,254,https://www.twitch.tv/videos/2028253304
711514ca9ac74041a4461b2259622a68,0,0,0,0,0,,0,0,0,,0,0,0,,226,337,324,428,https://www.twitch.tv/videos/2030127903
d79b58ef1a2844be892c7295e25ccb81,0,0,0,0,0,,0,0,0,,0,0,0,,189,0,0,0,
ec045a49833c4c2fa7b7012ca7544e18,0,0,0,0,0,,0,0,0,,0,0,0,,1506,96,62,96,https://www.twitch.tv/videos/2021451033
2af6cb0e15ce4839ba711b47608d4f4d,0,0,0,0,0,,0,0,0,,0,0,0,,3888,292,192,349,https://www.twitch.tv/videos/2023438228
d91ffcc2823f4121a2caa347a8c2a507,0,0,0,0,0,,0,0,0,,0,0,0,,743,95,60,103,https://www.twitch.tv/videos/2018708765
c88fdec84b7f4f2bb1c2e4983579050a,0,0,0,0,0,,0,0,0,,0,0,0,,93,30,16,36,https://www.twitch.tv/videos/2018628118
4fadb90960a844daab26191bb158d3a3,0,0,0,0,0,,0,0,0,,0,0,0,,3070,464,346,689,https://www.twitch.tv/videos/2029233349
38391974f5af4fbbb6224e3d6f2f7fb3,0,0,0,0,0,,0,0,0,,0,0,0,,5935,562,451,820,https://www.twitch.tv/videos/2018774031
480aca28939a4eb5bf558a710e21709c,0,0,0,0,0,,0,0,0,,0,0,0,,1705,156,113,2698,https://www.twitch.tv/videos/2019452793
dd9bf471b0304627877f38daaec5407b,0,0,0,0,0,,0,0,0,,0,0,0,,375,0,0,0,
cfc7bcf869514c70a5091672d3acb031,0,0,0,0,0,,0,0,0,,0,0,0,,184,35,31,243,https://www.twitch.tv/videos/2017586396
f5034a946bf249c780a864c19efda669,0,0,0,0,0,,0,0,0,,0,0,0,,294,21,14,54,https://www.twitch.tv/videos/2031112020
921d25072caf403ea797c3d5f61f84cf,0,0,0,0,0,,0,0,0,,0,0,0,,1186,188,135,274,https://www.twitch.tv/videos/2026379126
b1b462c602904499a13c056be34c6dd5,0,0,0,0,0,,0,0,0,,0,0,0,,3804,0,0,0,
4dd7cfc58ae54c1fa6211ba9b1c607ec,0,0,0,0,0,,0,0,0,,0,0,0,,1519,240,149,240,https://www.twitch.tv/videos/2020576839
88526add0348499c95bd5838a5f35989,0,0,0,0,0,,0,0,0,,0,0,0,,944,101,67,152,https://www.twitch.tv/videos/2025492019
b6519fbc0d6941d4b43ce1742a14b0b2,0,0,0,0,0,,0,0,0,,0,0,0,,719,119,100,222,https://www.twitch.tv/videos/2025289270
547aa467c2ce497e9d95c4a085effe0d,0,0,0,0,0,,0,0,0,,0,0,0,,1445,0,0,0,
60cc7f18c0fe438280af5a81b31eb923,0,0,0,0,0,,0,0,0,,0,0,0,,1693,120,88,194,https://www.twitch.tv/videos/2025226624
228427b15b964f1396b5a7b5eb224a21,0,0,0,0,0,,0,0,0,,0,0,0,,55,0,0,0,
f84598913e654789a80556fd38388dfb,0,0,0,0,0,,0,0,0,,0,0,0,,1558,126,104,147,https://www.twitch.tv/videos/2026406882
a8782a18c0644ce0b5c1a5dab4ee622e,0,0,0,0,0,,0,0,0,,0,0,0,,4533,1133,750,1213,https://www.twitch.tv/videos/2025416123
22c4cd83790e401ca8055a64554cf3a7,0,0,0,0,0,,0,0,0,,0,0,0,,164,0,0,0,
31f4c00be9eb41a1a6be0356614048fd,0,0,0,0,0,,0,0,0,,0,0,0,,2673,196,85,777,https://www.twitch.tv/videos/2006436343
31a4ca5b5d554c13902eff32302e5eb9,0,0,0,0,0,,0,0,0,,0,0,0,,457,186,112,366,https://www.twitch.tv/videos/2024062787
ba562aad440d483e988d3ce7e7217c94,0,0,0,0,0,,0,0,0,,0,0,0,,28316,4314,1921,9333,https://www.twitch.tv/videos/2007290790
288d3972d3164ee595228b8a5959ac00,0,0,0,0,0,,0,0,0,,0,0,0,,2749,220,159,288,https://www.twitch.tv/videos/2018799685
eeefa43ecaf74f7b822dde3f0e7683d4,0,0,0,0,0,,0,0,0,,0,0,0,,1125,151,102,274,https://www.twitch.tv/videos/2017483093
3a2199639669433faff0591468bcfa10,0,0,0,0,0,,0,0,0,,0,0,0,,1121,60,40,155,https://www.twitch.tv/videos/2018838023
1a95bb88e451498ca3491b69af964588,0,0,0,0,0,,0,0,0,,0,0,0,,32061,3603,1799,10310,https://www.twitch.tv/videos/2006894009
47cd428eee8640cb80afaa4ef9bb55e0,0,0,0,0,0,,0,0,0,,0,0,0,,1100,145,143,181,https://www.twitch.tv/videos/2030151200
32ae564b306c42cab2e1a4a8a9d6adfe,0,0,0,0,0,,0,0,0,,0,0,0,,801,266,210,830,https://www.twitch.tv/videos/2024279517
644e669aa31443fe9a61a14e75ebd21e,0,0,0,0,0,,0,0,0,,0,0,0,,5974,753,575,1314,https://www.twitch.tv/videos/2018508578
c7f53f2fbdbe4db488629ab4d738a16a,0,0,0,0,0,,0,0,0,,0,0,0,,276,131,106,347,https://www.twitch.tv/videos/2018574148
22eea06367f4430d816e38dfb68a26cf,0,0,0,0,0,,0,0,0,,0,0,0,,600,0,0,0,
0bf9cacb06354af1a90efc4198546994,0,0,0,0,0,,0,0,0,,0,0,0,,131,0,0,0,
ec1dec0e956c41ea97dfcebe96bc41b4,0,0,0,0,0,,0,0,0,,0,0,0,,11171,1553,924,2034,https://www.twitch.tv/videos/2026322328
76489786a22c4162970f9c288157db6b,0,0,0,0,0,,0,0,0,,0,0,0,,1387,276,213,323,https://www.twitch.tv/videos/2027929586
6c7336d4605540c6871de5f96874129c,0,0,0,0,0,,0,0,0,,0,0,0,,14593,2181,818,5181,https://www.twitch.tv/videos/2011304216
e58a5a6f40e040d79bbcd139824d6fc7,0,0,0,0,0,,0,0,0,,0,0,0,,2810,515,301,727,https://www.twitch.tv/videos/2024281319
d93ec185504e45e2894865980da489a9,0,0,0,0,0,,0,0,0,,0,0,0,,1014,632,497,810,https://www.twitch.tv/videos/2027447204
057faa70622247bd933959412bbeb667,0,0,0,0,0,,0,0,0,,0,0,0,,1088,0,0,0,
e4421bd8d15848c09fa4ad4df162c858,0,0,0,0,0,,0,0,0,,0,0,0,,313,53,36,206,https://www.twitch.tv/videos/2018897394
fa59e2edc64c432ebaeeb66b2a53ab2d,0,0,0,0,0,,0,0,0,,0,0,0,,1266,138,98,290,https://www.twitch.tv/videos/2027325745
ed051ffc6cd643c287a678fea774e644,0,0,0,0,0,,0,0,0,,0,0,0,,2838,129,115,152,https://www.twitch.tv/videos/2027429147
224e3ebb4c0540098ce414cc6e79df9d,0,0,0,0,0,,0,0,0,,0,0,0,,47,0,0,0,
36beb36f581f44d393dcf0af2b194789,0,0,0,0,0,,0,0,0,,0,0,0,,5754,862,373,1837,https://www.twitch.tv/videos/2030130083
6a6547a3f19d4870a6f11b88c60a5296,0,0,0,0,0,,0,0,0,,0,0,0,,3285,260,136,603,https://www.twitch.tv/videos/2014046630
70767b08ebd9437b980405c3aba89434,0,0,0,0,0,,0,0,0,,0,0,0,,4460,259,204,468,https://www.twitch.tv/videos/2019370589
007847e77d894f199e1272cf81e02730,0,0,0,0,0,,0,0,0,,0,0,0,,695,0,0,0,
05552126457e4ebf9218498250286efd,0,0,0,0,0,,0,0,0,,0,0,0,,1183,68,51,68,https://www.twitch.tv/videos/2024532682
4cb08241fbce4905a83ed02de6a1af9c,0,0,0,0,0,,0,0,0,,0,0,0,,3365,396,133,434,https://www.twitch.tv/videos/2027404359
fb72bfcead034da2abef22637e7b2b3c,0,0,0,0,0,,0,0,0,,0,0,0,,908,59,42,134,https://www.twitch.tv/videos/2027337349
63dea00fb3094d46853159efa259b014,0,0,0,0,0,,0,0,0,,0,0,0,,16137,0,0,0,
c29bc8bf78dd417980491f19333c8fa2,0,0,0,0,0,,0,0,0,,0,0,0,,10084,750,181,750,https://www.twitch.tv/videos/2010663919
c2777df3c8d341f4a1f0bb9cda8d9365,0,0,0,0,0,,0,0,0,,0,0,0,,1246,166,92,166,https://www.twitch.tv/videos/2018897970
fdb0805c65e24f13b7f23e50e0db8ae2,0,0,0,0,0,,0,0,0,,0,0,0,,5129,651,392,2020,https://www.twitch.tv/videos/2030235715
7dd086a606284ba6b7b584f8b00dc190,0,0,0,0,0,,0,0,0,,0,0,0,,258,74,53,512,https://www.twitch.tv/videos/2022504322
5b62816b7dee4c13856f3c21629be3c4,0,0,0,0,0,,0,0,0,,0,0,0,,19640,1592,592,3305,https://www.twitch.tv/videos/2014908443
67b37e4e1f2f49d88a047d650b70be91,0,0,0,0,0,,0,0,0,,0,0,0,,1321,29,20,96,https://www.twitch.tv/videos/2018467207
a5773880b0f040a9abbecacf3eb0eb29,0,0,0,0,0,,0,0,0,,0,0,0,,2256,0,0,0,
9ca05592c52f42649191751f18cb70e6,0,0,0,0,0,,0,0,0,,0,0,0,,2104,482,360,1285,https://www.twitch.tv/videos/2025169859
e32a4d49fba7459fbdf9e242288fa18c,0,0,0,0,0,,0,0,0,,0,0,0,,3761,1192,917,1326,https://www.twitch.tv/videos/2021345673
c19464dad8004852b7766700723601de,0,0,0,0,0,,0,0,0,,0,0,0,,5291,0,0,0,
828ab4c66f5f43f298d237374a266b7e,0,0,0,0,0,,0,0,0,,0,0,0,,2030,214,153,327,https://www.twitch.tv/videos/2019609891
a3a1caa89669445db63f22b9a3af88b0,0,0,0,0,0,,0,0,0,,0,0,0,,1004,106,62,142,https://www.twitch.tv/videos/2017667818
06337167c1a14d82b6a7f7cc71eac813,0,0,0,0,0,,0,0,0,,0,0,0,,643,112,68,166,https://www.twitch.tv/videos/2017909082
cda9668f324445a7bd507094ad6946b8,0,0,0,0,0,,0,0,0,,0,0,0,,311,19,16,32,https://www.twitch.tv/videos/2025445829
9e64bba43928414884503de36f805c48,0,0,0,0,0,,0,0,0,,0,0,0,,20914,3467,1889,13833,https://www.twitch.tv/videos/2017879002
a17fcdf32a124beba3fba16299aed2b3,0,0,0,0,0,,0,0,0,,0,0,0,,7694,557,193,3075,https://www.twitch.tv/videos/2004556668
2f6cee890853475a8bf91f5ed45f8d4f,0,0,0,0,0,,0,0,0,,0,0,0,,510,46,30,46,https://www.twitch.tv/videos/2021498098
ad2aef5af5074f14af7f6ddf7899743a,0,0,0,0,0,,0,0,0,,0,0,0,,2171,0,0,0,
6a963053004f4deaa0dbdf875db41879,0,0,0,0,0,,0,0,0,,0,0,0,,243,20,16,164,https://www.twitch.tv/videos/2018822453
bf277797951346fe991c27c79a6c5081,0,0,0,0,0,,0,0,0,,0,0,0,,8220,670,275,972,https://www.twitch.tv/videos/2029142590
e698befe9649448885d93094cd4dc6a9,0,0,0,0,0,,0,0,0,,0,0,0,,3033,223,146,235,https://www.twitch.tv/videos/2023460313
6908430ccb204a1b9d95ee7a1711cae3,0,0,0,0,0,,0,0,0,,0,0,0,,2475,575,489,1825,https://www.twitch.tv/videos/2019659957
fe62d50e41af4aa29c3e2b0cfc62fb3d,0,0,0,0,0,,0,0,0,,0,0,0,,207,93,75,216,https://www.twitch.tv/videos/2018564337
f99b7c49c1c8472681987ac2d1ff87bc,0,0,0,0,0,,0,0,0,,0,0,0,,242578,47625,16351,198576,https://www.twitch.tv/videos/2017799751
7cd55e03d87c4c77843a437ec0703670,0,0,0,0,0,,0,0,0,,0,0,0,,3161,0,0,0,
