VTuber ID,View Count,Title,Publish Time,URL,Thumbnail URL
fa5a7cdc259543259af42bb23f1e4041,1467191,這真的是給小男生玩的玩具嗎???? #玩具 #戰鬥陀螺,2024-01-14T06:08:28Z,https://www.youtube.com/watch?v=NLb-PhS-ZOI,https://i.ytimg.com/vi/NLb-PhS-ZOI/mqdefault.jpg
334133534368487780dfa99b7c9f5949,306219,一分鐘學會白菜滷 🍲 #cooking #lifestyle #vtuber,2024-02-02T07:45:03Z,https://www.youtube.com/watch?v=yjn04S_GKl4,https://i.ytimg.com/vi/yjn04S_GKl4/mqdefault.jpg
9ca368e73d514656ade48dc946f55956,213549,【柴製精華】男友全家出國但我沒錢跟?! #Shorts 【TSMATCH火柴】,2024-01-25T09:00:35Z,https://www.youtube.com/watch?v=lFqYjw2Og-k,https://i.ytimg.com/vi/lFqYjw2Og-k/mqdefault.jpg
2741a90689f342548daad7f760b0a8f7,191400,讓觀眾玩神燈精靈猜出小熊維尼，但結果怎麼會跑出奇怪的答案啊 #shorts #short,2024-02-01T15:22:13Z,https://www.youtube.com/watch?v=q6D66Udi-bg,https://i.ytimg.com/vi/q6D66Udi-bg/mqdefault.jpg
0641a9c8b9a94994aaa33e0c86fef75b,174102,對女孩子說開台都在用背面跟你們聊天真的是很沒禮貌ㄝ！#vtuber #shorts #台V #vtuberclip #vtuber中文 #kuromu,2024-01-28T09:00:27Z,https://www.youtube.com/watch?v=k3Cm860w0d8,https://i.ytimg.com/vi/k3Cm860w0d8/mqdefault.jpg
0641a9c8b9a94994aaa33e0c86fef75b,157810,說鑰匙圈好用ㄉ我已經知道你多大ㄌ #vtuber #shorts #台V #vtuberclip #vtuber中文 #kuromu,2024-01-20T09:00:37Z,https://www.youtube.com/watch?v=qFuUkqmHY-o,https://i.ytimg.com/vi/qFuUkqmHY-o/mqdefault.jpg
2741a90689f342548daad7f760b0a8f7,157340,護士Vtuber在精神科實習時遇到的超有趣病患故事w #shorts #short,2024-01-17T11:00:00Z,https://www.youtube.com/watch?v=-ED2ykiGCL0,https://i.ytimg.com/vi/-ED2ykiGCL0/mqdefault.jpg
fd6a0236861940389e15ef85b16c6069,153415,烟花🐑－0120－加班台Day10🎀｜新楓之谷練等  !加班 ꜀(^. .^꜀ )꜆੭,2024-01-20T12:17:06Z,https://www.twitch.tv/videos/2038188258,https://static-cdn.jtvnw.net/cf_vods/d3vd9lfkzbru3h/a57aa3f19c0675e342d4_hennie2001_40991877495_1705753019//thumb/thumb0-%{width}x%{height}.jpg
2741a90689f342548daad7f760b0a8f7,140472,這裡沒有任何地獄梗笑話喜歡的不用進來看 #shorts #short,2024-01-26T14:24:30Z,https://www.youtube.com/watch?v=WcMjoED-Q9s,https://i.ytimg.com/vi/WcMjoED-Q9s/mqdefault.jpg
fd6a0236861940389e15ef85b16c6069,132433,烟花🐑－0115－加班台Day5🎀｜晚安zz起床看要做什麼 !加班 ꜀(^. .^꜀ )꜆੭,2024-01-15T11:31:27Z,https://www.twitch.tv/videos/2033216904,https://static-cdn.jtvnw.net/cf_vods/d3vd9lfkzbru3h/d38a6f9bf846786575a9_hennie2001_40976803335_1705318280//thumb/thumb0-%{width}x%{height}.jpg
2741a90689f342548daad7f760b0a8f7,130640,被問到上次自己發電是什麼時候，說謊的話手還即將被電擊！？#shorts #short,2024-01-24T10:00:31Z,https://www.youtube.com/watch?v=Z8z6C62tdg8,https://i.ytimg.com/vi/Z8z6C62tdg8/mqdefault.jpg
2741a90689f342548daad7f760b0a8f7,125998,如果病患在開刀的時候跟醫生講幹話算是作死嗎 #shorts,2024-02-04T13:47:55Z,https://www.youtube.com/watch?v=W8m3adOpV9Y,https://i.ytimg.com/vi/W8m3adOpV9Y/mqdefault.jpg
2741a90689f342548daad7f760b0a8f7,122138,天啊還好有𒊹𒊹𒊹，錫蘭才有辦法從超派鐵拳逃開嗎！？#shorts #short,2024-01-28T15:14:00Z,https://www.youtube.com/watch?v=hbeH7X6uOd0,https://i.ytimg.com/vi/hbeH7X6uOd0/mqdefault.jpg
2741a90689f342548daad7f760b0a8f7,121052,希翁來當Vtuber的原因是，沒辦法跟精神科的病患...#shorts #short,2024-01-16T11:00:32Z,https://www.youtube.com/watch?v=TkZPGGUS07w,https://i.ytimg.com/vi/TkZPGGUS07w/mqdefault.jpg
2741a90689f342548daad7f760b0a8f7,120882,Vtuber登入觀眾的YT偷看撥放清單發現到了...#shorts #short,2024-01-30T04:00:11Z,https://www.youtube.com/watch?v=DLRJAM2rThA,https://i.ytimg.com/vi/DLRJAM2rThA/mqdefault.jpg
2741a90689f342548daad7f760b0a8f7,111817,護理師學妹剛學插尿管，卻一直插錯地方...！？　#shorts #short,2024-01-14T11:00:28Z,https://www.youtube.com/watch?v=eQFarTdIhrE,https://i.ytimg.com/vi/eQFarTdIhrE/mqdefault.jpg
49bb221fc77f440cae0c007a73f99aab,110305,尼魯生日！新衣裝發表！ Day27 ⋮ 2/6 21:00生日新衣裝發表 ⋮ !加班 !尼魯貼圖 !DC !綠界,2024-02-06T12:53:28Z,https://www.twitch.tv/videos/2054856730,https://static-cdn.jtvnw.net/cf_vods/d3vd9lfkzbru3h/dfd14792910cd9d78a9e_ukuruniru_41043119015_1707224003//thumb/thumb0-%{width}x%{height}.jpg
fd6a0236861940389e15ef85b16c6069,109296,烟花🐑－0122－加班台Day11🎀｜好稀飯帕魯  !加班 ꜀(^. .^꜀ )꜆੭,2024-01-22T05:19:59Z,https://www.twitch.tv/videos/2040087383,https://static-cdn.jtvnw.net/cf_vods/d3vd9lfkzbru3h/3fab9e105140affb6f25_hennie2001_40996900599_1705900792//thumb/thumb0-%{width}x%{height}.jpg
5535c9524eb046c38e172ebfa06b302f,108897,【原神】4.4前瞻直播懶人包🎯▸閒雲/嘉明登場! 納西妲/魈/八重神子復刻！卡池抽取建議？新角機制搶先看！璃月四星10選1怎麼選？新區域「沉玉谷」 ▹璐洛洛◃,2024-01-21T12:30:06Z,https://www.youtube.com/watch?v=uesqASdBh4I,https://i.ytimg.com/vi/uesqASdBh4I/mqdefault.jpg
fd6a0236861940389e15ef85b16c6069,108023,烟花🐑－0126－加班台Day16🎀｜ｚｚｚｚ  !加班 ꜀(^. .^꜀ )꜆੭,2024-01-26T20:44:57Z,https://www.twitch.tv/videos/2044432625,https://static-cdn.jtvnw.net/cf_vods/d3vd9lfkzbru3h/f0fc4c817fbd8e8e85f2_hennie2001_41011366839_1706301890//thumb/thumb0-%{width}x%{height}.jpg
fd6a0236861940389e15ef85b16c6069,106001,烟花🐑－0124－加班台Day14🎀｜沒錯 又是美國帕  !加班 ꜀(^. .^꜀ )꜆੭,2024-01-23T17:29:32Z,https://www.twitch.tv/videos/2041373524,https://static-cdn.jtvnw.net/cf_vods/d3vd9lfkzbru3h/e14d2ca13d0c3e633743_hennie2001_41001980551_1706030964//thumb/thumb0-%{width}x%{height}.jpg
1ccdbe5d48934f4cbabc86512dd1d357,104693,【貓咪meme】日本人成為Vtuber對台灣觀眾感到很驚訝一事,2024-02-04T09:04:54Z,https://www.youtube.com/watch?v=vOxYC1-SYzw,https://i.ytimg.com/vi/vOxYC1-SYzw/mqdefault.jpg
fd6a0236861940389e15ef85b16c6069,101525,烟花🐑－0119－加班台Day9🎀｜7:00PM要楓之谷 6:00就起床 !加班 ꜀(^. .^꜀ )꜆੭,2024-01-19T00:20:32Z,https://www.twitch.tv/videos/2036700400,https://static-cdn.jtvnw.net/cf_vods/d3vd9lfkzbru3h/13428991b2fbf6af2616_hennie2001_40987136247_1705623626//thumb/thumb0-%{width}x%{height}.jpg
fd6a0236861940389e15ef85b16c6069,100887,烟花🐑－0203－加班台Day23🎀｜好像快新年惹  !加班 ꜀(^. .^꜀ )꜆੭,2024-02-03T10:33:58Z,https://www.twitch.tv/videos/2051839676,https://static-cdn.jtvnw.net/cf_vods/d3vd9lfkzbru3h/66d61ff63e3b8b63fe0f_hennie2001_41033540583_1706956431//thumb/thumb0-%{width}x%{height}.jpg
334133534368487780dfa99b7c9f5949,99258,一分鐘學會三色蛋 🥚 #cooking #lifestyle #vtuber,2024-01-28T01:00:24Z,https://www.youtube.com/watch?v=u55mgNMFJ9Y,https://i.ytimg.com/vi/u55mgNMFJ9Y/mqdefault.jpg
5535c9524eb046c38e172ebfa06b302f,97073,【原神研究室】閒雲🦤角色培養放大鏡▸全新『下落攻擊專輔』！『仙人跳』超快樂😍魈寶傷害新上限、0命芙寧娜又有新搭檔，聯機探索！抽取建議/機制解析/聖遺物/武器/命座/畢業面板! ▹璐洛洛◃,2024-02-01T15:00:10Z,https://www.youtube.com/watch?v=Bo0rBpO0Zl4,https://i.ytimg.com/vi/Bo0rBpO0Zl4/mqdefault.jpg
9d9c6477329245cbb2557895f4f15686,95890,轉盤的誘惑！直接搞瘋了一個緹主包！！又哭又笑 像個孩子 | 稻乙緹,2024-01-21T14:22:30Z,https://www.youtube.com/watch?v=AIsm3MMtV1Q,https://i.ytimg.com/vi/AIsm3MMtV1Q/mqdefault.jpg
fd6a0236861940389e15ef85b16c6069,95359,烟花🐑－0117－加班台Day7🎀｜躺去囉 !加班 ꜀(^. .^꜀ )꜆੭,2024-01-17T11:53:41Z,https://www.twitch.tv/videos/2035180732,https://static-cdn.jtvnw.net/cf_vods/d3vd9lfkzbru3h/dcaba623e0a62d823523_hennie2001_40982699287_1705492415//thumb/thumb0-%{width}x%{height}.jpg
0641a9c8b9a94994aaa33e0c86fef75b,94994,果然雅婷姐還是最懂ㄉ#vtuber #shorts #台V #vtuberclip #vtuber中文 #kuromu,2024-01-19T09:00:37Z,https://www.youtube.com/watch?v=iLZsaQPlJ54,https://i.ytimg.com/vi/iLZsaQPlJ54/mqdefault.jpg
0641a9c8b9a94994aaa33e0c86fef75b,92871,說沒ㄌ太丟臉ㄌㄛ  #vtuber #shorts #台V #vtuberclip #vtuber中文 #kuromu,2024-01-29T09:00:23Z,https://www.youtube.com/watch?v=c5rSDZ0HkXI,https://i.ytimg.com/vi/c5rSDZ0HkXI/mqdefault.jpg
b126053a1356460ebf85a874a6a55aca,92411,國民黨尾牙〉徐巧芯《牽手》🍓20240205 #徐巧芯 #韓國瑜,2024-02-06T02:02:40Z,https://www.youtube.com/watch?v=TbOaM-up55U,https://i.ytimg.com/vi/TbOaM-up55U/mqdefault.jpg
2741a90689f342548daad7f760b0a8f7,91600,如果腦X被醫生治好算是剝奪我的權利嗎？#shorts #short,2024-01-20T13:18:40Z,https://www.youtube.com/watch?v=zWMjikXlGzs,https://i.ytimg.com/vi/zWMjikXlGzs/mqdefault.jpg
334133534368487780dfa99b7c9f5949,91494,一分鐘學會紅燒吳郭魚 🐟 #cooking #lifestyle #vtuber,2024-01-24T06:45:03Z,https://www.youtube.com/watch?v=k3xzJpI5z5U,https://i.ytimg.com/vi/k3xzJpI5z5U/mqdefault.jpg
2741a90689f342548daad7f760b0a8f7,90823,阿公吃過的鹽比你吃過的米還多，然後他就去●●了 #shorts #short,2024-02-03T09:11:51Z,https://www.youtube.com/watch?v=VzzfEUrxcqc,https://i.ytimg.com/vi/VzzfEUrxcqc/mqdefault.jpg
2741a90689f342548daad7f760b0a8f7,89644,給暈船對象補貼經濟，但發現她對我的備註上寫ATM...,2024-01-22T10:00:07Z,https://www.youtube.com/watch?v=4n5t_MXWuK0,https://i.ytimg.com/vi/4n5t_MXWuK0/mqdefault.jpg
fd6a0236861940389e15ef85b16c6069,88486,烟花🐑－0205－加班台Day25🎀｜地下城時間!晚上要勤勞練歌錄歌...  !加班 ꜀(^. .^꜀ )꜆੭,2024-02-05T09:46:45Z,https://www.twitch.tv/videos/2053855065,https://static-cdn.jtvnw.net/cf_vods/d3vd9lfkzbru3h/604357fb2d8017d8dd84_hennie2001_41039492695_1707126397//thumb/thumb0-%{width}x%{height}.jpg
2741a90689f342548daad7f760b0a8f7,88166,拜託我怎麼可能會罵髒話啊啊啊啊啊啊(被電擊) #shorts #short,2024-02-07T07:53:20Z,https://www.youtube.com/watch?v=K-wjomsNhTY,https://i.ytimg.com/vi/K-wjomsNhTY/mqdefault.jpg
2741a90689f342548daad7f760b0a8f7,85762,【夜勤病棟】縱向直播！今天準備了新的酒～#建議使用手機觀看【希翁／Chion】#shorts,2024-01-27T19:46:57Z,https://www.youtube.com/watch?v=l0DI9k2YrZ4,https://i.ytimg.com/vi/l0DI9k2YrZ4/mqdefault.jpg
5535c9524eb046c38e172ebfa06b302f,85582,🔴AR60 ASIA【#原神 / Genshin】4.4前瞻直播一起看！閒雲&嘉明要來了嗎？🤩 ｜!曼德洛 !週邊 ▹璐洛洛◃,2024-01-19T13:25:28Z,https://www.youtube.com/watch?v=ivjBXwob23I,https://i.ytimg.com/vi/ivjBXwob23I/mqdefault.jpg
2741a90689f342548daad7f760b0a8f7,82294,什麼種類的魚最好笑..爛到哭的諧音笑話 #shorts  #short,2024-01-23T10:00:25Z,https://www.youtube.com/watch?v=ONwMTg7pYhQ,https://i.ytimg.com/vi/ONwMTg7pYhQ/mqdefault.jpg
5535c9524eb046c38e172ebfa06b302f,82231,【星穹鐵道】🚀2.0前瞻節目懶人包▸送你免費20抽！黑天鵝、花火登場，飲月、景元復刻！改版前必看卡池抽取建議！2套全新遺器適合誰？全新星球匹諾康尼，新突破素材、版本活動、超多優化！ ▹璐洛洛◃,2024-01-27T14:45:10Z,https://www.youtube.com/watch?v=tVzhyPIWk9A,https://i.ytimg.com/vi/tVzhyPIWk9A/mqdefault.jpg
5535c9524eb046c38e172ebfa06b302f,81483,【原神研究室】嘉明🦁角色培養放大鏡▸T0四星『超爽下落輸出』！披著四星皮的五星角色？流暢立體戰鬥×元素反應核爆！機制解析/聖遺物/武器/命座/畢業面板! ▹璐洛洛◃,2024-02-05T14:00:08Z,https://www.youtube.com/watch?v=mZIIkWQUyOs,https://i.ytimg.com/vi/mZIIkWQUyOs/mqdefault.jpg
334133534368487780dfa99b7c9f5949,81001,煎魚幹嘛抹粉？🤔｜食物的實驗 #cooking #lifestyle #vtuber,2024-01-20T01:00:23Z,https://www.youtube.com/watch?v=mkQSGnskh7c,https://i.ytimg.com/vi/mkQSGnskh7c/mqdefault.jpg
2741a90689f342548daad7f760b0a8f7,80669,票投謝新達，台灣會發達 #shorts #short,2024-01-15T11:00:10Z,https://www.youtube.com/watch?v=HfPnZYb89as,https://i.ytimg.com/vi/HfPnZYb89as/mqdefault.jpg
fd6a0236861940389e15ef85b16c6069,79271,烟花🐑－0209－加班台Day29🎀｜今天守夜！明天晚上７：ｏｏ好玩遊戲～ !加班 ꜀(^. .^꜀ )꜆੭,2024-02-09T15:00:45Z,https://www.twitch.tv/videos/2057768194,https://static-cdn.jtvnw.net/cf_vods/d3vd9lfkzbru3h/483898d1178fbe0e30e5_hennie2001_41052144039_1707490838//thumb/thumb0-%{width}x%{height}.jpg
2741a90689f342548daad7f760b0a8f7,78484,Vtuber登入觀眾的Youtube帳號，發現觀眾的性癖有點多啊...,2024-02-09T09:16:49Z,https://www.youtube.com/watch?v=ObnYcQ2Mkj8,https://i.ytimg.com/vi/ObnYcQ2Mkj8/mqdefault.jpg
fd6a0236861940389e15ef85b16c6069,77825,烟花🐑－0129－加班台Day19🎀｜要過年了挖～  !加班 ꜀(^. .^꜀ )꜆੭,2024-01-28T16:19:30Z,https://www.twitch.tv/videos/2046300565,https://static-cdn.jtvnw.net/cf_vods/d3vd9lfkzbru3h/17d78139c2c8f487ea84_hennie2001_41017206743_1706458762//thumb/thumb0-%{width}x%{height}.jpg
5535c9524eb046c38e172ebfa06b302f,77369,【星穹鐵道】🚀真理醫生 [培養全攻略]▸全服持有率100%的國民義父！最適配的DEBUFF手和光錐有哪些？機制解析｜遺器｜光錐｜配隊｜星魂推薦 ▹璐洛洛◃,2024-01-18T14:15:10Z,https://www.youtube.com/watch?v=RizW-934H6w,https://i.ytimg.com/vi/RizW-934H6w/mqdefault.jpg
f99b7c49c1c8472681987ac2d1ff87bc,76387,台北國際動漫展戶外台 !VPN,2024-02-03T03:02:47Z,https://www.twitch.tv/videos/2051590707,https://static-cdn.jtvnw.net/cf_vods/d3vd9lfkzbru3h/6741636000433476a57f_restiafps_41032493191_1706929362//thumb/thumb0-%{width}x%{height}.jpg
62e5d9c4ad1e4d7a9fb61fe531c4b940,73616,你覺得我有男朋友嗎？#vtuber #shorts #vtuber中文 #迷因 #memes  #fyp #精華 #clips,2024-01-24T07:22:25Z,https://www.youtube.com/watch?v=Al6aKZ-A9UA,https://i.ytimg.com/vi/Al6aKZ-A9UA/mqdefault.jpg
6c872a4043b84e4493877a42af684d1d,72972,我的聊天室特別怪，還是男生都這樣..？#台V #vtuber #台v精華 #Vtuberclip #銀河galaxy #vtuber中文 #台vtuber #shorts,2024-01-17T10:32:39Z,https://www.youtube.com/watch?v=YRKy0odOVuc,https://i.ytimg.com/vi/YRKy0odOVuc/mqdefault.jpg
0641a9c8b9a94994aaa33e0c86fef75b,71299,不知道跟女孩子在一起是什麼感覺ㄝ！#vtuber #shorts #台V #vtuberclip #vtuber中文 #kuromu,2024-01-24T09:00:11Z,https://www.youtube.com/watch?v=EYINbvzacV8,https://i.ytimg.com/vi/EYINbvzacV8/mqdefault.jpg
f99b7c49c1c8472681987ac2d1ff87bc,70829,我要成為寶可夢大師 !集氣 !獎品 !VPN,2024-01-20T07:27:38Z,https://www.twitch.tv/videos/2038061937,https://static-cdn.jtvnw.net/cf_vods/d3vd9lfkzbru3h/fd259610073a6123cb78_restiafps_40991030919_1705735650//thumb/thumb0-%{width}x%{height}.jpg
f99b7c49c1c8472681987ac2d1ff87bc,70545,晚了一點但是來看看超派Toyz之戰 !日程 !VPN,2024-01-24T10:07:49Z,https://www.twitch.tv/videos/2042085784,https://static-cdn.jtvnw.net/cf_vods/d3vd9lfkzbru3h/cd38bd9b269b59914d61_restiafps_41003535799_1706090862//thumb/thumb0-%{width}x%{height}.jpg
0641a9c8b9a94994aaa33e0c86fef75b,70081,今天ㄉ庫庫也很可愛ㄇ！ #vtuber #shorts #台V #vtuberclip #vtuber中文 #kuromu,2024-01-30T09:00:15Z,https://www.youtube.com/watch?v=DpR7O3j5C9Q,https://i.ytimg.com/vi/DpR7O3j5C9Q/mqdefault.jpg
f99b7c49c1c8472681987ac2d1ff87bc,68810,新年快樂 第一次玩RUST TGSRust vol.3 !TGS !日程 !VPN,2024-02-10T10:21:39Z,https://www.twitch.tv/videos/2058641325,https://static-cdn.jtvnw.net/cf_vods/d3vd9lfkzbru3h/e78be8c24d2c03932087_restiafps_41054088599_1707560493//thumb/thumb0-%{width}x%{height}.jpg
f99b7c49c1c8472681987ac2d1ff87bc,68491,ALGS東南亞賽區APAC-S第二週觀賽台 日程 !VPN,2024-01-27T08:08:12Z,https://www.twitch.tv/videos/2044980556,https://static-cdn.jtvnw.net/cf_vods/d3vd9lfkzbru3h/83e174dc9261e58e4c29_restiafps_41012524343_1706342885//thumb/thumb0-%{width}x%{height}.jpg
f99b7c49c1c8472681987ac2d1ff87bc,68468,把失去的進度全部拿回來! 18:00 Arena Breakout暗區突圍 S3賽季 !重來 !日程 !VPN,2024-01-26T08:30:06Z,https://www.twitch.tv/videos/2043964097,https://static-cdn.jtvnw.net/cf_vods/d3vd9lfkzbru3h/297909b05999ee22f453_restiafps_41009361991_1706257800//thumb/thumb0-%{width}x%{height}.jpg
fd6a0236861940389e15ef85b16c6069,68350,烟花🐑－0130－加班台Day20🎀｜早安羊羊  !加班 ꜀(^. .^꜀ )꜆੭,2024-01-30T01:29:22Z,https://www.twitch.tv/videos/2047684357,https://static-cdn.jtvnw.net/cf_vods/d3vd9lfkzbru3h/6a5ebfecfd3bc65caea8_hennie2001_41020596247_1706578156//thumb/thumb0-%{width}x%{height}.jpg
f99b7c49c1c8472681987ac2d1ff87bc,67584,先把失去的奪回來 20:00最後的涉谷自訂賽 !日程 !VPN,2024-01-25T08:50:58Z,https://www.twitch.tv/videos/2043014696,https://static-cdn.jtvnw.net/cf_vods/d3vd9lfkzbru3h/4cd9d9a434c5eff1b276_restiafps_41006352567_1706172651//thumb/thumb0-%{width}x%{height}.jpg
f99b7c49c1c8472681987ac2d1ff87bc,66059,集氣活動最後一天! 幻獸帕魯大師! 18:00 Arena Breakout暗區突圍 S3賽季 !集氣 !獎品 !VPN,2024-01-22T07:44:40Z,https://www.twitch.tv/videos/2040142322,https://static-cdn.jtvnw.net/cf_vods/d3vd9lfkzbru3h/80b1b7d09b22871ec33d_restiafps_40997172775_1705909474//thumb/thumb0-%{width}x%{height}.jpg
0641a9c8b9a94994aaa33e0c86fef75b,64781,我性轉一定超帥ㄐㄐ超大超高的吧 #vtuber #shorts #台V #vtuberclip #vtuber中文 #kuromu,2024-01-22T09:00:10Z,https://www.youtube.com/watch?v=HixloqEb_XI,https://i.ytimg.com/vi/HixloqEb_XI/mqdefault.jpg
5535c9524eb046c38e172ebfa06b302f,64518,【原神】雷電將軍主流隊伍TOP10⚡▸你只會組雷九萬班跟雷國隊嗎？稻妻到楓丹版本的『雷神隊伍發展史』！畢業面板、聖遺物、技能輸出手法詳解😎 ▹璐洛洛◃,2024-01-30T14:00:11Z,https://www.youtube.com/watch?v=pzQKhmCPAWk,https://i.ytimg.com/vi/pzQKhmCPAWk/mqdefault.jpg
265a18972d244affae35711cfd1f9931,64256,TAKOr18ASMR：福利向  與雙巨乳魅魔姐姐的雙飛成人time ❤️成人限定❤️ @thirteennn013  【MiroLive/塔芭絲可】,2024-02-02T16:32:15Z,https://www.youtube.com/watch?v=l9tGKlKor6E,https://i.ytimg.com/vi/l9tGKlKor6E/mqdefault.jpg
0641a9c8b9a94994aaa33e0c86fef75b,63187,【打賭】你們想看的庫洛姆吃芋頭來了 嘔嘔嘔嘔 #kuromu,2024-01-27T08:00:11Z,https://www.youtube.com/watch?v=XyUN_LfIOF8,https://i.ytimg.com/vi/XyUN_LfIOF8/mqdefault.jpg
0641a9c8b9a94994aaa33e0c86fef75b,62845,如果養新貓貓要叫什麼呢？！#vtuber #shorts #台V #vtuberclip #vtuber中文 #kuromu,2024-02-02T10:00:32Z,https://www.youtube.com/watch?v=SF536scvZtM,https://i.ytimg.com/vi/SF536scvZtM/mqdefault.jpg
f99b7c49c1c8472681987ac2d1ff87bc,61883,20:00跟KSP、Yuzumi打日本涉谷自訂賽!,2024-01-18T09:39:43Z,https://www.twitch.tv/videos/2036092176,https://static-cdn.jtvnw.net/cf_vods/d3vd9lfkzbru3h/5622b8a2596ae68bf330_restiafps_40985207543_1705570776//thumb/thumb0-%{width}x%{height}.jpg
9d9c6477329245cbb2557895f4f15686,59314,"/ᐠ. ̫ .ᐟ\ 0120 想瓦狐 晚上八點雞丸幫集合 .ᐟ.ᐟ 超級感謝達成層9,親簽色紙確定 ⸜♡⸝ ✿ !LINE !周邊 !DC !COVER",2024-01-20T03:43:55Z,https://www.twitch.tv/videos/2037919085,https://static-cdn.jtvnw.net/cf_vods/d3vd9lfkzbru3h/37ebe6673778d1572dae_iitifox_40990504055_1705722228//thumb/thumb0-%{width}x%{height}.jpg
f99b7c49c1c8472681987ac2d1ff87bc,59226,明天中午電玩展戶外台!今天探索完所有區域抓神獸? !重來 !日程 !VPN,2024-01-28T02:56:32Z,https://www.twitch.tv/videos/2045835961,https://static-cdn.jtvnw.net/cf_vods/d3vd9lfkzbru3h/32f6cd4a69ec558082fb_restiafps_41014987239_1706410586//thumb/thumb0-%{width}x%{height}.jpg
fa5a7cdc259543259af42bb23f1e4041,58728,來啦 抖音帥哥大挑戰 大年初二看能看到幾個喜歡的 #shorts,2024-02-11T15:45:12Z,https://www.youtube.com/watch?v=j6VzN93fad8,https://i.ytimg.com/vi/j6VzN93fad8/mqdefault.jpg
f6a4e7aa8d0c4e5cb39d199845ec4d02,58627,【杏仁ミル】抓怪物生存  | !5周年 !3C !咪嚕水 @vtuber_amiru,2024-01-20T07:47:24Z,https://www.twitch.tv/videos/2038070055,https://static-cdn.jtvnw.net/cf_vods/d3vd9lfkzbru3h/1438d755dae4acfbf19a_vtuber_amiru_40991077447_1705736836//thumb/thumb0-%{width}x%{height}.jpg
fd6a0236861940389e15ef85b16c6069,57980,烟花🐑－0124－加班台Day15🎀｜睡覺羊  !加班 ꜀(^. .^꜀ )꜆੭,2024-01-25T17:29:39Z,https://www.twitch.tv/videos/2043279121,https://static-cdn.jtvnw.net/cf_vods/d3vd9lfkzbru3h/1b1c49a9f9c5715206b0_hennie2001_41008049607_1706203772//thumb/thumb0-%{width}x%{height}.jpg
fd6a0236861940389e15ef85b16c6069,56209,烟花🐑－0202－加班台Day22🎀｜早上施工吵 晚上在錄歌  !加班 ꜀(^. .^꜀ )꜆੭,2024-02-02T07:29:49Z,https://www.twitch.tv/videos/2050748884,https://static-cdn.jtvnw.net/cf_vods/d3vd9lfkzbru3h/3cafb899cde7b3f8dc93_hennie2001_41029898519_1706858984//thumb/thumb0-%{width}x%{height}.jpg
fd6a0236861940389e15ef85b16c6069,56148,烟花🐑－0208－加班台Day28🎀｜新年快樂！穿新衣跟大家拜年～ !加班 ꜀(^. .^꜀ )꜆੭,2024-02-08T12:07:51Z,https://www.twitch.tv/videos/2056727215,https://static-cdn.jtvnw.net/cf_vods/d3vd9lfkzbru3h/8fd8b8ff33419cb34e2c_hennie2001_41048691575_1707394065//thumb/thumb0-%{width}x%{height}.jpg
f6a4e7aa8d0c4e5cb39d199845ec4d02,55933,【杏仁ミル】抓怪物生存  | !5周年 !3C !咪嚕水 @vtuber_amiru,2024-01-19T08:31:56Z,https://www.twitch.tv/videos/2037022592,https://static-cdn.jtvnw.net/cf_vods/d3vd9lfkzbru3h/4a65400c88c1003e6b59_vtuber_amiru_40987945271_1705653109//thumb/thumb0-%{width}x%{height}.jpg
1ccdbe5d48934f4cbabc86512dd1d357,55860,【日籍台V】春節前把火柴堆到400根！！,2024-02-09T15:22:16Z,https://www.youtube.com/watch?v=SQXmMErT5sc,https://i.ytimg.com/vi/SQXmMErT5sc/mqdefault.jpg
f99b7c49c1c8472681987ac2d1ff87bc,55011,幻獸帕魯超級縫合怪遊戲Day 2 !集氣 !獎品 !VPN,2024-01-21T07:50:06Z,https://www.twitch.tv/videos/2039136683,https://static-cdn.jtvnw.net/cf_vods/d3vd9lfkzbru3h/fd19bea5127e3857c840_restiafps_40994308855_1705823400//thumb/thumb0-%{width}x%{height}.jpg
0641a9c8b9a94994aaa33e0c86fef75b,54777,害怕時喜歡發出一些怪聲音壯膽ㄉ庫#vtuber #shorts #台V #vtuberclip #vtuber中文 #kuromu,2024-01-15T09:00:16Z,https://www.youtube.com/watch?v=RZe33yDWWaM,https://i.ytimg.com/vi/RZe33yDWWaM/mqdefault.jpg
fd6a0236861940389e15ef85b16c6069,53987,烟花🐑－0131－加班台Day21🎀｜要2月囉~  !加班 ꜀(^. .^꜀ )꜆੭,2024-01-31T07:57:38Z,https://www.twitch.tv/videos/2048861839,https://static-cdn.jtvnw.net/cf_vods/d3vd9lfkzbru3h/642c6a8c8dfe2fa8e10e_hennie2001_41024040967_1706687853//thumb/thumb0-%{width}x%{height}.jpg
0641a9c8b9a94994aaa33e0c86fef75b,51921,離職治百病ㄟ⋯⋯⋯ #vtuber #shorts #台V #vtuberclip #vtuber中文 #kuromu,2024-02-05T09:00:45Z,https://www.youtube.com/watch?v=zv9IOi4K7pE,https://i.ytimg.com/vi/zv9IOi4K7pE/mqdefault.jpg
23ec5ecfb8c14ea893576783f1790643,51549,粛聖!! ロリ神レクイエム☆/ Covered by 劫羅(9さい),2024-02-03T04:00:27Z,https://www.youtube.com/watch?v=fkibLQNHApg,https://i.ytimg.com/vi/fkibLQNHApg/mqdefault.jpg
f99b7c49c1c8472681987ac2d1ff87bc,51370,星期二就累累病 !集氣 !日程 !VPN,2024-01-16T10:13:21Z,https://www.twitch.tv/videos/2034169418,https://static-cdn.jtvnw.net/cf_vods/d3vd9lfkzbru3h/9e60a5e498abbf8515b1_restiafps_40979460471_1705399994//thumb/thumb0-%{width}x%{height}.jpg
fd6a0236861940389e15ef85b16c6069,50132,烟花🐑－0207－加班台Day27🎀｜收到羊姊紅包！意識到快過年啦～ !加班 ꜀(^. .^꜀ )꜆੭,2024-02-07T09:06:49Z,https://www.twitch.tv/videos/2055704883,https://static-cdn.jtvnw.net/cf_vods/d3vd9lfkzbru3h/aa61d0a800a5d5a8ae85_hennie2001_41045258775_1707296804//thumb/thumb0-%{width}x%{height}.jpg
0641a9c8b9a94994aaa33e0c86fef75b,48973,你們再繼續亂講沒關係 ㄐㄐ最好會長痘痘#vtuber #shorts #台V #vtuberclip #vtuber中文 #kuromulive,2024-02-09T09:00:02Z,https://www.youtube.com/watch?v=1xJtjwQ7mho,https://i.ytimg.com/vi/1xJtjwQ7mho/mqdefault.jpg
e93bd1102e214cbaa71cc5b2e4a53595,48787,【新歲繁花春日夜】分頁合併！新春特別節目，快來聽聽你的推們合唱經典歌曲！ ░  特別企劃｜Special Stream,2024-02-11T16:17:18Z,https://www.youtube.com/watch?v=o_jB0BiFgio,https://i.ytimg.com/vi/o_jB0BiFgio/mqdefault.jpg
5535c9524eb046c38e172ebfa06b302f,48785,【星穹鐵道】🚀黑天鵝 [培養全攻略]▸帶你理解複雜的『奧跡』如何疊層與機制！效果命中堆多少？先抽星魂還是光錐？綁定卡芙卡？遺器｜配隊｜星魂推薦｜抽取建議 ▹璐洛洛◃,2024-02-08T09:30:09Z,https://www.youtube.com/watch?v=CBNTbP-A_GU,https://i.ytimg.com/vi/CBNTbP-A_GU/mqdefault.jpg
60282d578bb747b8b232dba81168a5b6,48073,【5MA】親媽帶頭謀福利！傳說就此開始 | 冰霧Eisnebel,2024-01-15T10:00:08Z,https://www.youtube.com/watch?v=AhVittb51sc,https://i.ytimg.com/vi/AhVittb51sc/mqdefault.jpg
f99b7c49c1c8472681987ac2d1ff87bc,47806,星期三 !集氣 !日程 !VPN,2024-01-17T10:54:04Z,https://www.twitch.tv/videos/2035157586,https://static-cdn.jtvnw.net/cf_vods/d3vd9lfkzbru3h/45970b2c4d3f3707eda7_restiafps_40982482791_1705488840//thumb/thumb0-%{width}x%{height}.jpg
0641a9c8b9a94994aaa33e0c86fef75b,47772,我倒立給ㄋ們看 #vtuber #shorts #台V #vtuberclip #vtuber中文 #kuromu,2024-01-26T09:00:30Z,https://www.youtube.com/watch?v=PYIqviDaz9Q,https://i.ytimg.com/vi/PYIqviDaz9Q/mqdefault.jpg
58abad4aa8de49efb785367503dfd92c,47281,【耳舐めASMR】耳穴貫通体験♡音圧耳奧舔耳♡密閉感含耳吐息♡EarEating DeepEarLicking|耳はむ、耳はー 耳責め 귀핥기| 黑3DIO KU100【野薔薇 Vtuber】,2024-02-01T17:51:03Z,https://www.youtube.com/watch?v=QlvobN1qqmE,https://i.ytimg.com/vi/QlvobN1qqmE/mqdefault.jpg
58abad4aa8de49efb785367503dfd92c,47207,【耳舐めASMR】♡極上快感吸吮舔耳♡耳奧舌尖插入♡含耳吐息♡DEEPEarEating EarLicking Sucking|耳はむ 耳責め 귀핥기| 黑3DIO KU100【野薔薇 Vtuber】,2024-01-18T22:39:24Z,https://www.youtube.com/watch?v=qiGDiRmRLK4,https://i.ytimg.com/vi/qiGDiRmRLK4/mqdefault.jpg
58abad4aa8de49efb785367503dfd92c,46243,【耳舐めASMR】♡耳穴開通♡深入耳奧舔耳♡包覆插入♡棉棒♡含耳吐息♡心音 DEEPEarEating EarLicking|耳はむ 、耳責め 귀핥기| 黑3DIO KU100【野薔薇 Vtuber】,2024-01-22T18:58:32Z,https://www.youtube.com/watch?v=lfXvPSqBt1Q,https://i.ytimg.com/vi/lfXvPSqBt1Q/mqdefault.jpg
6bd49f94afb144e995247388ca8c42a8,45740,【橙Yuzumi】【中/日】 新年快樂🍊 ｜!LINE貼圖,2024-02-09T19:18:13Z,https://www.twitch.tv/videos/2057974425,https://static-cdn.jtvnw.net/cf_vods/d3vd9lfkzbru3h/261fbda59803086aa3ee_yuzumi_neon_41052629127_1707506287//thumb/thumb0-%{width}x%{height}.jpg
9d9c6477329245cbb2557895f4f15686,45438,/ᐠ. ̫ .ᐟ\ 0209 除夕快樂 .ᐟ.ᐟ ⸜♡⸝ ✿ !LINE !周邊 !DC !COVER,2024-02-09T05:50:20Z,https://www.twitch.tv/videos/2057534689,https://static-cdn.jtvnw.net/cf_vods/d3vd9lfkzbru3h/8798c4c745b1146f3ebb_iitifox_41050635447_1707457814//thumb/thumb0-%{width}x%{height}.jpg
2694a505a0e0441bb99b49e8ce1f7473,45356,【1/25】DAY3 不知道150HR耐久要耐幾天｜1/11-22紅包活動記得填表單抽獎 !紅包｜!yt !綠界 !會員 !7tv !指令 !勇士,2024-01-24T17:16:53Z,https://www.twitch.tv/videos/2042321084,https://static-cdn.jtvnw.net/cf_vods/d3vd9lfkzbru3h/496856a0356c4a37f238_kannazukilubee_41004965671_1706116605//thumb/thumb0-%{width}x%{height}.jpg
4571c7a211b945f3b608c0066f7e73e4,45252,【幻獸帕魯Palworld】手把手教會你架設多人伺服器🤝32人同遊超好玩的遊戲！,2024-01-20T12:13:59Z,https://www.youtube.com/watch?v=peTHytLKn7I,https://i.ytimg.com/vi/peTHytLKn7I/mqdefault.jpg
abd64c9a64e04fb1b23faa2480c1c106,44218,真相？Kissy Missy的最後下場？,2024-02-01T23:08:24Z,https://www.youtube.com/watch?v=Rzn3qR0jjhc,https://i.ytimg.com/vi/Rzn3qR0jjhc/mqdefault.jpg
9cec24b011ee45648eb404066c997f49,43916,【新春賀歲才藝接力】祝大家龍年行大運，大年初一晚上，一起來看才藝表演歡樂一下吧～⁽⁽٩(๑˃̶͈̀ ᗨ ˂̶͈́)۶⁾⁾█熙歌Cygnus,2024-02-10T17:07:08Z,https://www.youtube.com/watch?v=NVEKsroIODA,https://i.ytimg.com/vi/NVEKsroIODA/mqdefault.jpg
e93bd1102e214cbaa71cc5b2e4a53595,43842,初心帕魯！ ░ @earendelxdfp !指令 !隊友,2024-01-21T11:09:04Z,https://www.twitch.tv/videos/2039221719,https://static-cdn.jtvnw.net/cf_vods/d3vd9lfkzbru3h/0c679ae4ff0fd0ade0e2_earendelxdfp_40994825911_1705835339//thumb/thumb0-%{width}x%{height}.jpg
5535c9524eb046c38e172ebfa06b302f,43765,🔵【崩壞：星穹鐵道】🚀2.0前瞻直播一起看！新的星球、黑天鵝＆花火要來了嗎 ？🤩▹璐洛洛◃,2024-01-26T13:34:30Z,https://www.youtube.com/watch?v=Acqmg-7fAzY,https://i.ytimg.com/vi/Acqmg-7fAzY/mqdefault.jpg
265a18972d244affae35711cfd1f9931,42383,🐙賣色直播🐙真心不騙 適合成人 鏡頭開啟 14萬訂閱耐久【MiroLive/塔芭絲可】,2024-01-15T17:05:34Z,https://www.youtube.com/watch?v=15SbLDKs7M0,https://i.ytimg.com/vi/15SbLDKs7M0/mqdefault.jpg
e93bd1102e214cbaa71cc5b2e4a53595,41775,花好月圓上線Day2. 帕個遊戲 ░ @earendelxdfp !指令 !隊友,2024-01-26T06:34:12Z,https://www.twitch.tv/videos/2043921885,https://static-cdn.jtvnw.net/cf_vods/d3vd9lfkzbru3h/32626bcd3cfcdd7eeb01_earendelxdfp_41009114231_1706250844//thumb/thumb0-%{width}x%{height}.jpg
0641a9c8b9a94994aaa33e0c86fef75b,41707,庫庫變魔術給你們看#vtuber #shorts #台V #vtuberclip #vtuber中文 #kuromu,2024-01-16T09:00:17Z,https://www.youtube.com/watch?v=Q8bxkmMMXjo,https://i.ytimg.com/vi/Q8bxkmMMXjo/mqdefault.jpg
3f4650e05ceb41008bd16869780b7af1,41554,【貓咪研究室】全新傳說稀有！竟然是藍眼睛！全屬性極度傷害！曉的伊邪那岐／曉光的伊邪那岐角色介紹！《水羽 ほむら》【貓咪大戰爭】,2024-01-15T13:45:00Z,https://www.youtube.com/watch?v=CaBOI1b_s40,https://i.ytimg.com/vi/CaBOI1b_s40/mqdefault.jpg
f99b7c49c1c8472681987ac2d1ff87bc,41516,明天有人要當兵打Apex幫他複習一下 !集氣 !VPN,2024-01-14T07:00:30Z,https://www.twitch.tv/videos/2032112227,https://static-cdn.jtvnw.net/cf_vods/d3vd9lfkzbru3h/d5b0618090919c74553b_restiafps_40973273031_1705215622//thumb/thumb0-%{width}x%{height}.jpg
312fdd3c5e6d4aefa73fd3860ecc5613,41441,"STAY／The Kid LAROI, Justin Bieber｜cover by 森森鈴蘭 Linglan Lily",2024-01-20T12:00:07Z,https://www.youtube.com/watch?v=sKqlStcfhxA,https://i.ytimg.com/vi/sKqlStcfhxA/mqdefault.jpg
f6a4e7aa8d0c4e5cb39d199845ec4d02,41239,【杏仁ミル】今天8點垃圾  | !5周年 !3C !咪嚕水 @vtuber_amiru,2024-01-15T10:44:46Z,https://www.twitch.tv/videos/2033199948,https://static-cdn.jtvnw.net/cf_vods/d3vd9lfkzbru3h/e84fe6eb38f96e55b70e_vtuber_amiru_40976642471_1705315480//thumb/thumb0-%{width}x%{height}.jpg
9d9c6477329245cbb2557895f4f15686,40988,/ᐠ. ̫ .ᐟ\ 0123 わからない .ᐟ.ᐟ 贈訂小奇點達標記得填表單領回饋 ⸜♡⸝ ✿ !LINE !周邊 !DC !COVER,2024-01-24T05:59:01Z,https://www.twitch.tv/videos/2042001376,https://static-cdn.jtvnw.net/cf_vods/d3vd9lfkzbru3h/b84416ecaa8d7e9a6067_iitifox_41002989207_1706075935//thumb/thumb0-%{width}x%{height}.jpg
b4a1791208fd4d85b7b08ee2bad0c236,40944,鈴蘭是種姐控？！ #shorts  #瑪格麗特諾爾絲 #vtuber #箱箱thebox,2024-01-23T12:45:01Z,https://www.youtube.com/watch?v=O_jeHtRZq2Q,https://i.ytimg.com/vi/O_jeHtRZq2Q/mqdefault.jpg
2694a505a0e0441bb99b49e8ce1f7473,40803,【1/28】DAY6 出去玩禮拜一回來｜紅包活動記得填表單抽獎 !紅包｜!yt !綠界 !會員 !7tv !指令 !勇士,2024-01-28T04:23:27Z,https://www.twitch.tv/videos/2045903836,https://static-cdn.jtvnw.net/cf_vods/d3vd9lfkzbru3h/fcc90a38e7d9edd7217d_kannazukilubee_41015155847_1706415799//thumb/thumb0-%{width}x%{height}.jpg
f99b7c49c1c8472681987ac2d1ff87bc,40304,來看看跟小千的影片敘敘舊  !日程 !VPN,2024-02-01T14:20:35Z,https://www.twitch.tv/videos/2049972768,https://static-cdn.jtvnw.net/cf_vods/d3vd9lfkzbru3h/a5ee4ea0c96975b0703d_restiafps_41028280263_1706797230//thumb/thumb0-%{width}x%{height}.jpg
f42c6f5877f14a38aef3f3b515769149,39601,忘れじ言の葉 歌ってみた 點擊頻道聽完整版~ #vtuber　＃台湾Vtuber #未来古代楽団,2024-01-22T13:19:35Z,https://www.youtube.com/watch?v=oNfJZM5Gkbg,https://i.ytimg.com/vi/oNfJZM5Gkbg/mqdefault.jpg
abd64c9a64e04fb1b23faa2480c1c106,39189,Poppy Playtime 3 睡睡貓？罌粟毒氣？完整直播一次全破😆不破關不睡覺 ! !,2024-01-30T22:51:14Z,https://www.youtube.com/watch?v=xbjaTetqqwY,https://i.ytimg.com/vi/xbjaTetqqwY/mqdefault.jpg
f6a4e7aa8d0c4e5cb39d199845ec4d02,39090,【杏仁ミル】漆黑天使  | !5周年 !3C !咪嚕水 @vtuber_amiru,2024-01-16T12:22:31Z,https://www.twitch.tv/videos/2034219010,https://static-cdn.jtvnw.net/cf_vods/d3vd9lfkzbru3h/50d39075c6419e138d4e_vtuber_amiru_40979926007_1705407743//thumb/thumb0-%{width}x%{height}.jpg
6c872a4043b84e4493877a42af684d1d,39076,不要再問我會不會冷，不會冷！　#台V #vtuber #台v精華 #Vtuberclip #銀河galaxy #vtuber中文 #台vtuber #shorts,2024-01-31T10:29:00Z,https://www.youtube.com/watch?v=jQlKPYy9CqA,https://i.ytimg.com/vi/jQlKPYy9CqA/mqdefault.jpg
a3ce195c0069494c99849d0b1a10a7fd,38770,【#悠姊姊音聲ASMR 44 -red-】被悠姊姊發現你對選舉做了壞壞的事情……怎麼辦？｜ #悠白 #Ubye #中文音聲 #ASMR #音聲 #3dio,2024-01-14T15:52:11Z,https://www.youtube.com/watch?v=9LaBo_iUy08,https://i.ytimg.com/vi/9LaBo_iUy08/mqdefault.jpg
9d9c6477329245cbb2557895f4f15686,38253,"/ᐠ. ̫ .ᐟ\ 0121 今晚要有瓦的雞玩幫 .ᐟ.ᐟ 超級感謝達成層9,親簽色紙確定 ⸜♡⸝ ✿ !LINE !周邊 !DC !COVER",2024-01-21T05:14:01Z,https://www.twitch.tv/videos/2039056062,https://static-cdn.jtvnw.net/cf_vods/d3vd9lfkzbru3h/89c00b99587d088b2956_iitifox_40993912375_1705814036//thumb/thumb0-%{width}x%{height}.jpg
f99b7c49c1c8472681987ac2d1ff87bc,38140,星期五歡樂時光 19:00 Arena Breakout暗區突圍 S3賽季 !集氣 !獎品 !VPN,2024-01-19T06:53:58Z,https://www.twitch.tv/videos/2036987222,https://static-cdn.jtvnw.net/cf_vods/d3vd9lfkzbru3h/edee698bf159ea0bf0be_restiafps_40987737399_1705647230//thumb/thumb0-%{width}x%{height}.jpg
f6a4e7aa8d0c4e5cb39d199845ec4d02,37949,【杏仁ミル】復健兒童 | !5周年 !3C !咪嚕水 @vtuber_amiru,2024-01-29T07:08:13Z,https://www.twitch.tv/videos/2046975360,https://static-cdn.jtvnw.net/cf_vods/d3vd9lfkzbru3h/7d21e8301c5bd5cf37b8_vtuber_amiru_41018397111_1706512086//thumb/thumb0-%{width}x%{height}.jpg
58abad4aa8de49efb785367503dfd92c,37708,【耳舐めASMR 】♡多種耳奧舔耳x兩耳舔耳♡深吻吐息♡心音♡掏耳按摩♡ EAREATING EARLICKING♡耳マッサージ、耳はー、耳はむ| 黑3DIO KU100【野薔薇 Vtuber】,2024-02-06T18:07:07Z,https://www.youtube.com/watch?v=o-Wi5lCGnGU,https://i.ytimg.com/vi/o-Wi5lCGnGU/mqdefault.jpg
cd42e06c40534d9eac7e30a434e47d43,37686,【突擊歌雜】哪個怪咖還沒睡覺 我來抓小怪咖到地下室了 ♡  嗷嗚~ #vtuber,2024-02-08T01:46:15Z,https://www.youtube.com/watch?v=CYlFFCzhWrY,https://i.ytimg.com/vi/CYlFFCzhWrY/mqdefault.jpg
f99b7c49c1c8472681987ac2d1ff87bc,37504,新春福利 新年大抽獎 !抽獎 !日程 !VPN,2024-02-11T11:05:14Z,https://www.twitch.tv/videos/2059687757,https://static-cdn.jtvnw.net/cf_vods/d3vd9lfkzbru3h/477508eefb7a1d0808ab_restiafps_41056962247_1707649508//thumb/thumb0-%{width}x%{height}.jpg
0641a9c8b9a94994aaa33e0c86fef75b,37462,【縱型配信】首次ㄉ直式直播!【庫洛姆Kuromu】#台灣Vtuber #庫洛姆 #縱型配信,2024-02-08T16:53:29Z,https://www.youtube.com/watch?v=-VilREndM5w,https://i.ytimg.com/vi/-VilREndM5w/mqdefault.jpg
2694a505a0e0441bb99b49e8ce1f7473,36840,【2/1】DAY10 希望每天都是星期天｜紅包活動記得填表單抽獎 !紅包｜!yt !綠界 !會員 !7tv !指令 !勇士,2024-02-01T14:29:45Z,https://www.twitch.tv/videos/2049977782,https://static-cdn.jtvnw.net/cf_vods/d3vd9lfkzbru3h/2994aa6af752f79fecd1_kannazukilubee_41028310407_1706797778//thumb/thumb0-%{width}x%{height}.jpg
6c872a4043b84e4493877a42af684d1d,36655,你們4欠BAN還是皮在癢?  #台V #vtuber #台v精華 #Vtuberclip #銀河galaxy #vtuber中文 #台vtuber #shorts,2024-01-24T10:29:00Z,https://www.youtube.com/watch?v=qJ6YMSL07xQ,https://i.ytimg.com/vi/qJ6YMSL07xQ/mqdefault.jpg
0641a9c8b9a94994aaa33e0c86fef75b,36415,庫小朋友成果發表（？ 超緊張ㄉ第一次歌回！ #vtuber #shorts #台V #vtuberclip #vtuber中文 #kuromu,2024-01-31T09:00:44Z,https://www.youtube.com/watch?v=wMH6VnBpTgQ,https://i.ytimg.com/vi/wMH6VnBpTgQ/mqdefault.jpg
f99b7c49c1c8472681987ac2d1ff87bc,35970,今天全BOSS制霸  !日程 !VPN,2024-01-30T11:31:40Z,https://www.twitch.tv/videos/2047990754,https://static-cdn.jtvnw.net/cf_vods/d3vd9lfkzbru3h/97c7c72870892df2e304_restiafps_41021753175_1706614293//thumb/thumb0-%{width}x%{height}.jpg
f6a4e7aa8d0c4e5cb39d199845ec4d02,35695,【杏仁ミル】漆黑天使  | !5周年 !3C !咪嚕水 @vtuber_amiru,2024-01-17T13:23:54Z,https://www.twitch.tv/videos/2035226678,https://static-cdn.jtvnw.net/cf_vods/d3vd9lfkzbru3h/df171f9ff92ca59989ab_vtuber_amiru_40983098983_1705497829//thumb/thumb0-%{width}x%{height}.jpg
4c3cae772e974f8fb8e04f4cc9c8cd8d,35104,✞ 高P戰士꙳ ✞ 祖母極巨化！玩遊戲玩到瘋掉...  ⌇ Square Live 白白虹 xxhacucoxx,2024-01-16T10:00:27Z,https://www.youtube.com/watch?v=h2tHM28o-G8,https://i.ytimg.com/vi/h2tHM28o-G8/mqdefault.jpg
cd42e06c40534d9eac7e30a434e47d43,34927,【突擊歌雜】晚安 您好 這是一個經痛到所有情緒放大台 ♡  嗷嗚~ #vtuber,2024-02-07T00:14:12Z,https://www.youtube.com/watch?v=zkr3LPp016U,https://i.ytimg.com/vi/zkr3LPp016U/mqdefault.jpg
9d9c6477329245cbb2557895f4f15686,34818,"/ᐠ. ̫ .ᐟ\ 0117 晚上七點絕地求生M .ᐟ.ᐟ 超級感謝達成層八,新cover製作確定 ⸜♡⸝ ✿ !LINE !周邊 !DC !COVER",2024-01-17T03:43:45Z,https://www.twitch.tv/videos/2034975270,https://static-cdn.jtvnw.net/cf_vods/d3vd9lfkzbru3h/a589846242f2b12dd1a2_iitifox_40981582871_1705463017//thumb/thumb0-%{width}x%{height}.jpg
9d9c6477329245cbb2557895f4f15686,34811,/ᐠ. ̫ .ᐟ\ 0211 在家陪你 .ᐟ.ᐟ 新年快樂 ⸜♡⸝ ✿ !LINE !周邊 !DC !COVER,2024-02-11T05:26:24Z,https://www.twitch.tv/videos/2059541744,https://static-cdn.jtvnw.net/cf_vods/d3vd9lfkzbru3h/daee064fadd80ffe1b53_iitifox_41056228791_1707629179//thumb/thumb0-%{width}x%{height}.jpg
e93bd1102e214cbaa71cc5b2e4a53595,34734,【近距訪談4】  闆闆們竟想在合約加上這條規範... 【厄倫蒂兒 Earendel】,2024-01-21T05:00:27Z,https://www.youtube.com/watch?v=yDvK7fiVNcQ,https://i.ytimg.com/vi/yDvK7fiVNcQ/mqdefault.jpg
4b8137b8ba4e4a4dad994e2e07e351fe,34648,✤ Cover ✤ FIFTY FIFTY - Cupid(TwinVer.) 80s remix cover / 艾絲梅亞 Esmea Evenid,2024-01-27T13:00:09Z,https://www.youtube.com/watch?v=N6HN9HaciK8,https://i.ytimg.com/vi/N6HN9HaciK8/mqdefault.jpg
1ccdbe5d48934f4cbabc86512dd1d357,34516,被台灣觀眾爆笑的場面... #日籍台v,2024-01-22T06:57:59Z,https://www.youtube.com/watch?v=RrqKcBxgwVI,https://i.ytimg.com/vi/RrqKcBxgwVI/mqdefault.jpg
4b8137b8ba4e4a4dad994e2e07e351fe,33951,🫵30秒學六個韓文單字含例句，你也做得到 #vtuber #台灣vtuber #真箱娛樂 #韓文單字 #韓文學習 #學習 #韓語學習,2024-01-17T12:00:00Z,https://www.youtube.com/watch?v=-6QuIwG8NSQ,https://i.ytimg.com/vi/-6QuIwG8NSQ/mqdefault.jpg
f6a4e7aa8d0c4e5cb39d199845ec4d02,33933,#HIMEHINA 愛包ダンスホール♥ #shorts で踊ってみた 【杏仁ミル】,2024-01-28T13:35:32Z,https://www.youtube.com/watch?v=ylF2NsxHj7M,https://i.ytimg.com/vi/ylF2NsxHj7M/mqdefault.jpg
fd6a0236861940389e15ef85b16c6069,33898,烟花－0211－加班台Day31｜今天依舊在這裡等著你 !加班 ꜀(^. .^꜀ )꜆੭,2024-02-11T09:53:06Z,https://www.twitch.tv/videos/2059657833,https://static-cdn.jtvnw.net/cf_vods/d3vd9lfkzbru3h/81f4a4b9e931f11e96b0_hennie2001_41056784487_1707645179//thumb/thumb0-%{width}x%{height}.jpg
e93bd1102e214cbaa71cc5b2e4a53595,33881,等晚餐一起看一些影片聊聊天好惹 ░ @earendelxdfp !指令 !隊友,2024-02-04T12:28:15Z,https://www.twitch.tv/videos/2052946765,https://static-cdn.jtvnw.net/cf_vods/d3vd9lfkzbru3h/b6d853b33663f1f21141_earendelxdfp_41037133671_1707049688//thumb/thumb0-%{width}x%{height}.jpg
9d9c6477329245cbb2557895f4f15686,33764,/ᐠ. ̫ .ᐟ\ 0130 修個里呀 ♡ 外星點頭幫登場 .ᐟ.ᐟ 贈訂小奇點達標記得填表單領回饋 ⸜♡⸝ ✿ !LINE !周邊 !DC !COVER,2024-01-30T03:43:48Z,https://www.twitch.tv/videos/2047802230,https://static-cdn.jtvnw.net/cf_vods/d3vd9lfkzbru3h/33d31704db15c94df9c2_iitifox_41020781783_1706586221//thumb/thumb0-%{width}x%{height}.jpg
9d9c6477329245cbb2557895f4f15686,33628,/ᐠ. ̫ .ᐟ\ 0206 20:oo需要雞丸幫 .ᐟ.ᐟ ⸜♡⸝ ✿ !LINE !周邊 !DC !COVER,2024-02-06T07:12:05Z,https://www.twitch.tv/videos/2054734546,https://static-cdn.jtvnw.net/cf_vods/d3vd9lfkzbru3h/d352e718377fd4a22887_iitifox_41042123591_1707203519//thumb/thumb0-%{width}x%{height}.jpg
cd42e06c40534d9eac7e30a434e47d43,33278,【突擊歌雜】早安 你好 除夕快樂 好想刮刮樂 ♡  嗷嗚~ #vtuber,2024-02-09T03:18:50Z,https://www.youtube.com/watch?v=BhNvSEdmHN4,https://i.ytimg.com/vi/BhNvSEdmHN4/mqdefault.jpg
3f4650e05ceb41008bd16869780b7af1,33238,【貓咪研究室】第一隻傳說稀有藍眼睛！事隔七年越南大戰合作回歸！13.1更新懶人包介紹！《水羽 ほむら》【貓咪大戰爭】,2024-01-31T13:30:12Z,https://www.youtube.com/watch?v=GBdkvVXMeg4,https://i.ytimg.com/vi/GBdkvVXMeg4/mqdefault.jpg
15c9a54b946a40c38c07ea2f9efddfa5,33115,"Jessie J - Bang Bang ft. Ariana Grande, Nicki Minaj｜煌Kirali【Cover】Ft. @SekiChannel @MizukiVsinger",2024-01-26T13:50:11Z,https://www.youtube.com/watch?v=07Kotll-wNM,https://i.ytimg.com/vi/07Kotll-wNM/mqdefault.jpg
9d9c6477329245cbb2557895f4f15686,33078,/ᐠ. ̫ .ᐟ\ 0210 祝大家龍年大吉.ᐟ.ᐟ 新年快樂 ⸜♡⸝ ✿ !LINE !周邊 !DC !COVER,2024-02-10T05:59:02Z,https://www.twitch.tv/videos/2058530625,https://static-cdn.jtvnw.net/cf_vods/d3vd9lfkzbru3h/4fd80d5c365c0bebc486_iitifox_41053481735_1707544734//thumb/thumb0-%{width}x%{height}.jpg
1c5619a4ece046dd8ba68ed343489ca3,33046,TOYZ被打活該❓【台V公道伯分析給你聽】,2024-01-21T14:12:48Z,https://www.youtube.com/watch?v=xvokKkmmA6Q,https://i.ytimg.com/vi/xvokKkmmA6Q/mqdefault.jpg
664e1b310cf343b78623f99b31e40fae,32586,【中文翻唱】地獄旅館Hazbin Hotel《你不知道You didn't know》Covered  by 迪鹿@DeluCats、羊羹@yokanlive、博八@boba.3741,2024-02-10T10:30:52Z,https://www.youtube.com/watch?v=p9yRQ45Pe1s,https://i.ytimg.com/vi/p9yRQ45Pe1s/mqdefault.jpg
2694a505a0e0441bb99b49e8ce1f7473,32520,【1/31】DAY9 每天都是好MS寶｜紅包活動記得填表單抽獎 !紅包｜!yt !綠界 !會員 !7tv !指令 !勇士,2024-01-30T19:01:19Z,https://www.twitch.tv/videos/2048276605,https://static-cdn.jtvnw.net/cf_vods/d3vd9lfkzbru3h/dedcb31453449cd68cc2_kannazukilubee_41022950007_1706641272//thumb/thumb0-%{width}x%{height}.jpg
2694a505a0e0441bb99b49e8ce1f7473,32433,【1/23】真的好冷要中風ㄌ大家穿暖一點｜1/11-22紅包活動 !紅包｜!yt !綠界 !會員 !7tv !指令 !勇士,2024-01-23T12:01:04Z,https://www.twitch.tv/videos/2041173762,https://static-cdn.jtvnw.net/cf_vods/d3vd9lfkzbru3h/429b29167221be16d753_kannazukilubee_41000900839_1706011257//thumb/thumb0-%{width}x%{height}.jpg
04d2ff1dde6b4bb68503a734274f4b7e,32341,【紓壓ASMR】歡迎回家，姊姊來幫你今晚更好入眠 ♡ #asmr #ASMR接力 #中文音聲,2024-01-16T22:43:46Z,https://www.youtube.com/watch?v=t1q2KeaNyiA,https://i.ytimg.com/vi/t1q2KeaNyiA/mqdefault.jpg
b4a1791208fd4d85b7b08ee2bad0c236,31816,驚！台V罵哭觀眾?！ 網友表示：我早就知道她是這種人。 #瑪格麗特諾爾絲 #vtuber #shorts,2024-01-14T09:00:11Z,https://www.youtube.com/watch?v=KDOmZFR_CRw,https://i.ytimg.com/vi/KDOmZFR_CRw/mqdefault.jpg
512b64ec20174d018540516e9edf2b2f,31798,洗澡直播！（但沒畫面）睡前閒聊🥰直式直播,2024-02-09T10:22:47Z,https://www.youtube.com/watch?v=rB4NLLWDiB4,https://i.ytimg.com/vi/rB4NLLWDiB4/mqdefault.jpg
f6a4e7aa8d0c4e5cb39d199845ec4d02,31743,【杏仁ミル】帕魯帕魯  | !5周年 !3C !咪嚕水 @vtuber_amiru,2024-01-24T08:57:21Z,https://www.twitch.tv/videos/2042063134,https://static-cdn.jtvnw.net/cf_vods/d3vd9lfkzbru3h/572010eb382722707899_vtuber_amiru_41003359879_1706086634//thumb/thumb0-%{width}x%{height}.jpg
f6a4e7aa8d0c4e5cb39d199845ec4d02,31721,【撿垃圾精華】惡意剪輯!? 杏仁咪嚕朋友-1嗎?【#杏仁ミル 】Lethal Company致命公司,2024-01-19T04:00:23Z,https://www.youtube.com/watch?v=wK7GbNVkwkQ,https://i.ytimg.com/vi/wK7GbNVkwkQ/mqdefault.jpg
2741a90689f342548daad7f760b0a8f7,31379,【縱向直播】鬼轉唱歌喝酒 #建議用手機觀看【希翁／Chion】#shorts,2024-02-06T19:15:08Z,https://www.youtube.com/watch?v=jFCrk_FyNL0,https://i.ytimg.com/vi/jFCrk_FyNL0/mqdefault.jpg
0641a9c8b9a94994aaa33e0c86fef75b,31272,絕對不是很想被廠商把拔看到所以剪ㄌ這隻的啊 是真心ㄉ推薦ㄉ  #vtuber #shorts #台V #vtuberclip #vtuber中文 #kuromu,2024-02-07T09:00:51Z,https://www.youtube.com/watch?v=mkexQfHm-aA,https://i.ytimg.com/vi/mkexQfHm-aA/mqdefault.jpg
5535c9524eb046c38e172ebfa06b302f,31205,不敢使用留雲借風真君的步天梯，是為什麼呢? #原神 #璐洛洛 #閒雲,2024-02-04T10:45:00Z,https://www.youtube.com/watch?v=A5P_QTx0NCo,https://i.ytimg.com/vi/A5P_QTx0NCo/mqdefault.jpg
58abad4aa8de49efb785367503dfd92c,31175,【ASMR | 舒壓】♡包覆感按摩♡溫熱吐息含耳♡LotionOilEarmassage EarEating 耳舐め 耳はむ 耳塞ぎ 耳マッサージ♡ |黑3DIO KU100【野薔薇 Vtuber】,2024-01-24T07:54:41Z,https://www.youtube.com/watch?v=c5tpxfjeCLo,https://i.ytimg.com/vi/c5tpxfjeCLo/mqdefault.jpg
9d9c6477329245cbb2557895f4f15686,31160,"/ᐠ. ̫ .ᐟ\ 0114 wawa 超級感謝達成層八,新cover製作確定 .ᐟ.ᐟ  ⸜♡⸝ ✿ !LINE !周邊 !DC !COVER",2024-01-14T04:31:51Z,https://www.twitch.tv/videos/2032023498,https://static-cdn.jtvnw.net/cf_vods/d3vd9lfkzbru3h/9c91a2da9086eabfb2f2_iitifox_40972924903_1705206704//thumb/thumb0-%{width}x%{height}.jpg
4544974bc5624035ae7bb0c9ed33e44e,31131,【偷薪水】在你偷薪水的時候偷薪水是不是就偷到了雙倍的薪水。直式配信。,2024-01-18T07:55:24Z,https://www.youtube.com/watch?v=Vji1YAsM7Pw,https://i.ytimg.com/vi/Vji1YAsM7Pw/mqdefault.jpg
9d9c6477329245cbb2557895f4f15686,31082,/ᐠ. ̫ .ᐟ\ 0205 有種小小放假一天的感覺 .ᐟ.ᐟ ⸜♡⸝ ✿ !LINE !周邊 !DC !COVER,2024-02-05T06:06:57Z,https://www.twitch.tv/videos/2053782564,https://static-cdn.jtvnw.net/cf_vods/d3vd9lfkzbru3h/9d3371a083dc5a3261c4_iitifox_41039016967_1707113209//thumb/thumb0-%{width}x%{height}.jpg
b4a1791208fd4d85b7b08ee2bad0c236,30905,綿羊的叫聲是？ #shorts  #瑪格麗特諾爾絲 #vtuber #箱箱thebox,2024-01-29T11:30:18Z,https://www.youtube.com/watch?v=v3IjLfyflwA,https://i.ytimg.com/vi/v3IjLfyflwA/mqdefault.jpg
5535c9524eb046c38e172ebfa06b302f,30814,🔴AR60 ASIA【#原神 / Genshin】滿命閒雲&納西妲來我家！圖奇掉寶領原石！晚點和龍龍『用嘴打深淵』 ▹璐洛洛◃,2024-01-31T16:10:10Z,https://www.youtube.com/watch?v=nGtPjl_WOFg,https://i.ytimg.com/vi/nGtPjl_WOFg/mqdefault.jpg
17c335762a694402b8cb9a96b2865572,30800,Thirteen ASMR:安價福利向💜 | 今天的姊姊又撒嬌又齁...做好被寵壞的心理準備再進來💜| 心音/耳舐め/キス音 | 拾參Thirteen / VTuber,2024-01-19T19:28:39Z,https://www.youtube.com/watch?v=xtnM8OtjaUk,https://i.ytimg.com/vi/xtnM8OtjaUk/mqdefault.jpg
04d2ff1dde6b4bb68503a734274f4b7e,30729,【情境式ASMR 19】天冷了我的寶貝，快來媽媽懷裡好好休息♡ #asmr #ASMR接力 #中文音聲,2024-01-25T16:35:17Z,https://www.youtube.com/watch?v=2875ITOJZEk,https://i.ytimg.com/vi/2875ITOJZEk/mqdefault.jpg
f6a4e7aa8d0c4e5cb39d199845ec4d02,30530,【撿垃圾精華】高家出今生以外，聽說還出了個偶像！？【#杏仁ミル 】Lethal Company致命公司,2024-01-27T11:00:28Z,https://www.youtube.com/watch?v=fK7CkA6w3Rk,https://i.ytimg.com/vi/fK7CkA6w3Rk/mqdefault.jpg
9ca368e73d514656ade48dc946f55956,30460,【柴製精華】男友送便宜的禮物會放生嗎？ #Shorts 【TSMATCH火柴】,2024-02-01T13:21:34Z,https://www.youtube.com/watch?v=L9T-ePezNmI,https://i.ytimg.com/vi/L9T-ePezNmI/mqdefault.jpg
d837e8fda137492c9d77882b98ff863a,30420,繪圖勢Vtuber畫到一半忘記自己在畫誰？！ #台v #vtuber,2024-01-14T06:00:13Z,https://www.youtube.com/watch?v=M4fBkm2_oA0,https://i.ytimg.com/vi/M4fBkm2_oA0/mqdefault.jpg
e78cffa246c24a1c88031151cad8c385,30369,媽媽偷看你直播還斗內是一種什麼體驗...,2024-02-02T08:33:50Z,https://www.youtube.com/watch?v=WJd5LPShS10,https://i.ytimg.com/vi/WJd5LPShS10/mqdefault.jpg
334133534368487780dfa99b7c9f5949,30245,一分鐘學會馬鈴薯烘蛋 🥔🥚 #cooking #lifestyle #vtuber,2024-01-21T01:00:10Z,https://www.youtube.com/watch?v=Q08iuWb4fuY,https://i.ytimg.com/vi/Q08iuWb4fuY/mqdefault.jpg
702c74978d8f4adab79f292cbecb49a4,30225,清涼比基尼游泳直播 有露出就不留檔囉 ft.舒芙@SukiVtuber  #台灣vtuber #御姊 #台v,2024-01-27T12:16:54Z,https://www.youtube.com/watch?v=T76ZRsUJ2yM,https://i.ytimg.com/vi/T76ZRsUJ2yM/mqdefault.jpg
ea4c1a67c2e445ad8028768616ceb659,30043,一分鐘給你看看甚麼叫做麻煩的情勒女人 #shorts #short,2024-01-30T11:00:45Z,https://www.youtube.com/watch?v=qn93Tx_t0Uc,https://i.ytimg.com/vi/qn93Tx_t0Uc/mqdefault.jpg
cd42e06c40534d9eac7e30a434e47d43,29973,你們有得選的話還會來這裡看紙片人嗎 AOE技能展開! #vtuber #shorts #vtuber中文 #帕豹pabo #台灣vtuber #vtuber精華 #vtuberclip,2024-01-17T00:00:13Z,https://www.youtube.com/watch?v=Ht3qZWVsgFw,https://i.ytimg.com/vi/Ht3qZWVsgFw/mqdefault.jpg
c82ab1b4f8f64d1f84cae4ce09aa0dea,29673,請不要把我的大砲講成髒髒的東西 #Shorts,2024-01-27T10:00:00Z,https://www.youtube.com/watch?v=a07wa00SlnA,https://i.ytimg.com/vi/a07wa00SlnA/mqdefault.jpg
5535c9524eb046c38e172ebfa06b302f,29602,【原神】雷電將軍⭐13萬原石滿命滿精你敢信？雷神真愛祭壇的威力太強大啦！用Vtuber的陽壽在抽卡🤣 ▹璐洛洛◃,2024-01-16T13:30:11Z,https://www.youtube.com/watch?v=GL-tQxz1-y4,https://i.ytimg.com/vi/GL-tQxz1-y4/mqdefault.jpg
f99b7c49c1c8472681987ac2d1ff87bc,29515,電玩展歸來聊聊&帕魯  !日程 !VPN,2024-01-28T15:29:28Z,https://www.twitch.tv/videos/2046261501,https://static-cdn.jtvnw.net/cf_vods/d3vd9lfkzbru3h/f4b4bce0cb8150ddff9a_restiafps_41017084999_1706455760//thumb/thumb0-%{width}x%{height}.jpg
6c872a4043b84e4493877a42af684d1d,29472,歸投到底是哪個天才發明的！　#台V #vtuber #台v精華 #Vtuberclip #銀河galaxy #vtuber中文 #台vtuber #shorts,2024-01-20T10:29:00Z,https://www.youtube.com/watch?v=sIfrQtfz5_4,https://i.ytimg.com/vi/sIfrQtfz5_4/mqdefault.jpg
5535c9524eb046c38e172ebfa06b302f,29392,繞口令挑戰！🫵  #璐洛洛 #vtuber,2024-01-30T12:28:30Z,https://www.youtube.com/watch?v=YUqaYWXMpaU,https://i.ytimg.com/vi/YUqaYWXMpaU/mqdefault.jpg
334133534368487780dfa99b7c9f5949,29263,一分鐘學會蚵仔煎 🦪 #cooking #lifestyle #vtuber,2024-02-07T07:28:46Z,https://www.youtube.com/watch?v=ImPq02LnU_8,https://i.ytimg.com/vi/ImPq02LnU_8/mqdefault.jpg
312fdd3c5e6d4aefa73fd3860ecc5613,28754,【歌回LA】開放點歌！歌單也更新LA🎤 #森森鈴蘭,2024-01-25T15:09:32Z,https://www.youtube.com/watch?v=jVdxlqv6hhU,https://i.ytimg.com/vi/jVdxlqv6hhU/mqdefault.jpg
5535c9524eb046c38e172ebfa06b302f,28633,【星穹鐵道】🚀阮梅直播精華▸龍：我的停雲勒？洛：我的雪衣勒？😱不看攻略的萌新，挑戰奇筢隊伍AUTO混沌滿星？ ▹璐洛洛◃,2024-01-23T14:00:11Z,https://www.youtube.com/watch?v=sGHIYVvEKYQ,https://i.ytimg.com/vi/sGHIYVvEKYQ/mqdefault.jpg
9d9c6477329245cbb2557895f4f15686,28580,/ᐠ. ̫ .ᐟ\ 0201 更新超多可愛動圖 .ᐟ.ᐟ 贈訂小奇點達標記得填表單領回饋 ⸜♡⸝ ✿ !LINE !周邊 !DC !COVER,2024-02-01T07:02:50Z,https://www.twitch.tv/videos/2049794583,https://static-cdn.jtvnw.net/cf_vods/d3vd9lfkzbru3h/b4b95598987b4b247970_iitifox_41026878871_1706770965//thumb/thumb0-%{width}x%{height}.jpg
6bd49f94afb144e995247388ca8c42a8,28493,【橙Yuzumi】【中/日】 隻狼啟動 ٩(◦`꒳´◦)۶ ｜!LINE貼圖,2024-02-07T04:09:06Z,https://www.twitch.tv/videos/2055579570,https://static-cdn.jtvnw.net/cf_vods/d3vd9lfkzbru3h/1b2e9450ff577bf8beb8_yuzumi_neon_41044679895_1707278939//thumb/thumb0-%{width}x%{height}.jpg
6bd49f94afb144e995247388ca8c42a8,28362,【橙Yuzumi】【中/日】 瓦連動 (｡◕∀◕｡) ft.稻乙緹、杏仁ミル、Restia、久田はくぜん,2024-01-29T07:01:21Z,https://www.twitch.tv/videos/2046973051,https://static-cdn.jtvnw.net/cf_vods/d3vd9lfkzbru3h/dee496c3b929de831180_yuzumi_neon_41018383463_1706511676//thumb/thumb0-%{width}x%{height}.jpg
7c06b9e316ce4ac18ce836cd72442bbe,28225,【朝活歌枠】在新家的早晨與你一起✨唱一些歌喉嚨復健！新居での朝君と一緒に迎える🎤初見さん大歓迎🎵【浠Mizuki Karaoke】#shorts #縦型配信 #朝活,2024-01-14T03:45:39Z,https://www.youtube.com/watch?v=6L44GWhNQnc,https://i.ytimg.com/vi/6L44GWhNQnc/mqdefault.jpg
2694a505a0e0441bb99b49e8ce1f7473,28196,【1/26】DAY4 8:30跟百川他們一起玩｜1/11-22紅包活動記得填表單抽獎 !紅包｜!yt !綠界 !會員 !7tv !指令 !勇士,2024-01-26T11:27:41Z,https://www.twitch.tv/videos/2044024821,https://static-cdn.jtvnw.net/cf_vods/d3vd9lfkzbru3h/91206dc9ec47b0a0e8e6_kannazukilubee_41009850199_1706268453//thumb/thumb0-%{width}x%{height}.jpg
2694a505a0e0441bb99b49e8ce1f7473,28035,【2/10】DAY18 嗅覺跟味覺好像都有回來一點耶｜紅包活動記得填表單抽獎 !紅包｜!yt !綠界 !會員 !7tv !指令 !勇士,2024-02-10T12:53:17Z,https://www.twitch.tv/videos/2058714239,https://static-cdn.jtvnw.net/cf_vods/d3vd9lfkzbru3h/9ac8ebe61e9052db4e72_kannazukilubee_41054584887_1707569590//thumb/thumb0-%{width}x%{height}.jpg
5535c9524eb046c38e172ebfa06b302f,27947,【星穹鐵道】一到匹諾康尼就有梗!!🤣 #honkaistarrail #璐洛洛,2024-02-10T10:00:10Z,https://www.youtube.com/watch?v=HRnDJVwiYJI,https://i.ytimg.com/vi/HRnDJVwiYJI/mqdefault.jpg
9d9c6477329245cbb2557895f4f15686,27774,/ᐠ. ̫ .ᐟ\ 0207 這麼冷的天 .ᐟ.ᐟ ⸜♡⸝ ✿ !LINE !周邊 !DC !COVER,2024-02-07T08:25:21Z,https://www.twitch.tv/videos/2055691692,https://static-cdn.jtvnw.net/cf_vods/d3vd9lfkzbru3h/86b3458dc88253d0ee94_iitifox_41045167271_1707294313//thumb/thumb0-%{width}x%{height}.jpg
9d9c6477329245cbb2557895f4f15686,27704,/ᐠ. ̫ .ᐟ\ 0123 20:00 暗區突圍 | 贈訂/小奇點達標記得填表單唷 !紅包 | 新YT影片 了解一下,2024-01-23T07:10:01Z,https://www.twitch.tv/videos/2041075155,https://static-cdn.jtvnw.net/cf_vods/d3vd9lfkzbru3h/2228aca5ac7a8e5838ca_iitifox_41000098311_1705993794//thumb/thumb0-%{width}x%{height}.jpg
2694a505a0e0441bb99b49e8ce1f7473,27685,【2/5】DAY14 人真的不能每天出門會感冒｜紅包活動記得填表單抽獎 !紅包｜!yt !綠界 !會員 !7tv !指令 !勇士,2024-02-05T12:29:43Z,https://www.twitch.tv/videos/2053916361,https://static-cdn.jtvnw.net/cf_vods/d3vd9lfkzbru3h/02f40724b484d0378695_kannazukilubee_41040067143_1707136175//thumb/thumb0-%{width}x%{height}.jpg
1ccdbe5d48934f4cbabc86512dd1d357,27581,【新年快樂!!】覺得可愛的話請幫我按讚！Cosplay歌回！【日籍台V】,2024-02-10T14:17:26Z,https://www.youtube.com/watch?v=nLtdsnoC3OY,https://i.ytimg.com/vi/nLtdsnoC3OY/mqdefault.jpg
e93bd1102e214cbaa71cc5b2e4a53595,27394,練習當個冷酷無情的湯圓，但今天真的很冷，快變冷凍湯圓了 ░ @earendelxdfp !指令 !隊友,2024-01-23T12:36:35Z,https://www.twitch.tv/videos/2041190149,https://static-cdn.jtvnw.net/cf_vods/d3vd9lfkzbru3h/b89710ccc69544b2408a_earendelxdfp_41001062359_1706013390//thumb/thumb0-%{width}x%{height}.jpg
9d9c6477329245cbb2557895f4f15686,27207,滿嘴波被笑話的稻米米超wa的啦…最鬧的牢飯吃起來xd | 稻乙緹 | 特戰英豪 | ft. @9qoq9qoq  炎炎@Hakuzen0025 @vantion,2024-02-08T09:13:05Z,https://www.youtube.com/watch?v=4DINtowpGDk,https://i.ytimg.com/vi/4DINtowpGDk/mqdefault.jpg
f99b7c49c1c8472681987ac2d1ff87bc,26949,ALGS APAC-N日韓觀賽台 !VPN,2024-02-04T07:15:36Z,https://www.twitch.tv/videos/2052808385,https://static-cdn.jtvnw.net/cf_vods/d3vd9lfkzbru3h/954f7ac6100543f47e80_restiafps_41036258295_1707030931//thumb/thumb0-%{width}x%{height}.jpg
2e266a71aa3d4a67bb8d9a2a0b573319,26799,【仔魚】1/20 ㄏ   @ZIIFISH     !VPN  !聖誕節 !紅包 !周邊,2024-01-20T06:30:32Z,https://www.twitch.tv/videos/2038035350,https://static-cdn.jtvnw.net/cf_vods/d3vd9lfkzbru3h/c6e824300553fbcd6e86_ziifish_40990890583_1705732222//thumb/thumb0-%{width}x%{height}.jpg
9d9c6477329245cbb2557895f4f15686,26745,"/ᐠ. ̫ .ᐟ\ 0115 完了怎麼有睡狐啊 .ᐟ.ᐟ 超級感謝達成層八,新cover製作確定 ⸜♡⸝ ✿ !LINE !周邊 !DC !COVER",2024-01-15T07:56:33Z,https://www.twitch.tv/videos/2033144971,https://static-cdn.jtvnw.net/cf_vods/d3vd9lfkzbru3h/2fa300f26ae882b83569_iitifox_40976241623_1705305388//thumb/thumb0-%{width}x%{height}.jpg
5535c9524eb046c38e172ebfa06b302f,26639,【原神】用嘴打深淵04▸手殘萌新挑戰『夏沃蕾超載』，教你屁眼戰略一次通關🤣4.3版本深境螺旋實戰!  Ft. @yironron.0622  ▹璐洛洛◃,2024-01-22T14:15:09Z,https://www.youtube.com/watch?v=v7085F-Ws8g,https://i.ytimg.com/vi/v7085F-Ws8g/mqdefault.jpg
c82ab1b4f8f64d1f84cae4ce09aa0dea,26603,帕帕帕｜汐Seki｜!週邊 !指令,2024-02-08T10:21:48Z,https://www.twitch.tv/videos/2056685212,https://static-cdn.jtvnw.net/cf_vods/d3vd9lfkzbru3h/d44c5003e22922fadde8_seki_meridian_41048325575_1707387701//thumb/thumb0-%{width}x%{height}.jpg
2694a505a0e0441bb99b49e8ce1f7473,26497,【2/7】DAY15 人真的不能每天出門會感冒｜紅包活動記得填表單抽獎 !紅包｜!yt !綠界 !會員 !7tv !指令 !勇士,2024-02-06T17:22:54Z,https://www.twitch.tv/videos/2055023637,https://static-cdn.jtvnw.net/cf_vods/d3vd9lfkzbru3h/f6228752ed0b31395e46_kannazukilubee_41043897703_1707240166//thumb/thumb0-%{width}x%{height}.jpg
f99b7c49c1c8472681987ac2d1ff87bc,26470,第一次玩RUST Tgs Rust vol.3 !TGS !日程 !VPN,2024-02-09T15:28:00Z,https://www.twitch.tv/videos/2057787340,https://static-cdn.jtvnw.net/cf_vods/d3vd9lfkzbru3h/0a4bebd76ad6e0aef2b2_restiafps_41052225319_1707492473//thumb/thumb0-%{width}x%{height}.jpg
b4a1791208fd4d85b7b08ee2bad0c236,26416,【直式直播】衝訂閱！87940！🌼 #shorts #瑪格麗特諾爾絲 #vtuber #箱箱thebox,2024-02-04T05:50:29Z,https://www.youtube.com/watch?v=rMBbTgmvrdk,https://i.ytimg.com/vi/rMBbTgmvrdk/mqdefault.jpg
f99b7c49c1c8472681987ac2d1ff87bc,26233,今天繼續探索 幻獸帕魯大師之路 !日程 !VPN,2024-01-23T14:29:13Z,https://www.twitch.tv/videos/2041249088,https://static-cdn.jtvnw.net/cf_vods/d3vd9lfkzbru3h/00732c3c0d1a3fcb03d1_restiafps_41001525927_1706020146//thumb/thumb0-%{width}x%{height}.jpg
cd42e06c40534d9eac7e30a434e47d43,26219,【突擊歌回】早安台 起床尿尿! ♡  嗷嗚~ #vtuber,2024-02-06T00:10:32Z,https://www.youtube.com/watch?v=CvvTZhC8BCY,https://i.ytimg.com/vi/CvvTZhC8BCY/mqdefault.jpg
a6a4e83ae23140e6bd1f7c817af8f864,26195,【初配信】今天也會為你的笑容獻上祝福♡今日からお世話になります【露熙妲 Luxida】,2024-01-30T13:14:39Z,https://www.youtube.com/watch?v=yI6rQv_g2N0,https://i.ytimg.com/vi/yI6rQv_g2N0/mqdefault.jpg
312fdd3c5e6d4aefa73fd3860ecc5613,25783,【歌回LA】突發直式歌回🎧隨便唱唱 #森森鈴蘭 #縦型配信 #shorts,2024-02-03T17:51:30Z,https://www.youtube.com/watch?v=t35u9awZc6M,https://i.ytimg.com/vi/t35u9awZc6M/mqdefault.jpg
512b64ec20174d018540516e9edf2b2f,25753,回到家，想晚餐🤯 #日常 #直式直播 #vlog,2024-02-11T01:25:47Z,https://www.youtube.com/watch?v=dKkz_qFxWQA,https://i.ytimg.com/vi/dKkz_qFxWQA/mqdefault.jpg
dad6fb7439d744739755a9a7c6c18d20,25359,【歌回】我準備了一些歌，你要稍微聽一下嗎？✦♫♩♫♪♩✦ Karaoke Stream／歌枠【角蓮Caren】,2024-02-06T19:11:35Z,https://www.youtube.com/watch?v=zzL9XcwXwRg,https://i.ytimg.com/vi/zzL9XcwXwRg/mqdefault.jpg
7c06b9e316ce4ac18ce836cd72442bbe,25331,【除夕歌枠】一起回家過年吧！一年一度可以瑟瑟歌回❤みんな大好きなエロい曲歌うよ🎵初見歓迎大人のゲーム遊ぼう❤【浠Mizuki Karaoke】,2024-02-09T16:10:19Z,https://www.youtube.com/watch?v=5M81vmtul1E,https://i.ytimg.com/vi/5M81vmtul1E/mqdefault.jpg
50a0835b66844b0ab84f573934f20989,25150,【初配信】初次見面🐟大家願意和貝塔當朋友嗎？,2024-01-31T13:14:59Z,https://www.youtube.com/watch?v=i5cvsEHjzq4,https://i.ytimg.com/vi/i5cvsEHjzq4/mqdefault.jpg
2694a505a0e0441bb99b49e8ce1f7473,25117,【1/14】想練等又想解主線耶｜1/11紅包活動啟動｜!yt !綠界 !會員 !7tv !指令,2024-01-14T12:01:40Z,https://www.twitch.tv/videos/2032241866,https://static-cdn.jtvnw.net/cf_vods/d3vd9lfkzbru3h/c33a6ec9eb737714c0ba_kannazukilubee_40974094119_1705233693//thumb/thumb0-%{width}x%{height}.jpg
2694a505a0e0441bb99b49e8ce1f7473,25024,【1/17】晚上9點HERO WARS機玩！#HeroWars #herowars ｜1/11紅包活動啟動｜!yt !綠界 !會員 !7tv !指令,2024-01-17T12:00:31Z,https://www.twitch.tv/videos/2035184148,https://static-cdn.jtvnw.net/cf_vods/d3vd9lfkzbru3h/da4c3319286aa3ea5769_kannazukilubee_40982731383_1705492825//thumb/thumb0-%{width}x%{height}.jpg
6bd49f94afb144e995247388ca8c42a8,25011,【橙Yuzumi】【中/日】 Sekiro ٩(◦`꒳´◦)۶ ｜!LINE貼圖,2024-01-31T03:59:44Z,https://www.twitch.tv/videos/2048749597,https://static-cdn.jtvnw.net/cf_vods/d3vd9lfkzbru3h/a2ededa0160f89ce6287_yuzumi_neon_41023587815_1706673577//thumb/thumb0-%{width}x%{height}.jpg
312fdd3c5e6d4aefa73fd3860ecc5613,24825,【歌回LA】8+8=16萬訂慶祝🎤超級加輩歌回 #森森鈴蘭,2024-01-21T14:20:25Z,https://www.youtube.com/watch?v=_ZHUNFSAgdQ,https://i.ytimg.com/vi/_ZHUNFSAgdQ/mqdefault.jpg
2694a505a0e0441bb99b49e8ce1f7473,24345,【1/21】今天帕魯嗎｜1/11紅包活動啟動｜!yt !綠界 !會員 !7tv !指令,2024-01-21T12:02:20Z,https://www.twitch.tv/videos/2039249272,https://static-cdn.jtvnw.net/cf_vods/d3vd9lfkzbru3h/0848139187a2a0c4449e_kannazukilubee_40995021175_1705838535//thumb/thumb0-%{width}x%{height}.jpg
0641a9c8b9a94994aaa33e0c86fef75b,24295,用過免治馬桶後⋯真的回不去ㄌ#vtuber #shorts #台V #vtuberclip #vtuber中文 #kuromu,2024-02-12T09:00:22Z,https://www.youtube.com/watch?v=IGsNuiKcduY,https://i.ytimg.com/vi/IGsNuiKcduY/mqdefault.jpg
b4a1791208fd4d85b7b08ee2bad0c236,24272,三萬耳機Ban不見  #vtuber #瑪格麗特諾爾絲 #邊境牧羊犬 #ppap,2024-02-09T10:00:13Z,https://www.youtube.com/watch?v=LV4ePYlzIUU,https://i.ytimg.com/vi/LV4ePYlzIUU/mqdefault.jpg
2694a505a0e0441bb99b49e8ce1f7473,24212,【1/27】DAY5 晚上8點玩出發吧麥芬！咖波可愛｜紅包活動記得填表單抽獎 !紅包｜!yt !綠界 !會員 !7tv !指令 !勇士,2024-01-27T10:02:17Z,https://www.twitch.tv/videos/2045025475,https://static-cdn.jtvnw.net/cf_vods/d3vd9lfkzbru3h/6a339aaf9bd32e409215_kannazukilubee_41012793767_1706349731//thumb/thumb0-%{width}x%{height}.jpg
334133534368487780dfa99b7c9f5949,24169,一分鐘學會黑木耳露 🍺 #cooking #lifestyle #vtuber,2024-02-06T07:28:30Z,https://www.youtube.com/watch?v=YqpfYkOXUrE,https://i.ytimg.com/vi/YqpfYkOXUrE/mqdefault.jpg
702c74978d8f4adab79f292cbecb49a4,24141,南半球買個水有這麼困難？,2024-01-24T11:00:11Z,https://www.youtube.com/watch?v=8xNHQ4lPTVw,https://i.ytimg.com/vi/8xNHQ4lPTVw/mqdefault.jpg
5535c9524eb046c38e172ebfa06b302f,24117,"芙寧娜核爆💥9,999,999💥制霸達成 @MangoGamingGenshinImpact  #原神 #furina",2024-02-08T10:00:45Z,https://www.youtube.com/watch?v=sKPh7GIJPhQ,https://i.ytimg.com/vi/sKPh7GIJPhQ/mqdefault.jpg
265a18972d244affae35711cfd1f9931,24088,TAKOASMR：哄睡向 柔和的 讓姐姐陪你好好休息 好好放鬆說出心裡話 ❤️ #asmr接力 【MiroLive/塔芭絲可】,2024-01-17T16:01:54Z,https://www.youtube.com/watch?v=v3c9qd5jh9o,https://i.ytimg.com/vi/v3c9qd5jh9o/mqdefault.jpg
2694a505a0e0441bb99b49e8ce1f7473,24077,【2/8】DAY16 味覺Zombie｜紅包活動記得填表單抽獎 !紅包｜!yt !綠界 !會員 !7tv !指令 !勇士,2024-02-08T13:17:52Z,https://www.twitch.tv/videos/2056761249,https://static-cdn.jtvnw.net/cf_vods/d3vd9lfkzbru3h/944e76d58da9dc43f22e_kannazukilubee_41048978279_1707398265//thumb/thumb0-%{width}x%{height}.jpg
9d9c6477329245cbb2557895f4f15686,24028,/ᐠ. ̫ .ᐟ\ 0204 全新的超可愛LINE動圖上架囉 .ᐟ.ᐟ ⸜♡⸝ ✿ !LINE !周邊 !DC !COVER,2024-02-04T04:21:21Z,https://www.twitch.tv/videos/2052706831,https://static-cdn.jtvnw.net/cf_vods/d3vd9lfkzbru3h/cc4fd7ce17387388e4cb_iitifox_41035826439_1707020474//thumb/thumb0-%{width}x%{height}.jpg
0641a9c8b9a94994aaa33e0c86fef75b,23954,你說什麼？我根本沒養貓ㄚ喵#vtuber #shorts #台V #vtuberclip #vtuber中文 #kuromu,2024-02-10T09:00:40Z,https://www.youtube.com/watch?v=po1_Ln44yv8,https://i.ytimg.com/vi/po1_Ln44yv8/mqdefault.jpg
9d9c6477329245cbb2557895f4f15686,23905,/ᐠ. ̫ .ᐟ\ 0127 乙緹告解室 | 普天同慶 動圖54張巨多阿娘為喔 .ᐟ.ᐟ 贈訂小奇點達標記得填表單領回饋 ⸜♡⸝ ✿ !LINE !周邊 !DC !COVER,2024-01-27T04:44:08Z,https://www.twitch.tv/videos/2044873282,https://static-cdn.jtvnw.net/cf_vods/d3vd9lfkzbru3h/cac0f8e513cf1d2918f6_iitifox_41012036791_1706330641//thumb/thumb0-%{width}x%{height}.jpg
e93bd1102e214cbaa71cc5b2e4a53595,23843,【伴睡歌回】偶爾面對沒來由的負面情緒，不知道如何整理成言語對人述說時，請來聽聽歌吧：或許哪首歌能說出你的心情 ░  睡眠導入歌枠｜Singing Stream,2024-01-15T15:57:02Z,https://www.youtube.com/watch?v=L-vEd5g2dFQ,https://i.ytimg.com/vi/L-vEd5g2dFQ/mqdefault.jpg
5535c9524eb046c38e172ebfa06b302f,23843,🔴AR60 ASIA【#原神 / Genshin】隔壁棚『黑天鵝』代抽預約中，周日也能健檢《星穹鐵道》，萌新健檢&滷肉幫到你家  ▹ @ruroroisme ◃,2024-02-05T20:49:20Z,https://www.twitch.tv/videos/2054269012,https://static-cdn.jtvnw.net/cf_vods/d3vd9lfkzbru3h/8fc6b9bd15052f61051f_ruroroisme_41041224007_1707166147//thumb/thumb0-%{width}x%{height}.jpg
c82ab1b4f8f64d1f84cae4ce09aa0dea,23837,這個女人又在挑戰YT的極限 #Shorts,2024-01-18T10:00:19Z,https://www.youtube.com/watch?v=Rf1l8-7LHUk,https://i.ytimg.com/vi/Rf1l8-7LHUk/mqdefault.jpg
312fdd3c5e6d4aefa73fd3860ecc5613,23805,直的歌回🎤 #shorts #森森鈴蘭 #縱型配信,2024-01-29T18:37:41Z,https://www.youtube.com/watch?v=tuFauochrt0,https://i.ytimg.com/vi/tuFauochrt0/mqdefault.jpg
f6a4e7aa8d0c4e5cb39d199845ec4d02,23759,【杏仁ミル】蟲蟲危機一下晚一點再POPPY | !5周年 !3C !咪嚕水 @vtuber_amiru,2024-02-08T09:52:47Z,https://www.twitch.tv/videos/2056675346,https://static-cdn.jtvnw.net/cf_vods/d3vd9lfkzbru3h/76301ce3a1759a810ff2_vtuber_amiru_41048248183_1707385960//thumb/thumb0-%{width}x%{height}.jpg
fa5a7cdc259543259af42bb23f1e4041,23742,新年守歲直播 內容非常溫良恭儉讓,2024-02-09T16:20:50Z,https://www.youtube.com/watch?v=z-g1dsWxgr0,https://i.ytimg.com/vi/z-g1dsWxgr0/mqdefault.jpg
512b64ec20174d018540516e9edf2b2f,23683,驗車結束了！我們去兒童新樂園玩吧！開車直播🚗🥰直式直播,2024-02-06T10:50:54Z,https://www.youtube.com/watch?v=lyqbQfqr_pg,https://i.ytimg.com/vi/lyqbQfqr_pg/mqdefault.jpg
4544974bc5624035ae7bb0c9ed33e44e,23609,【偷薪水】我的夢想就是躺平過一生。直式配信。【瓦西瓦瓦 / Vaswawa】,2024-01-26T08:30:37Z,https://www.youtube.com/watch?v=9O8pu16z6Vw,https://i.ytimg.com/vi/9O8pu16z6Vw/mqdefault.jpg
a9f6574e98f34b20a05269134930fb50,23589,【COVER】『碼頭姑娘 Lady of the pier(還願) 』 / 茸茸鼠,2024-02-09T12:00:55Z,https://www.youtube.com/watch?v=s4K-Rxdj5VM,https://i.ytimg.com/vi/s4K-Rxdj5VM/mqdefault.jpg
f110fd69b66941bab04de9ada563c6ac,23555,AOI尷尬的最高境界 #shorts,2024-01-16T04:00:05Z,https://www.youtube.com/watch?v=7UNokCEsxcY,https://i.ytimg.com/vi/7UNokCEsxcY/mqdefault.jpg
fa5a7cdc259543259af42bb23f1e4041,23550,像我這種嘴邱的VTuber一定會在過年被打,2024-02-08T15:22:38Z,https://www.youtube.com/watch?v=RvH3RcGdfsI,https://i.ytimg.com/vi/RvH3RcGdfsI/mqdefault.jpg
9d9c6477329245cbb2557895f4f15686,23437,/ᐠ. ̫ .ᐟ\ 01ˇ31 跟 @tts25352783 @yanyandd @9qoq 一起逃  外星點頭幫登場 .ᐟ.ᐟ 贈訂小奇點達標記得填表單領回饋 ⸜♡⸝ ✿ !LINE !周邊 !DC !COVER,2024-01-31T07:54:44Z,https://www.twitch.tv/videos/2048860887,https://static-cdn.jtvnw.net/cf_vods/d3vd9lfkzbru3h/b2f8adb0554815802009_iitifox_41024035559_1706687679//thumb/thumb0-%{width}x%{height}.jpg
9cec24b011ee45648eb404066c997f49,23259,【千人女婿回娘家】好的請不要激動，各位翹首以盼的黑洞媽媽來了啦，讓她跟你們小聊一下。就一下 ლ(´•д• ̀ლ█熙歌Cygnus,2024-02-12T11:26:51Z,https://www.youtube.com/watch?v=kaPLdMpcv0M,https://i.ytimg.com/vi/kaPLdMpcv0M/mqdefault.jpg
265a18972d244affae35711cfd1f9931,23229,🐙麥塊生存🐙人生第一次成功征服終界 感謝汪汪支援 @puppy910240  時空進化接力生存 第12棒 【MiroLive/塔芭絲可】,2024-02-01T11:00:08Z,https://www.youtube.com/watch?v=h_kPOfm32U0,https://i.ytimg.com/vi/h_kPOfm32U0/mqdefault.jpg
334133534368487780dfa99b7c9f5949,23210,一分鐘學會炒高麗菜 🥬  #cooking #lifestyle #vtuber,2024-01-19T07:00:03Z,https://www.youtube.com/watch?v=6yz3LgDNF7Q,https://i.ytimg.com/vi/6yz3LgDNF7Q/mqdefault.jpg
4544974bc5624035ae7bb0c9ed33e44e,23204,【歌回】增加歌單的時間！隨心所欲歌回。直式配信。【瓦西瓦瓦 / Vaswawa】,2024-02-03T09:20:55Z,https://www.youtube.com/watch?v=jUIwiDp9ZB0,https://i.ytimg.com/vi/jUIwiDp9ZB0/mqdefault.jpg
9cec24b011ee45648eb404066c997f49,23203,【阿斗打軸】這就是極深空的偶像擔當█熙歌Cygnus,2024-01-14T04:00:00Z,https://www.youtube.com/watch?v=-fr7AcRXxaM,https://i.ytimg.com/vi/-fr7AcRXxaM/mqdefault.jpg
cd42e06c40534d9eac7e30a434e47d43,23185,觀眾:如果帕豹被放火求婚會玩他PY嗎?帕豹的回應是? @fanghuo #vtuber #帕豹pabo #shorts #short,2024-02-03T00:00:37Z,https://www.youtube.com/watch?v=yyds3vTixRU,https://i.ytimg.com/vi/yyds3vTixRU/mqdefault.jpg
f99b7c49c1c8472681987ac2d1ff87bc,23101,跟久田、老大、稻米米、Yuzumi打瓦  !日程 !VPN,2024-01-29T07:04:30Z,https://www.twitch.tv/videos/2046974163,https://static-cdn.jtvnw.net/cf_vods/d3vd9lfkzbru3h/0b4f220e686827b269ff_restiafps_41018389351_1706511863//thumb/thumb0-%{width}x%{height}.jpg
fa5a7cdc259543259af42bb23f1e4041,23082,當VTuber跳科目三會是怎樣的 ? #Vtuber #515 #科目三,2024-01-22T04:06:58Z,https://www.youtube.com/watch?v=5bTfh4Znzy0,https://i.ytimg.com/vi/5bTfh4Znzy0/mqdefault.jpg
5535c9524eb046c38e172ebfa06b302f,22973,『薙草之稻光』還能給誰用？ #雷電將軍 #原神 #璐洛洛,2024-01-25T10:00:24Z,https://www.youtube.com/watch?v=ZjbS5bnR13M,https://i.ytimg.com/vi/ZjbS5bnR13M/mqdefault.jpg
c82ab1b4f8f64d1f84cae4ce09aa0dea,22965,不管什麼色都沒有汐Seki色 #Shorts,2024-01-22T10:00:38Z,https://www.youtube.com/watch?v=s3yQfR-rnGs,https://i.ytimg.com/vi/s3yQfR-rnGs/mqdefault.jpg
4b6655120fbd4431a8f7894cac4a4d49,22873,ASMR｜口水溢滿❤️耳穴開發｜Ear cleaning Licking ears｜ 耳かき オイルマッサージ 耳舐め【白/黑3DIO KU100】,2024-01-26T16:47:41Z,https://www.youtube.com/watch?v=QgKTlvaZUHo,https://i.ytimg.com/vi/QgKTlvaZUHo/mqdefault.jpg
b4a1791208fd4d85b7b08ee2bad0c236,22847,【#瑪麗食堂】新年特別料理🌼如何簡單料理烏魚子 #shorts  #瑪格麗特諾爾絲 #箱箱TheBox,2024-02-02T13:39:30Z,https://www.youtube.com/watch?v=k7SL6dFKzvI,https://i.ytimg.com/vi/k7SL6dFKzvI/mqdefault.jpg
5535c9524eb046c38e172ebfa06b302f,22705,【星穹鐵道】變成哈努的第一件事😏 #honkaistarrail #璐洛洛,2024-02-08T11:00:00Z,https://www.youtube.com/watch?v=0UJJm1VAYzI,https://i.ytimg.com/vi/0UJJm1VAYzI/mqdefault.jpg
9d9c6477329245cbb2557895f4f15686,22646,/ᐠ. ̫ .ᐟ\ 0128 21:00 聰明遊戲 .ᐟ.ᐟ 贈訂小奇點達標記得填表單領回饋 ⸜♡⸝ ✿ !LINE !周邊 !DC !COVER,2024-01-28T05:13:16Z,https://www.twitch.tv/videos/2045938564,https://static-cdn.jtvnw.net/cf_vods/d3vd9lfkzbru3h/7f1ac1fb33f35602e78f_iitifox_41015270535_1706418789//thumb/thumb0-%{width}x%{height}.jpg
cd42e06c40534d9eac7e30a434e47d43,22638,【突擊歌回】可以吵醒你們嗎? ♡  嗷嗚~ #vtuber,2024-01-29T21:17:25Z,https://www.youtube.com/watch?v=Z_6UNijZVes,https://i.ytimg.com/vi/Z_6UNijZVes/mqdefault.jpg
f6a4e7aa8d0c4e5cb39d199845ec4d02,22625,【杏仁ミル】小玩一下  | !5周年 !3C !咪嚕水 @vtuber_amiru,2024-01-25T13:10:39Z,https://www.twitch.tv/videos/2043113936,https://static-cdn.jtvnw.net/cf_vods/d3vd9lfkzbru3h/47abc94b88cbd7c48e62_vtuber_amiru_41007254359_1706188234//thumb/thumb0-%{width}x%{height}.jpg
d837e8fda137492c9d77882b98ff863a,22596,看個牙醫居然要拔四顆牙齒！？ #台v #vtuber,2024-01-19T09:30:24Z,https://www.youtube.com/watch?v=vNutfUdmRho,https://i.ytimg.com/vi/vNutfUdmRho/mqdefault.jpg
ebe5c5f9d67f44f3bc5e70b413ce9df7,22458,【早安歌雜】新年快樂！昨天大家都拿到壓歲錢了嗎？團長陪大家一起度過第一天【依可露】#Shorts #vtuber #雑談 #歌枠,2024-02-10T09:27:33Z,https://www.youtube.com/watch?v=A8xfnGyQ07g,https://i.ytimg.com/vi/A8xfnGyQ07g/mqdefault.jpg
b4a1791208fd4d85b7b08ee2bad0c236,22439,【直式直播】薛丁格的刪檔歌回🌼 #shorts #瑪格麗特諾爾絲 #vtuber #箱箱thebox,2024-01-31T16:13:22Z,https://www.youtube.com/watch?v=u42oIRMllNs,https://i.ytimg.com/vi/u42oIRMllNs/mqdefault.jpg
a9f6574e98f34b20a05269134930fb50,22430,「2024年春節節目」伍佰老師歌限定歌回 Karaoke🐭Singing Stream　※日本語と中国語/茸茸鼠,2024-02-12T15:52:23Z,https://www.youtube.com/watch?v=A6kC6GxUVzM,https://i.ytimg.com/vi/A6kC6GxUVzM/mqdefault.jpg
4544974bc5624035ae7bb0c9ed33e44e,22402,【歌回】隨心所欲的翻車歌回~增加歌單的時間到了。直式配信。,2024-01-25T14:02:05Z,https://www.youtube.com/watch?v=97uOrLvKUsc,https://i.ytimg.com/vi/97uOrLvKUsc/mqdefault.jpg
334133534368487780dfa99b7c9f5949,22265,一分鐘學會自製軟Q蛋餅 🥚 #cooking #lifestyle #vtuber,2024-02-03T01:00:13Z,https://www.youtube.com/watch?v=HdXBRzO3UaE,https://i.ytimg.com/vi/HdXBRzO3UaE/mqdefault.jpg
6c872a4043b84e4493877a42af684d1d,22175,「#宇宙歌枠 163」無情突發 後面幾天沒空開台啦！！！初見大歡迎 Singing Stream【銀河Galaxy】#shorts,2024-01-26T11:44:32Z,https://www.youtube.com/watch?v=nyBsLiS28Wc,https://i.ytimg.com/vi/nyBsLiS28Wc/mqdefault.jpg
aa1ff405338c41b98ff7197eb4d90349,22172,sweet sexy lover - PiA樂團 | Cover 雪迎 #台V #台灣vtuber #vtuber #vtuber準備中,2024-01-14T11:41:37Z,https://www.youtube.com/watch?v=7qD45xWuUrw,https://i.ytimg.com/vi/7qD45xWuUrw/mqdefault.jpg
4fd17e8877024633876c5d85bc81e56b,22150,【3D 彈珠台】突發! 綜型直播還能怎麼玩? 今天邊玩邊聊聊旅遊規劃【Atama Hikari光頭】 #台V #vtuber #綜型直播,2024-01-18T18:21:20Z,https://www.youtube.com/watch?v=r_42S01j-Js,https://i.ytimg.com/vi/r_42S01j-Js/mqdefault.jpg
9d9c6477329245cbb2557895f4f15686,22141,"/ᐠ. ̫ .ᐟ\ 0118 七點最讚的王國紀元是真需要你 .ᐟ.ᐟ 超級感謝達成層八,新cover製作確定 ⸜♡⸝ ✿ !LINE !周邊 !DC !COVER",2024-01-18T07:19:17Z,https://www.twitch.tv/videos/2036046491,https://static-cdn.jtvnw.net/cf_vods/d3vd9lfkzbru3h/1a04f7709a59fc8525ee_iitifox_40984901255_1705562350//thumb/thumb0-%{width}x%{height}.jpg
9d9c6477329245cbb2557895f4f15686,22140,/ᐠ. ̫ .ᐟ\ 0126 測試遊戲 .ᐟ.ᐟ 贈訂小奇點達標記得填表單領回饋 ⸜♡⸝ ✿ !LINE !周邊 !DC !COVER,2024-01-26T05:52:48Z,https://www.twitch.tv/videos/2043903831,https://static-cdn.jtvnw.net/cf_vods/d3vd9lfkzbru3h/692d1860c0cb9d8a077b_iitifox_41009034087_1706248363//thumb/thumb0-%{width}x%{height}.jpg
ba59bb31bbcd4cf3a481c4cf72918fb0,22029,米亞 MYA《可摸耳♡可摸耳》ft. 甘米 (Official Music Video),2024-02-03T12:45:10Z,https://www.youtube.com/watch?v=Jb9yEwKqZwA,https://i.ytimg.com/vi/Jb9yEwKqZwA/mqdefault.jpg
9d9c6477329245cbb2557895f4f15686,21995,桂格！久違坐牢後直接化身魔鬼教練... 稻米米能不能進步呢？ | 特戰英豪 | ft. 9qoq 龜狗,2024-02-11T10:58:11Z,https://www.youtube.com/watch?v=xVk2-bjy6Bg,https://i.ytimg.com/vi/xVk2-bjy6Bg/mqdefault.jpg
cd42e06c40534d9eac7e30a434e47d43,21987,【突擊歌回】早安 現在可以叫你們起床了吧? 起來上廁所囉! ♡  嗷嗚~ #vtuber,2024-02-04T00:15:06Z,https://www.youtube.com/watch?v=3PbkEcpL6Q0,https://i.ytimg.com/vi/3PbkEcpL6Q0/mqdefault.jpg
911d3403c8e84dc3b0c4a2f6017698b6,21963,讓不會唱歌的人快速學會唱五佰的歌的方法 #Shorts,2024-01-23T09:00:30Z,https://www.youtube.com/watch?v=SJJ_ODSyjqc,https://i.ytimg.com/vi/SJJ_ODSyjqc/mqdefault.jpg
4544974bc5624035ae7bb0c9ed33e44e,21897,【偷薪水】明天！放假！捉愛！。直式配信。【瓦西瓦瓦 / Vaswawa】,2024-02-08T08:05:06Z,https://www.youtube.com/watch?v=YT3U4oduyCQ,https://i.ytimg.com/vi/YT3U4oduyCQ/mqdefault.jpg
0641a9c8b9a94994aaa33e0c86fef75b,21878,關於庫庫會下廚但好像沒人知道這件事#vtuber #shorts #台V #vtuberclip #vtuber中文 #kuromu,2024-02-11T09:00:21Z,https://www.youtube.com/watch?v=KPPo8VWRIS8,https://i.ytimg.com/vi/KPPo8VWRIS8/mqdefault.jpg
fa5a7cdc259543259af42bb23f1e4041,21865,大樂透跟威力彩頭獎得主在這裡直播 #shorts #lottery,2024-02-12T14:15:28Z,https://www.youtube.com/watch?v=YmqYelQFK4A,https://i.ytimg.com/vi/YmqYelQFK4A/mqdefault.jpg
c65e7caaf81a43249d5132b9fe312b24,21773,VTUBER VIOLIN HANDS UPGRADE!!,2024-02-05T09:03:02Z,https://www.youtube.com/watch?v=2mgqi06bgDc,https://i.ytimg.com/vi/2mgqi06bgDc/mqdefault.jpg
4544974bc5624035ae7bb0c9ed33e44e,21759,【偷薪水】放假倒數起痛！。直式配信。【瓦西瓦瓦 / Vaswawa】,2024-02-07T08:03:26Z,https://www.youtube.com/watch?v=DXMYbRh5xJg,https://i.ytimg.com/vi/DXMYbRh5xJg/mqdefault.jpg
a3ce195c0069494c99849d0b1a10a7fd,21658,【#悠姊姊音聲ASMR 45 -blue-】年末辛苦了！來自悠姊姊對你的全肯定秀秀拍拍抱抱🩵｜ #悠白 #Ubye #中文音聲 #ASMR #音聲 #3dio,2024-01-28T16:17:22Z,https://www.youtube.com/watch?v=nLBtKEIWeB8,https://i.ytimg.com/vi/nLBtKEIWeB8/mqdefault.jpg
3197e5649c65405cbbe6e5f1a44cf8e1,21388,【歌雜】兩萬訂閱耐久｜一起迎接阿白兩萬的瞬間吧🤍#直式直播 #shorts 【白月心宿】,2024-01-17T14:09:02Z,https://www.youtube.com/watch?v=5-jObnNZelE,https://i.ytimg.com/vi/5-jObnNZelE/mqdefault.jpg
f6a4e7aa8d0c4e5cb39d199845ec4d02,21321,【杏仁ミル】小玩一下  | !5周年 !3C !咪嚕水 @vtuber_amiru,2024-01-21T16:06:03Z,https://www.twitch.tv/videos/2039416392,https://static-cdn.jtvnw.net/cf_vods/d3vd9lfkzbru3h/54f04529faa6629e163f_vtuber_amiru_40995861591_1705853157//thumb/thumb0-%{width}x%{height}.jpg
c82ab1b4f8f64d1f84cae4ce09aa0dea,21302,媽媽總是不讓我穿衣服… #Shorts,2024-01-24T10:00:22Z,https://www.youtube.com/watch?v=_Lyvmj9hOTY,https://i.ytimg.com/vi/_Lyvmj9hOTY/mqdefault.jpg
c0c033c9c8014562b58a7124b6b22fb0,21258,誰會在豬腳上淋巧克力啦?! 只有DIKA的高階會員才有! #shorts,2024-02-01T04:00:03Z,https://www.youtube.com/watch?v=A08-XK9_EN8,https://i.ytimg.com/vi/A08-XK9_EN8/mqdefault.jpg
e93bd1102e214cbaa71cc5b2e4a53595,21227,聊個天打個配帕個魯，晚點霧鎖王國GOGO ░ @earendelxdfp !指令 !隊友,2024-01-24T12:00:49Z,https://www.twitch.tv/videos/2042127410,https://static-cdn.jtvnw.net/cf_vods/d3vd9lfkzbru3h/9a89929d9ee8814d94a5_earendelxdfp_41003920839_1706097642//thumb/thumb0-%{width}x%{height}.jpg
312fdd3c5e6d4aefa73fd3860ecc5613,21204,🐺社會課測驗陷阱題 #shorts,2024-01-19T10:00:43Z,https://www.youtube.com/watch?v=ukjHFzKZ5rM,https://i.ytimg.com/vi/ukjHFzKZ5rM/mqdefault.jpg
3f4650e05ceb41008bd16869780b7af1,21195,【貓咪研究室】選拔祭限定激稀有！超強全屬性控場！能力媲美超激！？貓咪七福神/貓咪七福邪神角色介紹！《水羽 ほむら》【貓咪大戰爭】,2024-02-06T07:00:01Z,https://www.youtube.com/watch?v=2APvcbdYcZQ,https://i.ytimg.com/vi/2APvcbdYcZQ/mqdefault.jpg
265a18972d244affae35711cfd1f9931,21175,酒雜跟轉盤..並在一起真可怕..,2024-01-16T11:41:52Z,https://www.youtube.com/watch?v=137fxXViWYY,https://i.ytimg.com/vi/137fxXViWYY/mqdefault.jpg
c82ab1b4f8f64d1f84cae4ce09aa0dea,21163,【歌回】恭喜發財🧧年假就是要開心唱歌｜汐Seki,2024-02-11T17:27:42Z,https://www.youtube.com/watch?v=JYE63RgdH00,https://i.ytimg.com/vi/JYE63RgdH00/mqdefault.jpg
b4a1791208fd4d85b7b08ee2bad0c236,21160,【直式直播】新年祈福 信吉狐得幸福🌼 #shorts #瑪格麗特諾爾絲 #vtuber #箱箱thebox,2024-02-08T15:12:32Z,https://www.youtube.com/watch?v=wVHNDuxx0OU,https://i.ytimg.com/vi/wVHNDuxx0OU/mqdefault.jpg
abd64c9a64e04fb1b23faa2480c1c106,21136,不用外掛！直播40分鐘內必須全破PoppyPlaytime 3。失敗就捐款幫助流浪動物🐣（失誤不重新計時）,2024-02-04T12:56:11Z,https://www.youtube.com/watch?v=wQOEFPhi8Ek,https://i.ytimg.com/vi/wQOEFPhi8Ek/mqdefault.jpg
dad6fb7439d744739755a9a7c6c18d20,21113,本週最熱門的手遊，我實在想不到竟然【角蓮Caren】#縱型配信,2024-02-02T19:02:03Z,https://www.youtube.com/watch?v=nBtm30krYIE,https://i.ytimg.com/vi/nBtm30krYIE/mqdefault.jpg
4544974bc5624035ae7bb0c9ed33e44e,21072,【偷薪水】偷薪水需要的不是勇氣，是毅力。直式配信。,2024-01-24T07:50:28Z,https://www.youtube.com/watch?v=PD28q18R-5Y,https://i.ytimg.com/vi/PD28q18R-5Y/mqdefault.jpg
f99b7c49c1c8472681987ac2d1ff87bc,21025,20:00跟稻乙緹一起《明日之後》龍來新春限時挑戰，伴你提前迎新春!,2024-02-06T10:33:57Z,https://www.twitch.tv/videos/2054799811,https://static-cdn.jtvnw.net/cf_vods/d3vd9lfkzbru3h/726dc8c500b927a92151_restiafps_41042589223_1707215630//thumb/thumb0-%{width}x%{height}.jpg
9d9c6477329245cbb2557895f4f15686,21023,"/ᐠ. ̫ .ᐟ\ 0118 七點最讚的王國紀元是真需要你 .ᐟ.ᐟ 超級感謝達成層八,新cover製作確定 ⸜♡⸝ ✿ !LINE !周邊 !DC !COVER",2024-01-19T08:51:07Z,https://www.twitch.tv/videos/2037029450,https://static-cdn.jtvnw.net/cf_vods/d3vd9lfkzbru3h/f4002d66879a0b5317ce_iitifox_40987990967_1705654263//thumb/thumb0-%{width}x%{height}.jpg
5535c9524eb046c38e172ebfa06b302f,20994,【星穹鐵道】🚀飲月 [復刻Q&A]▸2.0卡池怎麼抽？先抽星魂還是光錐？畢業面板怎麼看？當前版本最佳配隊有哪些？▹璐洛洛◃,2024-02-09T13:30:10Z,https://www.youtube.com/watch?v=pex5z1ArgjE,https://i.ytimg.com/vi/pex5z1ArgjE/mqdefault.jpg
9d9c6477329245cbb2557895f4f15686,20972,/ᐠ. ̫ .ᐟ\ 020ˇ3 恐怖遊戲... .ᐟ.ᐟ  龜貓乙吉棒 ⸜♡⸝ ✿ !LINE !周邊 !DC !COVER,2024-02-03T04:48:05Z,https://www.twitch.tv/videos/2051677636,https://static-cdn.jtvnw.net/cf_vods/d3vd9lfkzbru3h/70b16b063473ce63b500_iitifox_41032705783_1706935680//thumb/thumb0-%{width}x%{height}.jpg
bafb134fd2f849898d6242d1f5f683cc,20928,【01.23】SL帕魯伺服器，開農／!指令,2024-01-23T03:21:00Z,https://www.twitch.tv/videos/2040954502,https://static-cdn.jtvnw.net/cf_vods/d3vd9lfkzbru3h/5a0543c1b840b49c92a6_nemesisxdfp_40999688967_1705980054//thumb/thumb0-%{width}x%{height}.jpg
4544974bc5624035ae7bb0c9ed33e44e,20885,【偷薪水】 是誰封面沒做完還敢去偷捉愛阿。直式配信。,2024-01-23T07:55:32Z,https://www.youtube.com/watch?v=LNpFCsytygM,https://i.ytimg.com/vi/LNpFCsytygM/mqdefault.jpg
312fdd3c5e6d4aefa73fd3860ecc5613,20777,【歌回LA】睡覺歌回💪每一首歌都用夢的吧 #森森鈴蘭,2024-02-01T15:00:54Z,https://www.youtube.com/watch?v=wuu-b5kYuIY,https://i.ytimg.com/vi/wuu-b5kYuIY/mqdefault.jpg
9cec24b011ee45648eb404066c997f49,20720,【七萬耐久】開場泡泡麵，泡到七萬才能吃...！？這到底是甚麼企劃(╯°▽°)╯ ┻━┻█熙歌Cygnus,2024-01-28T11:56:44Z,https://www.youtube.com/watch?v=WmThAijC6IU,https://i.ytimg.com/vi/WmThAijC6IU/mqdefault.jpg
e93bd1102e214cbaa71cc5b2e4a53595,20717,撿垃圾復活！ ░ @earendelxdfp !指令 !隊友,2024-01-18T13:02:13Z,https://www.twitch.tv/videos/2036173450,https://static-cdn.jtvnw.net/cf_vods/d3vd9lfkzbru3h/fd36f8437292bda51cf3_earendelxdfp_40985924967_1705582927//thumb/thumb0-%{width}x%{height}.jpg
029dfaf0b42a45839661df6dc99efcdd,20641,清醒記-黃詩扶 cover by 清音零零 7100,2024-01-27T16:00:11Z,https://www.youtube.com/watch?v=zDxdrSz-A7E,https://i.ytimg.com/vi/zDxdrSz-A7E/mqdefault.jpg
6943bbfc993443d4b3853833b3bb1a66,20579,土地公不是讓你這樣玩的🍂 #台v #台灣vtuber #擴散希望 #迷因療法 #迷因 #迷因梗圖 #笑話推薦 #笑話 #笑話分享,2024-01-27T11:44:36Z,https://www.youtube.com/watch?v=dns8VY9c5OU,https://i.ytimg.com/vi/dns8VY9c5OU/mqdefault.jpg
2694a505a0e0441bb99b49e8ce1f7473,20552,【1/30】DAY8 睡屁睡起來嗨｜紅包活動記得填表單抽獎 !紅包｜!yt !綠界 !會員 !7tv !指令 !勇士,2024-01-29T17:41:35Z,https://www.twitch.tv/videos/2047274422,https://static-cdn.jtvnw.net/cf_vods/d3vd9lfkzbru3h/9a1c628faeb343a6c7a5_kannazukilubee_41020107335_1706550087//thumb/thumb0-%{width}x%{height}.jpg
9e64bba43928414884503de36f805c48,20480,1/19 好像不用COS輪迴了欸 先魔物再MS | 掛台抽哀鳳 | YT訂閱不用錢 !YT,2024-01-19T11:44:29Z,https://www.twitch.tv/videos/2037093325,https://static-cdn.jtvnw.net/cf_vods/d3vd9lfkzbru3h/a813918c0f4156b334b0_wen620_40988505543_1705664661//thumb/thumb0-%{width}x%{height}.jpg
9d9c6477329245cbb2557895f4f15686,20461,/ᐠ. ̫ .ᐟ\ 0201 更新超多可愛動圖 .ᐟ.ᐟ 贈訂小奇點達標記得填表單領回饋 ⸜♡⸝ ✿ !LINE !周邊 !DC !COVER,2024-02-02T07:19:17Z,https://www.twitch.tv/videos/2050745347,https://static-cdn.jtvnw.net/cf_vods/d3vd9lfkzbru3h/eea3bef2dd342a6eb438_iitifox_41029877015_1706858352//thumb/thumb0-%{width}x%{height}.jpg
cd42e06c40534d9eac7e30a434e47d43,20454,【突擊歌回】早安 您好 該起床了 ♡  嗷嗚~ #vtuber,2024-01-28T03:16:18Z,https://www.youtube.com/watch?v=_oPDNWZWIOA,https://i.ytimg.com/vi/_oPDNWZWIOA/mqdefault.jpg
f6a4e7aa8d0c4e5cb39d199845ec4d02,20384,【杏仁ミル】新年快樂猛獸派對 | !5周年 !3C !咪嚕水 @vtuber_amiru,2024-02-11T14:05:13Z,https://www.twitch.tv/videos/2059789030,https://static-cdn.jtvnw.net/cf_vods/d3vd9lfkzbru3h/a189d4fb03ff487b45de_vtuber_amiru_41057559559_1707660306//thumb/thumb0-%{width}x%{height}.jpg
58abad4aa8de49efb785367503dfd92c,20355,"【両耳舐めASMR】KU100♡同時密著舔耳♡高音圧耳奥責め！溫熱吐息♡Earlicking，EarEating ,，귀핥기、耳はむ，NoTalking 【野薔薇Vtuber】",2024-02-06T04:00:09Z,https://www.youtube.com/watch?v=8QUR9jGCwM8,https://i.ytimg.com/vi/8QUR9jGCwM8/mqdefault.jpg
b4a1791208fd4d85b7b08ee2bad0c236,20335,【直式直播】新年刮刮樂🌼拆買2萬元的刮刮樂能中多少呢？#shorts #vtuber #刮刮樂 #瑪格麗特諾爾絲,2024-02-10T17:02:24Z,https://www.youtube.com/watch?v=WTX2Q7nxjO4,https://i.ytimg.com/vi/WTX2Q7nxjO4/mqdefault.jpg
2741a90689f342548daad7f760b0a8f7,20300,【縱向直播】好久沒有純聊天了！#建議使用手機觀看【希翁／Chion】#shorts,2024-01-30T17:20:34Z,https://www.youtube.com/watch?v=kTK_9uTWckc,https://i.ytimg.com/vi/kTK_9uTWckc/mqdefault.jpg
0bf0ec441dc6489583f7218e02ab6a89,20291,🔴【賣色直播】01/28 22:00 不夠澀不准進來！真正的賣色直播！喊著你的名字浪叫～❤️【香草奈若】,2024-01-28T21:28:32Z,https://www.youtube.com/watch?v=8n06tGMTBIE,https://i.ytimg.com/vi/8n06tGMTBIE/mqdefault.jpg
a3ce195c0069494c99849d0b1a10a7fd,20223,【#悠姊姊音聲ASMR 46 -red-】陪悠姊姊回了鄉下卻發現隔音不好，只能悄悄的……｜ #悠白 #Ubye #中文音聲 #ASMR #音聲 #3dio,2024-02-11T16:03:37Z,https://www.youtube.com/watch?v=7mef2bNryg4,https://i.ytimg.com/vi/7mef2bNryg4/mqdefault.jpg
58abad4aa8de49efb785367503dfd92c,20131,女生在壓力大的時候也真的會特別想OO！#台v #hkvtuber #shorts #vtuberclip #vtuber中文 #台灣vtuber #台v精華 #野薔薇Asmr,2024-01-27T01:55:29Z,https://www.youtube.com/watch?v=hqYGcTvvBvM,https://i.ytimg.com/vi/hqYGcTvvBvM/mqdefault.jpg
312fdd3c5e6d4aefa73fd3860ecc5613,20122,【歌回LA】新春歌回🧨恭喜發財！ #森森鈴蘭,2024-02-10T14:48:38Z,https://www.youtube.com/watch?v=z4nq566VVYQ,https://i.ytimg.com/vi/z4nq566VVYQ/mqdefault.jpg
cd42e06c40534d9eac7e30a434e47d43,19972,【突擊歌回】早安 您好 聽說有很多人在等我開台 ♡  嗷嗚~ #vtuber,2024-02-05T01:20:17Z,https://www.youtube.com/watch?v=SgYGvKWBwkk,https://i.ytimg.com/vi/SgYGvKWBwkk/mqdefault.jpg
b4a1791208fd4d85b7b08ee2bad0c236,19942,瑪蘭之間的小秘密🌼 #shorts  #瑪格麗特諾爾絲 #箱箱thebox #vtuber,2024-02-01T11:00:11Z,https://www.youtube.com/watch?v=DVVlPCWq_R4,https://i.ytimg.com/vi/DVVlPCWq_R4/mqdefault.jpg
5535c9524eb046c38e172ebfa06b302f,19891,🟢【原神】音樂+作業台 ▹ @ruroroisme ◃,2024-02-03T19:55:49Z,https://www.twitch.tv/videos/2052255666,https://static-cdn.jtvnw.net/cf_vods/d3vd9lfkzbru3h/ff81dea59be077f84f3f_ruroroisme_41035128167_1706990139//thumb/thumb0-%{width}x%{height}.jpg
bafb134fd2f849898d6242d1f5f683cc,19880,【🎂誕生日🎂】在地球甦醒的第21年！一起看絆星們送我的禮物🎁超棒的謝謝你們TTTTTT【涅默Nemesis】,2024-02-12T17:48:12Z,https://www.youtube.com/watch?v=JLwKBl8Y4q0,https://i.ytimg.com/vi/JLwKBl8Y4q0/mqdefault.jpg
5535c9524eb046c38e172ebfa06b302f,19562,🔵【崩壞：星穹鐵道】🚀滿星魂滿疊影黑天鵝來我家！全新混沌回憶直接上陣！配裝&抽取建議在線疑難全都問~ ▹璐洛洛◃,2024-02-06T16:03:33Z,https://www.youtube.com/watch?v=Rdk_ycgqyuc,https://i.ytimg.com/vi/Rdk_ycgqyuc/mqdefault.jpg
4544974bc5624035ae7bb0c9ed33e44e,19555,【偷薪水】醒醒吧狗都沒你這麼累。直式配信。【瓦西瓦瓦 / Vaswawa】(兔兔別看),2024-02-06T08:02:57Z,https://www.youtube.com/watch?v=iaoKTYt4j5g,https://i.ytimg.com/vi/iaoKTYt4j5g/mqdefault.jpg
512b64ec20174d018540516e9edf2b2f,19518,旅遊直播！碧潭還是烏來？我還沒有想法😭樂奈的開車直播/直式直播！,2024-02-07T10:21:21Z,https://www.youtube.com/watch?v=AnHlAsfOlRM,https://i.ytimg.com/vi/AnHlAsfOlRM/mqdefault.jpg
5535c9524eb046c38e172ebfa06b302f,19463,🔴AR60 ASIA【#原神 / Genshin】辣個女人&草神代抽預約中，周日也能健檢《星穹鐵道》，萌新健檢&滷肉幫到你家 ▹璐洛洛◃,2024-01-28T18:02:29Z,https://www.youtube.com/watch?v=zh1TbtJHFkA,https://i.ytimg.com/vi/zh1TbtJHFkA/mqdefault.jpg
c82ab1b4f8f64d1f84cae4ce09aa0dea,19458,最後的摳摳｜汐Seki｜!週邊 !指令,2024-02-07T13:50:07Z,https://www.twitch.tv/videos/2055819223,https://static-cdn.jtvnw.net/cf_vods/d3vd9lfkzbru3h/6534d96273ed75f07356_seki_meridian_41046221015_1707313801//thumb/thumb0-%{width}x%{height}.jpg
f6a4e7aa8d0c4e5cb39d199845ec4d02,19431,【杏仁ミル】明天動漫節跟天木純有舞台活動唷 | !5周年 !3C !咪嚕水 @vtuber_amiru,2024-02-02T13:21:04Z,https://www.twitch.tv/videos/2050886015,https://static-cdn.jtvnw.net/cf_vods/d3vd9lfkzbru3h/524c562e3e9a3b68ba21_vtuber_amiru_41030990311_1706880058//thumb/thumb0-%{width}x%{height}.jpg
6c872a4043b84e4493877a42af684d1d,19344,我要把綠界的位置換掉.. #台V #vtuber #台v精華 #Vtuberclip #銀河galaxy #vtuber中文 #台vtuber #shorts,2024-02-07T10:29:00Z,https://www.youtube.com/watch?v=s3j3CXeQtsQ,https://i.ytimg.com/vi/s3j3CXeQtsQ/mqdefault.jpg
e93bd1102e214cbaa71cc5b2e4a53595,19302,【女神異聞錄：夜幕魅影】《P5X》辣個好玩遊戲終於來惹～一起來見證一下！【厄倫蒂兒 Earendel】 ░ @earendelxdfp !指令 !隊友,2024-01-25T13:28:13Z,https://www.twitch.tv/videos/2043122537,https://static-cdn.jtvnw.net/cf_vods/d3vd9lfkzbru3h/03aa45579be6c5b70f18_earendelxdfp_41007328023_1706189285//thumb/thumb0-%{width}x%{height}.jpg
58abad4aa8de49efb785367503dfd92c,19289,正港薔薔示範你們香港獨有的告白方式💗不幹下去可是會害羞的！#台v #hkvtuber #shorts #vtuberclip #vtuber中文 #台灣vtuber #台v精華#野薔薇ASMR,2024-01-16T04:36:49Z,https://www.youtube.com/watch?v=4-NT-p7eO3k,https://i.ytimg.com/vi/4-NT-p7eO3k/mqdefault.jpg
334133534368487780dfa99b7c9f5949,19288,一分鐘學會馬鈴薯煎餅🥔 #cooking #lifestyle #vtuber,2024-01-17T07:02:30Z,https://www.youtube.com/watch?v=OcjWeeSFoYA,https://i.ytimg.com/vi/OcjWeeSFoYA/mqdefault.jpg
c82ab1b4f8f64d1f84cae4ce09aa0dea,19212,【歌回】冷冷的冬天適合聽傷心的歌｜汐Seki,2024-01-14T15:08:45Z,https://www.youtube.com/watch?v=02GPVnoNpH4,https://i.ytimg.com/vi/02GPVnoNpH4/mqdefault.jpg
4fd17e8877024633876c5d85bc81e56b,19185,主播對觀眾的評價  #台V #vtuber #台灣vtuber #vtuber中文  #vtuberclip #光頭Vtuber #atamahikari,2024-01-28T10:10:00Z,https://www.youtube.com/watch?v=YkA_QwWvcrs,https://i.ytimg.com/vi/YkA_QwWvcrs/mqdefault.jpg
4544974bc5624035ae7bb0c9ed33e44e,19185,【偷薪水】為什麼一轉眼又是星期一了。直式配信。,2024-01-15T07:14:49Z,https://www.youtube.com/watch?v=W0bk30EP5DM,https://i.ytimg.com/vi/W0bk30EP5DM/mqdefault.jpg
a9f6574e98f34b20a05269134930fb50,19162,【COVER】INTERNET YAMERO / Möchikomame,2024-01-19T12:00:00Z,https://www.youtube.com/watch?v=0r-FgWtB_U0,https://i.ytimg.com/vi/0r-FgWtB_U0/mqdefault.jpg
c82ab1b4f8f64d1f84cae4ce09aa0dea,19120,【辦桌歌回】誰要芭樂汁？歡迎來吃青梅流水席 ft. @HibikiVtuber｜汐Seki,2024-02-04T15:43:36Z,https://www.youtube.com/watch?v=7sZcMm1rUfE,https://i.ytimg.com/vi/7sZcMm1rUfE/mqdefault.jpg
ce2a2c07a74640fc8d3b39d022b16dd9,19058,「歌回」年前最後一次炸喉嚨歌回！耐久!不到4萬訂閱不睡覺!,2024-02-03T18:42:56Z,https://www.youtube.com/watch?v=T8bZN179EoI,https://i.ytimg.com/vi/T8bZN179EoI/mqdefault.jpg
512b64ec20174d018540516e9edf2b2f,19041,「開車直播」內湖的大湖公園看鴨鴨🦆🪿和你可愛的老婆一起！直式直播,2024-02-09T07:33:43Z,https://www.youtube.com/watch?v=ymbvXD6uhO4,https://i.ytimg.com/vi/ymbvXD6uhO4/mqdefault.jpg
c65e7caaf81a43249d5132b9fe312b24,18989,【NEW OUTFIT DEBUT】WE'RE OUT THE CLOSET WITH THIS ONE,2024-02-04T03:59:46Z,https://www.youtube.com/watch?v=OFuFElXWYdg,https://i.ytimg.com/vi/OFuFElXWYdg/mqdefault.jpg
f6a4e7aa8d0c4e5cb39d199845ec4d02,18941,【杏仁ミル】新年快樂 | !5周年 !3C !咪嚕水 @vtuber_amiru,2024-02-09T16:34:15Z,https://www.twitch.tv/videos/2057833453,https://static-cdn.jtvnw.net/cf_vods/d3vd9lfkzbru3h/d6d9e9be9742dcafbfa4_vtuber_amiru_41052382823_1707496448//thumb/thumb0-%{width}x%{height}.jpg
fa5a7cdc259543259af42bb23f1e4041,18889,【515 唱歌】七萬訂閱後第一次唱歌,2024-02-03T16:09:27Z,https://www.youtube.com/watch?v=oUXcjOKCj5Q,https://i.ytimg.com/vi/oUXcjOKCj5Q/mqdefault.jpg
5535c9524eb046c38e172ebfa06b302f,18809,魈21秒KO水形幻人💥 @MangoGamingGenshinImpact  #原神 #genshinimpact,2024-01-17T10:30:03Z,https://www.youtube.com/watch?v=8eN14sWkMoM,https://i.ytimg.com/vi/8eN14sWkMoM/mqdefault.jpg
729621ce509b4641ad8cde76dec037d0,18789,✧縱型歌回#17✧又來陪大家偷薪水囉~！！快新年快放假了加油啊！！！希妮·亞里絲🤍SinnieAris✨#哥勢,2024-02-07T10:52:51Z,https://www.youtube.com/watch?v=uE3ImNoK7Vg,https://i.ytimg.com/vi/uE3ImNoK7Vg/mqdefault.jpg
cd42e06c40534d9eac7e30a434e47d43,18709,【突擊歌回】晚安 您好 您的噩夢帕豹來了! ♡  嗷嗚~ #vtuber,2024-01-28T20:15:43Z,https://www.youtube.com/watch?v=93Vq3JZdUC4,https://i.ytimg.com/vi/93Vq3JZdUC4/mqdefault.jpg
31f17632340f4e7fbd0ced07193dd81b,18694,【回娘家 ! 】掛著讓你們看看我 ~ 等我忙完繼續加班 !  #3,2024-02-11T04:57:33Z,https://www.youtube.com/watch?v=_rshpm3W-mI,https://i.ytimg.com/vi/_rshpm3W-mI/mqdefault.jpg
31f17632340f4e7fbd0ced07193dd81b,18687,【加班台】狐心大悅 ! 加班台直播🦊恭迎娘娘強勢回歸🧨 #1【達亞】,2024-02-10T04:41:55Z,https://www.youtube.com/watch?v=vx3xgCeXkgc,https://i.ytimg.com/vi/vx3xgCeXkgc/mqdefault.jpg
e93bd1102e214cbaa71cc5b2e4a53595,18552,SL箱伺服器啟動！花好月圓蓋新家！ ░ @earendelxdfp !指令 !隊友,2024-01-25T07:40:50Z,https://www.twitch.tv/videos/2042992849,https://static-cdn.jtvnw.net/cf_vods/d3vd9lfkzbru3h/12c2f42a43534fe5f37c_earendelxdfp_41006205767_1706168443//thumb/thumb0-%{width}x%{height}.jpg
9e64bba43928414884503de36f805c48,18532,1/17 我很好 沒事 今天要來抽輪迴嗎? | 掛台抽哀鳳 | YT訂閱不用錢 !YT,2024-01-17T12:11:55Z,https://www.twitch.tv/videos/2035190035,https://static-cdn.jtvnw.net/cf_vods/d3vd9lfkzbru3h/78dd3cc0c61a45cc8148_wen620_40982789159_1705493507//thumb/thumb0-%{width}x%{height}.jpg
e93bd1102e214cbaa71cc5b2e4a53595,18448,【伴睡歌回】周一固定的情緒整理：選了一些像是在唱你的故事的歌，願意來聽聽看嗎？░  睡眠導入歌枠｜Singing Stream,2024-01-29T17:33:11Z,https://www.youtube.com/watch?v=Gno1_1ri9OI,https://i.ytimg.com/vi/Gno1_1ri9OI/mqdefault.jpg
ec65566d949944ffb1e2723f97ded6e0,18423,【手手鑑賞】開箱觀眾們的手!!可惡怎麼大家的手都這麼好看【蘭斯洛特．拉法葉】,2024-02-04T15:18:38Z,https://www.youtube.com/watch?v=w-MHD72UOZk,https://i.ytimg.com/vi/w-MHD72UOZk/mqdefault.jpg
e93bd1102e214cbaa71cc5b2e4a53595,18345,【降智模式】 沒辦法Gaki就~是這麼可愛❤️【厄倫蒂兒 Earendel】,2024-01-14T04:00:12Z,https://www.youtube.com/watch?v=ZuyE89h4iTs,https://i.ytimg.com/vi/ZuyE89h4iTs/mqdefault.jpg
b4a1791208fd4d85b7b08ee2bad0c236,18301,胸部很大的人站著看不到腳趾？！#shorts  #vtuber #瑪格麗特諾爾絲,2024-02-05T11:00:55Z,https://www.youtube.com/watch?v=sqaJ0BZTYYw,https://i.ytimg.com/vi/sqaJ0BZTYYw/mqdefault.jpg
cd42e06c40534d9eac7e30a434e47d43,18254,終於有人懂我了!! 這個明明就那麼好玩 #vtuber #帕豹pabo #shorts #short,2024-02-01T00:00:13Z,https://www.youtube.com/watch?v=S-WFibwEZkw,https://i.ytimg.com/vi/S-WFibwEZkw/mqdefault.jpg
e93bd1102e214cbaa71cc5b2e4a53595,18146,【Poppy Playtime】週六晚上不准睡！陪我玩恐遊罷脫🤣🤣🤣🤣 #poppyplaytimechapter3 ｜Gaming Stream,2024-02-03T17:17:44Z,https://www.youtube.com/watch?v=7WB7606tN0g,https://i.ytimg.com/vi/7WB7606tN0g/mqdefault.jpg
fa5a7cdc259543259af42bb23f1e4041,18071,【515 突發】噓...我們聊聊,2024-01-31T16:31:45Z,https://www.youtube.com/watch?v=eeonZh70TGs,https://i.ytimg.com/vi/eeonZh70TGs/mqdefault.jpg
0bf0ec441dc6489583f7218e02ab6a89,18047,🔴【新年刮刮樂】02/07 21:00 驚！某主播2000中千萬！大UU鏡頭開啟！【香草奈若】,2024-02-07T21:53:37Z,https://www.youtube.com/watch?v=Bn7gxnz-mjQ,https://i.ytimg.com/vi/Bn7gxnz-mjQ/mqdefault.jpg
9d9c6477329245cbb2557895f4f15686,17969,"/ᐠ. ̫ .ᐟ\ 0118 是誰偷換了我的脖子.ᐟ.ᐟ 超級感謝達成層八,新cover製作確定 ⸜♡⸝ ✿ !LINE !周邊 !DC !COVER",2024-01-16T09:31:25Z,https://www.twitch.tv/videos/2034155866,https://static-cdn.jtvnw.net/cf_vods/d3vd9lfkzbru3h/e844fa3f0a2dd7cdedba_iitifox_40979349399_1705397479//thumb/thumb0-%{width}x%{height}.jpg
7c06b9e316ce4ac18ce836cd72442bbe,17961,MY FIRST STORY - 告白 / 浠Mizuki【歌ってみた】,2024-01-27T16:08:11Z,https://www.youtube.com/watch?v=6MtLW2xYz48,https://i.ytimg.com/vi/6MtLW2xYz48/mqdefault.jpg
6c872a4043b84e4493877a42af684d1d,17902,「練歌」縱型直播！今天練什麼歌好呢... Singing Stream【銀河Galaxy】#shorts,2024-01-23T11:35:02Z,https://www.youtube.com/watch?v=ru3ACApHahU,https://i.ytimg.com/vi/ru3ACApHahU/mqdefault.jpg
c82ab1b4f8f64d1f84cae4ce09aa0dea,17865,大年初三快吃成森猛瑪｜汐Seki｜!週邊 !指令,2024-02-12T11:18:56Z,https://www.twitch.tv/videos/2060603863,https://static-cdn.jtvnw.net/cf_vods/d3vd9lfkzbru3h/101bfdce1bf0b62fac71_seki_meridian_41059757479_1707736729//thumb/thumb0-%{width}x%{height}.jpg
5535c9524eb046c38e172ebfa06b302f,17849,滿命閒雲才有的超爽趕路!!🤩 #genshinimpact #璐洛洛 #原神,2024-02-09T10:00:35Z,https://www.youtube.com/watch?v=jLBhG__lpYU,https://i.ytimg.com/vi/jLBhG__lpYU/mqdefault.jpg
5535c9524eb046c38e172ebfa06b302f,17839,🔴AR60 ASIA【#原神 / Genshin】4.4卡池抽取建議全都問，周日也能健檢《星穹鐵道》，萌新健檢&滷肉幫到你家 ▹璐洛洛◃,2024-01-21T20:24:03Z,https://www.youtube.com/watch?v=j0c4CNVNDV4,https://i.ytimg.com/vi/j0c4CNVNDV4/mqdefault.jpg
9d9c6477329245cbb2557895f4f15686,17832,/ᐠ. ̫ .ᐟ\ 0129 今天三點連動 跟YUZUMI 咪嚕 Restia 久田 .ᐟ.ᐟ 贈訂小奇點達標記得填表單領回饋 ⸜♡⸝ ✿ !LINE !周邊 !DC !COVER,2024-01-29T06:24:52Z,https://www.twitch.tv/videos/2046960007,https://static-cdn.jtvnw.net/cf_vods/d3vd9lfkzbru3h/6126a23417b6df698f58_iitifox_41018318103_1706509485//thumb/thumb0-%{width}x%{height}.jpg
fa5a7cdc259543259af42bb23f1e4041,17668,抖音並不腦殘 ? #Vtuber #vtuberclips #台v精華 #515#515x20,2024-01-15T10:58:12Z,https://www.youtube.com/watch?v=HC380o29j4k,https://i.ytimg.com/vi/HC380o29j4k/mqdefault.jpg
1a520f3d2665454f985490e42467ae27,17611,#2024功德+ 甲辰迎春 春節聯歡晚會 #Shorts,2024-01-25T11:00:07Z,https://www.youtube.com/watch?v=8ue7-uO6t98,https://i.ytimg.com/vi/8ue7-uO6t98/mqdefault.jpg
60282d578bb747b8b232dba81168a5b6,17581,5MA之歌 Shorts ver. | 冰霧Eisnebel #5machallenge,2024-01-31T10:00:24Z,https://www.youtube.com/watch?v=b7goxzEg4_M,https://i.ytimg.com/vi/b7goxzEg4_M/mqdefault.jpg
2694a505a0e0441bb99b49e8ce1f7473,17575,【2/4】DAY13 今天吃披薩｜紅包活動記得填表單抽獎 !紅包｜!yt !綠界 !會員 !7tv !指令 !勇士,2024-02-04T14:14:59Z,https://www.twitch.tv/videos/2053015156,https://static-cdn.jtvnw.net/cf_vods/d3vd9lfkzbru3h/7b27d2f159cfb85779eb_kannazukilubee_41037540183_1707056093//thumb/thumb0-%{width}x%{height}.jpg
2741a90689f342548daad7f760b0a8f7,17564,【詭異蝦皮商品】第一名要買下來！？【希翁／Chion】,2024-02-04T00:46:46Z,https://www.youtube.com/watch?v=ELfEsw6be_4,https://i.ytimg.com/vi/ELfEsw6be_4/mqdefault.jpg
bafb134fd2f849898d6242d1f5f683cc,17516,晴る (Sunny) - ヨルシカ／涅默Nemesis【Cover】,2024-02-04T11:00:11Z,https://www.youtube.com/watch?v=EawFVmD59_M,https://i.ytimg.com/vi/EawFVmD59_M/mqdefault.jpg
73b97b1a35c84579aa8ffcd6534efad3,17340,【金音時刻】縱型直播歌回✨ 今天來跟大家聊聊天隨意唱唱歌 #初見安安,2024-01-21T17:26:16Z,https://www.youtube.com/watch?v=9In3Y8czpfY,https://i.ytimg.com/vi/9In3Y8czpfY/mqdefault.jpg
3f4650e05ceb41008bd16869780b7af1,17298,【貓咪小教室】貓咪大戰爭宣布越南大戰合作回歸！？#shorts #台灣vtuber #貓咪大戰爭,2024-01-19T11:05:24Z,https://www.youtube.com/watch?v=i9xzVpIIriI,https://i.ytimg.com/vi/i9xzVpIIriI/mqdefault.jpg
5535c9524eb046c38e172ebfa06b302f,17277,【原神研究室】閒雲 [清水玉] 81個效率路線攻略💧▸帶你找到可愛古龜、商店&一次性調查快速拿滿，沉玉谷音樂陪你抄作業 ▹璐洛洛◃,2024-02-02T14:30:09Z,https://www.youtube.com/watch?v=sh6Gw6mB9ZU,https://i.ytimg.com/vi/sh6Gw6mB9ZU/mqdefault.jpg
4544974bc5624035ae7bb0c9ed33e44e,17202,【偷薪水】加油...快要...可以...放假了...。直式配信。【瓦西瓦瓦 / Vaswawa】,2024-02-05T07:56:12Z,https://www.youtube.com/watch?v=TJAOjO4EghI,https://i.ytimg.com/vi/TJAOjO4EghI/mqdefault.jpg
4571c7a211b945f3b608c0066f7e73e4,17188,【幻獸帕魯Palworld】伺服器參數設定📚手把手教會你🤝孵蛋可以加快啦🥳️,2024-01-23T17:10:36Z,https://www.youtube.com/watch?v=3BOohe8yXCE,https://i.ytimg.com/vi/3BOohe8yXCE/mqdefault.jpg
f6a4e7aa8d0c4e5cb39d199845ec4d02,17073,【杏仁ミル】霧鎖時間 | !5周年 !3C !咪嚕水 @vtuber_amiru,2024-01-27T14:50:04Z,https://www.twitch.tv/videos/2045188789,https://static-cdn.jtvnw.net/cf_vods/d3vd9lfkzbru3h/fab11ad240b3e204eb14_vtuber_amiru_41013854871_1706366999//thumb/thumb0-%{width}x%{height}.jpg
8bf35c3b9a9e461d825a9170555b71c2,16985,【歌回】中文歌回，大家都說我唱的歌很老｜澪Rei,2024-01-25T16:15:49Z,https://www.youtube.com/watch?v=UFpIdY6Ek6w,https://i.ytimg.com/vi/UFpIdY6Ek6w/mqdefault.jpg
3f4650e05ceb41008bd16869780b7af1,16935,這就是主播的運氣！#shorts  #台灣vtuber #vtuber,2024-01-29T11:30:28Z,https://www.youtube.com/watch?v=bNmjQ2XxOwA,https://i.ytimg.com/vi/bNmjQ2XxOwA/mqdefault.jpg
1c5619a4ece046dd8ba68ed343489ca3,16928,中國人動手動腳，台灣小哥忍無可忍！爆氣了❗❗,2024-02-01T11:55:34Z,https://www.youtube.com/watch?v=rXTm32ufga4,https://i.ytimg.com/vi/rXTm32ufga4/mqdefault.jpg
a000aa1d3ea7489c993277d33ab2457e,16920,【午餐配月】午安!今天過年大家!!!祝大家新年快樂~晚上也會開台喔⌇幻月Moondogs,2024-02-09T07:18:34Z,https://www.youtube.com/watch?v=tmk7-BNC78I,https://i.ytimg.com/vi/tmk7-BNC78I/mqdefault.jpg
31f17632340f4e7fbd0ced07193dd81b,16886,【加班台】狐心大悅 ! 加班台直播🦊恭迎娘娘強勢回歸🧨 #2,2024-02-10T12:05:23Z,https://www.youtube.com/watch?v=c-SY5okT84s,https://i.ytimg.com/vi/c-SY5okT84s/mqdefault.jpg
334133534368487780dfa99b7c9f5949,16860,一分鐘學會台灣酸辣湯 🍲 #cooking #lifestyle #vtuber,2024-01-27T01:00:22Z,https://www.youtube.com/watch?v=tDN73dQu0xI,https://i.ytimg.com/vi/tDN73dQu0xI/mqdefault.jpg
4544974bc5624035ae7bb0c9ed33e44e,16797,【偷薪水】如果可以投胎我想當一隻海參。直式配信【瓦西瓦瓦 / Vaswawa】,2024-01-30T07:52:16Z,https://www.youtube.com/watch?v=kR6q7NkivPg,https://i.ytimg.com/vi/kR6q7NkivPg/mqdefault.jpg
f99b7c49c1c8472681987ac2d1ff87bc,16747,TGS台北國際電玩展戶外台逛逛 !日程 !VPN,2024-01-28T08:10:04Z,https://www.twitch.tv/videos/2046027363,https://static-cdn.jtvnw.net/cf_vods/d3vd9lfkzbru3h/c7afb01f07b59512799b_restiafps_41015695463_1706429398//thumb/thumb0-%{width}x%{height}.jpg
e93bd1102e214cbaa71cc5b2e4a53595,16722,【伴睡歌回】天冷時更容易感到疲憊及心累，想送一些暖心易產生共鳴的歌曲送給你  ░  睡眠導入歌枠｜Singing Stream,2024-01-22T15:26:35Z,https://www.youtube.com/watch?v=YfGtdw2PjfY,https://i.ytimg.com/vi/YfGtdw2PjfY/mqdefault.jpg
334133534368487780dfa99b7c9f5949,16597,一分鐘學會炒莖萵苣 🥬 #cooking #lifestyle #vtuber,2024-01-30T07:05:26Z,https://www.youtube.com/watch?v=b__kY_6HXzg,https://i.ytimg.com/vi/b__kY_6HXzg/mqdefault.jpg
e93bd1102e214cbaa71cc5b2e4a53595,16567,【伴睡歌回】年節前最後的一週辛苦了，想為你唱些EMO且共鳴強烈的歌分攤你的疲憊 ░  睡眠導入歌枠｜Singing Stream,2024-02-05T15:48:39Z,https://www.youtube.com/watch?v=SG79uwk4tlc,https://i.ytimg.com/vi/SG79uwk4tlc/mqdefault.jpg
1323f1b775bf43659f8b8ec2899522cd,16525,【歌回】來唱唱歌!!!🐸🍁縱型直播 !!,2024-02-09T05:06:42Z,https://www.youtube.com/watch?v=RkRichkJtZY,https://i.ytimg.com/vi/RkRichkJtZY/mqdefault.jpg
5535c9524eb046c38e172ebfa06b302f,16454,【兔星保衛戰】什麼?你跟我說這東西叫兔子!?🤣惡搞風休閒放置遊戲，玩法、隊伍、試玩攻略！▹璐洛洛◃,2024-01-21T12:00:08Z,https://www.youtube.com/watch?v=Z1zjRkhoxBI,https://i.ytimg.com/vi/Z1zjRkhoxBI/mqdefault.jpg
2741a90689f342548daad7f760b0a8f7,16435,【Youtube播放清單審查】來看我的觀眾平常都在看什麼【希翁／Chion】,2024-01-25T16:45:02Z,https://www.youtube.com/watch?v=Xtt_RWE_cZw,https://i.ytimg.com/vi/Xtt_RWE_cZw/mqdefault.jpg
9cec24b011ee45648eb404066c997f49,16397,【早安煮早餐】第一次嘗試開鏡頭煮飯，同時也有新的香香的...恩...？(　◜◡‾)█熙歌Cygnus,2024-01-19T03:14:46Z,https://www.youtube.com/watch?v=_gp-Uk9uRbg,https://i.ytimg.com/vi/_gp-Uk9uRbg/mqdefault.jpg
4544974bc5624035ae7bb0c9ed33e44e,16312,【偷薪水】好扯，我竟然早睡早起還洗了澡==！直式配信。【瓦西瓦瓦 / Vaswawa】,2024-01-31T07:19:31Z,https://www.youtube.com/watch?v=B0pUmvJTIgc,https://i.ytimg.com/vi/B0pUmvJTIgc/mqdefault.jpg
312fdd3c5e6d4aefa73fd3860ecc5613,16293,🐺躺著賺錢 #shorts,2024-02-02T10:00:20Z,https://www.youtube.com/watch?v=OKsxlZZED8M,https://i.ytimg.com/vi/OKsxlZZED8M/mqdefault.jpg
5535c9524eb046c38e172ebfa06b302f,16230,🔴AR60 ASIA【#原神 / Genshin】肝肝肝、農農農、忙忙忙(作業台)  ▹ @ruroroisme ◃,2024-02-01T16:23:32Z,https://www.twitch.tv/videos/2050049914,https://static-cdn.jtvnw.net/cf_vods/d3vd9lfkzbru3h/5b641ce6f23caee301fb_ruroroisme_41028620983_1706804603//thumb/thumb0-%{width}x%{height}.jpg
e93bd1102e214cbaa71cc5b2e4a53595,16124,【Poppy Playtime3】最喜翻恐遊惹！請來陪我玩完一起長腦子霸脫d(`･∀･)b　 #poppyplaytimechapter3 ｜Gaming Stream,2024-02-06T15:54:10Z,https://www.youtube.com/watch?v=zra5yNzp0iE,https://i.ytimg.com/vi/zra5yNzp0iE/mqdefault.jpg
312fdd3c5e6d4aefa73fd3860ecc5613,16086,我們收到新床包組了，但是晴天… #shorts #森森鈴蘭 #寵物,2024-02-09T19:46:36Z,https://www.youtube.com/watch?v=pmu-dJEb4KY,https://i.ytimg.com/vi/pmu-dJEb4KY/mqdefault.jpg
31f17632340f4e7fbd0ced07193dd81b,16001,【加班台】狐心大悅 ! 加班台直播🦊恭迎娘娘強勢回歸🧨 #4,2024-02-12T04:27:04Z,https://www.youtube.com/watch?v=abP9LztC088,https://i.ytimg.com/vi/abP9LztC088/mqdefault.jpg
0641a9c8b9a94994aaa33e0c86fef75b,15983,【雜談】庫庫庫庫庫雜談時間又來ㄌ【庫洛姆Kuromu】#台灣Vtuber #庫洛姆,2024-01-30T16:41:44Z,https://www.youtube.com/watch?v=wlD64SQdOaY,https://i.ytimg.com/vi/wlD64SQdOaY/mqdefault.jpg
49bb221fc77f440cae0c007a73f99aab,15944,加班 Day4 ⋮ !加班 !尼魯貼圖 !DC !綠界,2024-01-15T04:40:22Z,https://www.twitch.tv/videos/2033054654,https://static-cdn.jtvnw.net/cf_vods/d3vd9lfkzbru3h/dc2777241a0be1454bcc_ukuruniru_40975884935_1705293615//thumb/thumb0-%{width}x%{height}.jpg
2694a505a0e0441bb99b49e8ce1f7473,15921,【1/22】紅包最後一天！今天怎麼那麼冷Q｜1/11-22紅包活動 !紅包｜!yt !綠界 !會員 !7tv !指令 !勇士,2024-01-22T12:01:25Z,https://www.twitch.tv/videos/2040228598,https://static-cdn.jtvnw.net/cf_vods/d3vd9lfkzbru3h/ee59d587d3957036ad14_kannazukilubee_40997904807_1705924878//thumb/thumb0-%{width}x%{height}.jpg
cd42e06c40534d9eac7e30a434e47d43,15915,觀眾的白目問題讓阿豹差點燒起來？我真的謝謝你欸= = #vtuber #vtuber #帕豹pabo #shorts #short,2024-02-07T00:00:09Z,https://www.youtube.com/watch?v=oZoNwAa0Ao8,https://i.ytimg.com/vi/oZoNwAa0Ao8/mqdefault.jpg
5535c9524eb046c38e172ebfa06b302f,15913,🔴AR60 ASIA【#原神 / Genshin】隔壁棚『黑天鵝』代抽預約中，周日也能健檢《星穹鐵道》，萌新健檢&滷肉幫到你家 ▹璐洛洛◃,2024-02-04T16:56:16Z,https://www.youtube.com/watch?v=2DVbXUtW48M,https://i.ytimg.com/vi/2DVbXUtW48M/mqdefault.jpg
ba562aad440d483e988d3ce7e7217c94,15904,[貓宮香草]  1/20 沉迷,2024-01-20T06:07:57Z,https://www.twitch.tv/videos/2038023442,https://static-cdn.jtvnw.net/cf_vods/d3vd9lfkzbru3h/7137de284586131a806f_vanilla_shironeko_40990835607_1705730872//thumb/thumb0-%{width}x%{height}.jpg
e93bd1102e214cbaa71cc5b2e4a53595,15863,【動漫節陪你排隊】想聽歌？還是跟我聊聊天呢？星期天早上的特別直播，蒂兒牌提醒喝水鬧鐘上線囉(估計會很睏)  ░  イベントライブ配信｜Special Stream,2024-02-04T06:16:29Z,https://www.youtube.com/watch?v=api5kp-fHJU,https://i.ytimg.com/vi/api5kp-fHJU/mqdefault.jpg
b4a1791208fd4d85b7b08ee2bad0c236,15828,【直式直播】酒與歌🌼 #shorts #瑪格麗特諾爾絲 #vtuber #箱箱thebox,2024-02-06T16:53:36Z,https://www.youtube.com/watch?v=Oj5tYx-yVPY,https://i.ytimg.com/vi/Oj5tYx-yVPY/mqdefault.jpg
3f4650e05ceb41008bd16869780b7af1,15807,這肯定是史上最屌單抽！#shorts  #台灣vtuber #vtuber,2024-02-11T11:22:02Z,https://www.youtube.com/watch?v=6Y0cHvqh6ds,https://i.ytimg.com/vi/6Y0cHvqh6ds/mqdefault.jpg
dcebd098c3ea479ba2b0e32a2696a5ec,15800,用6種語言唱Seven #vtuber #台灣Vtuber #新人vtuber #擴散希望 #seven #short #cover #sevencover,2024-01-29T11:27:12Z,https://www.youtube.com/watch?v=Px-CuMIlceI,https://i.ytimg.com/vi/Px-CuMIlceI/mqdefault.jpg
5535c9524eb046c38e172ebfa06b302f,15794,『飛雷之弦振』還能給誰用？ #宵宮 #璐洛洛 #原神,2024-01-25T10:00:08Z,https://www.youtube.com/watch?v=E6v8KaRQoic,https://i.ytimg.com/vi/E6v8KaRQoic/mqdefault.jpg
512b64ec20174d018540516e9edf2b2f,15758,藏壽司沒位😡😡😡😡😡😡直式直播中,2024-02-13T03:00:28Z,https://www.youtube.com/watch?v=1eIhSQtAba4,https://i.ytimg.com/vi/1eIhSQtAba4/mqdefault.jpg
98e3a5838fec4a6caa936ae35485de23,15736,【瓜眾的福利！】瓜與獺的台詞回！究竟是贏了卻也輸了，還是輸了卻贏了？🍻ft. 哈瓜【露恰露恰．Vtuber】,2024-02-06T17:38:55Z,https://www.youtube.com/watch?v=nVaJo8qR01E,https://i.ytimg.com/vi/nVaJo8qR01E/mqdefault.jpg
e93bd1102e214cbaa71cc5b2e4a53595,15736,【Poppy Playtime3】求陪！我不敢說今天會玩完，但至少沒有輔導老師了我很開心( ×ω× )　 #poppyplaytimechapter3 ｜Gaming Stream,2024-02-07T16:29:06Z,https://www.youtube.com/watch?v=dEZxyz4jAK8,https://i.ytimg.com/vi/dEZxyz4jAK8/mqdefault.jpg
b4a1791208fd4d85b7b08ee2bad0c236,15671,【直式直播】寶貝早安🌼 #shorts #瑪格麗特諾爾絲 #vtuber #箱箱thebox,2024-02-03T01:43:59Z,https://www.youtube.com/watch?v=XUgi9CySj0c,https://i.ytimg.com/vi/XUgi9CySj0c/mqdefault.jpg
6c872a4043b84e4493877a42af684d1d,15633,「#宇宙歌枠 164」40000衝刺突發 阿乾不行我還是要見證一下四萬啊啊啊啊啊！初見大歡迎 Singing Stream【銀河Galaxy】#shorts,2024-01-27T17:00:31Z,https://www.youtube.com/watch?v=nS0i6y4kUXY,https://i.ytimg.com/vi/nS0i6y4kUXY/mqdefault.jpg
cd42e06c40534d9eac7e30a434e47d43,15618,不許你們說我斜咖!! 阿豹可是因為夢天堂連結被ban台的女人!!#vtuber #帕豹pabo #shorts #short,2024-02-02T00:00:16Z,https://www.youtube.com/watch?v=_TFXUdB9cmY,https://i.ytimg.com/vi/_TFXUdB9cmY/mqdefault.jpg
abd64c9a64e04fb1b23faa2480c1c106,15612,Poppy Playtime 3 來自玩具工廠的最新警告，全新手手用途 ? 醫院與改造 ? 已確定正式發售日期 ? 一起進來看看討論,2024-01-27T12:57:33Z,https://www.youtube.com/watch?v=wMenfVP9XwE,https://i.ytimg.com/vi/wMenfVP9XwE/mqdefault.jpg
31f17632340f4e7fbd0ced07193dd81b,15559,【加班台】今天讓我工作一下 ! 不然來不及 ! 狐心大悅 ! 加班台直播🦊恭迎娘娘強勢回歸🧨 #5,2024-02-13T00:56:43Z,https://www.youtube.com/watch?v=yHR3prW31EQ,https://i.ytimg.com/vi/yHR3prW31EQ/mqdefault.jpg
f6a4e7aa8d0c4e5cb39d199845ec4d02,15547,【杏仁ミル】今天有好吃水果 | !5周年 !3C !咪嚕水 @vtuber_amiru,2024-01-28T13:47:41Z,https://www.twitch.tv/videos/2046189737,https://static-cdn.jtvnw.net/cf_vods/d3vd9lfkzbru3h/2569721b5e0df28044fd_vtuber_amiru_41016752951_1706449656//thumb/thumb0-%{width}x%{height}.jpg
512b64ec20174d018540516e9edf2b2f,15538,夜間開車直播🥺要去哪裡呢…💚？我們來閒聊吧！直式直播！,2024-02-01T05:08:51Z,https://www.youtube.com/watch?v=xewuZsD2gv0,https://i.ytimg.com/vi/xewuZsD2gv0/mqdefault.jpg
512b64ec20174d018540516e9edf2b2f,15527,開車直播🦉🚗樂奈的直式直播 #vlog #日常 #生活,2024-02-12T10:38:18Z,https://www.youtube.com/watch?v=8CBpoGX3B9c,https://i.ytimg.com/vi/8CBpoGX3B9c/mqdefault.jpg
cd42e06c40534d9eac7e30a434e47d43,15511,只有今天限定! 影片最後有福利! #vtuber #shorts #vtuber中文 #帕豹pabo #台灣vtuber #vtuber精華 #vtuberclip,2024-01-22T00:00:03Z,https://www.youtube.com/watch?v=6a_5a3KAX98,https://i.ytimg.com/vi/6a_5a3KAX98/mqdefault.jpg
9cec24b011ee45648eb404066c997f49,15509,熙歌 5MA之歌Challenge #5machallenge █熙歌Cygnus #squarelive #vtuber #春魚工作室 #shorts,2024-02-05T12:00:04Z,https://www.youtube.com/watch?v=5g_Nb3ZltBw,https://i.ytimg.com/vi/5g_Nb3ZltBw/mqdefault.jpg
9e64bba43928414884503de36f805c48,15487,1/21 我覺得我今天會開完欸  !表單 記得填表單 | 掛台抽哀鳳 | YT訂閱不用錢 !YT,2024-01-20T20:38:41Z,https://www.twitch.tv/videos/2038611418,https://static-cdn.jtvnw.net/cf_vods/d3vd9lfkzbru3h/ab14f5504875b1d3f97d_wen620_40993148103_1705783114//thumb/thumb0-%{width}x%{height}.jpg
512b64ec20174d018540516e9edf2b2f,15480,😪😴沒有畫面，卸妝，睡覺，直播！,2024-02-12T03:19:28Z,https://www.youtube.com/watch?v=ZjD9CjAouTQ,https://i.ytimg.com/vi/ZjD9CjAouTQ/mqdefault.jpg
15c9a54b946a40c38c07ea2f9efddfa5,15476,【國際動漫節】現場互動 Day2，今天只有阿基值班！｜煌Kirali,2024-02-02T09:21:30Z,https://www.youtube.com/watch?v=UepUsLHM9fg,https://i.ytimg.com/vi/UepUsLHM9fg/mqdefault.jpg
9ca368e73d514656ade48dc946f55956,15461,【柴製精華】老公天下第一...? #Shorts 【TSMATCH火柴】,2024-01-18T09:00:02Z,https://www.youtube.com/watch?v=2xgUq8dKJ18,https://i.ytimg.com/vi/2xgUq8dKJ18/mqdefault.jpg
b6f68e0e323f45458752f3a7ec6a08f2,15409,【#縱型歌雜】午安🐲唱唱新練和喜歡的曲子!【月下香幽芳YuFang】,2024-02-03T08:39:30Z,https://www.youtube.com/watch?v=kECY8zXXZh8,https://i.ytimg.com/vi/kECY8zXXZh8/mqdefault.jpg
52e472aa762449b585c45a2d578bdf41,15398,唐突發出讓聊天室觀眾覺得瑟瑟的聲音#vtuber #台v #台灣vtuber #新人vtuber 剪輯：匿名,2024-01-30T01:18:39Z,https://www.youtube.com/watch?v=NpcHB5v6bpk,https://i.ytimg.com/vi/NpcHB5v6bpk/mqdefault.jpg
c82ab1b4f8f64d1f84cae4ce09aa0dea,15276,媽媽說翻臉如翻書的女人不可娶 #Shorts,2024-01-15T10:00:24Z,https://www.youtube.com/watch?v=iUtArqHJvNw,https://i.ytimg.com/vi/iUtArqHJvNw/mqdefault.jpg
ea4c1a67c2e445ad8028768616ceb659,15229,【🥞除夕脫衣麻將PK！】新年除夕！想脫你阿罵的衣服嗎紳士們！來比啊還有抽獎ㄜ！【洛可洛斯特 / VTUBER】,2024-02-10T00:19:49Z,https://www.youtube.com/watch?v=mnqeoT-ViUM,https://i.ytimg.com/vi/mnqeoT-ViUM/mqdefault.jpg
9d9c6477329245cbb2557895f4f15686,15196,"這真的是特戰英豪台,而不是直銷系主包嗎? | 稻乙緹",2024-02-06T14:07:43Z,https://www.youtube.com/watch?v=ETH4hTkMzvs,https://i.ytimg.com/vi/ETH4hTkMzvs/mqdefault.jpg
5535c9524eb046c38e172ebfa06b302f,15063,【星穹鐵道】🚀彥卿 [混沌12層－0T通關]▸全員平民光錐！一敗徒弟來雪恥啦！遺器&面板展示 @xiaochujian1124  ▹璐洛洛◃,2024-02-05T14:30:14Z,https://www.youtube.com/watch?v=-lEA5rDZ-YU,https://i.ytimg.com/vi/-lEA5rDZ-YU/mqdefault.jpg
f6a4e7aa8d0c4e5cb39d199845ec4d02,15057,【Poppy playtime3】遊戲工廠新DLC...才不可怕呢一點都不怕:(´◦ω◦｀):【#杏仁ミル】,2024-02-07T17:35:39Z,https://www.youtube.com/watch?v=DyCwUBrV36w,https://i.ytimg.com/vi/DyCwUBrV36w/mqdefault.jpg
6bd49f94afb144e995247388ca8c42a8,15015,【橙Yuzumi】【中/日】 年前上帝視角觀眾場 戰地柚柚班上場囉！ ｜!LINE貼圖,2024-02-08T10:59:23Z,https://www.twitch.tv/videos/2056697935,https://static-cdn.jtvnw.net/cf_vods/d3vd9lfkzbru3h/c129088f185e7083dd1c_yuzumi_neon_41048431399_1707389956//thumb/thumb0-%{width}x%{height}.jpg
2694a505a0e0441bb99b49e8ce1f7473,15011,【1/18】這ㄍ媒婆STORY好可怕｜1/11紅包活動啟動｜!yt !綠界 !會員 !7tv !指令,2024-01-18T12:01:01Z,https://www.twitch.tv/videos/2036143635,https://static-cdn.jtvnw.net/cf_vods/d3vd9lfkzbru3h/79991d23ea7440032d94_kannazukilubee_40985657799_1705579255//thumb/thumb0-%{width}x%{height}.jpg
15c9a54b946a40c38c07ea2f9efddfa5,14992,【歌回】經典中文歌曲，來看看夠不夠經典！｜煌Kirali,2024-01-19T14:23:39Z,https://www.youtube.com/watch?v=a-oXhNd9hrA,https://i.ytimg.com/vi/a-oXhNd9hrA/mqdefault.jpg
fa5a7cdc259543259af42bb23f1e4041,14962,小朋友被一個人丟在家裡要怎麼活 #Vtuber #vtuberclips #台v精華 #515,2024-02-07T08:21:07Z,https://www.youtube.com/watch?v=b2b8jMFJLog,https://i.ytimg.com/vi/b2b8jMFJLog/mqdefault.jpg
15c9a54b946a40c38c07ea2f9efddfa5,14925,【煌Kirali】APEX頂裂展現人體描邊藝術給你看 #新人vtuber #台灣vtuber #煌 #shorts #kirali,2024-02-03T10:00:19Z,https://www.youtube.com/watch?v=SJN9ZAq9b_g,https://i.ytimg.com/vi/SJN9ZAq9b_g/mqdefault.jpg
cd42e06c40534d9eac7e30a434e47d43,14911,被問到如果胸部跟達亞互換會有什麼反應？帕豹：我想去…… @Foxdaya  #vtuber #帕豹pabo #shorts  #short,2024-02-06T00:00:18Z,https://www.youtube.com/watch?v=l4LlTqbPicw,https://i.ytimg.com/vi/l4LlTqbPicw/mqdefault.jpg
9e64bba43928414884503de36f805c48,14898,1/22 今天會!!!!  !vpn  !表單 記得填表單 | 掛台抽哀鳳 | YT訂閱不用錢 !YT,2024-01-21T20:39:14Z,https://www.twitch.tv/videos/2039682410,https://static-cdn.jtvnw.net/cf_vods/d3vd9lfkzbru3h/333f8386204ddeb5b3b4_wen620_40996237799_1705869546//thumb/thumb0-%{width}x%{height}.jpg
5535c9524eb046c38e172ebfa06b302f,14892,🔴AR60 ASIA【#原神 / Genshin】遇上懶貓就是賭，4.4版本新年活動！看直播拿新年好禮，一起來玩吧！ Ft. @LancatOfficial  ▹璐洛洛◃,2024-02-08T16:03:54Z,https://www.youtube.com/watch?v=kG5qSpVVwYM,https://i.ytimg.com/vi/kG5qSpVVwYM/mqdefault.jpg
0641a9c8b9a94994aaa33e0c86fef75b,14872,【poppy playtime3】期待超久ㄉ新篇章!!!來ㄌ!!!!!【庫洛姆Kuromu】#台灣Vtuber #庫洛姆,2024-01-31T19:00:09Z,https://www.youtube.com/watch?v=72YO-b3iIQI,https://i.ytimg.com/vi/72YO-b3iIQI/mqdefault.jpg
3f4650e05ceb41008bd16869780b7af1,14800,【貓咪大戰爭】從零開始的貓戰生活EP100 第一百集啦！爆抽伊邪那岐！,2024-02-09T13:43:01Z,https://www.youtube.com/watch?v=P83cyqPueCY,https://i.ytimg.com/vi/P83cyqPueCY/mqdefault.jpg
e93bd1102e214cbaa71cc5b2e4a53595,14740,【動漫節現場互動】裂開！現場互動時間：今年的我要真實體現體悟心靈祥和。謝謝到現場的各位，買周邊的各位超級感恩！  ░  イベントライブ配信｜Special Stream,2024-02-03T06:52:54Z,https://www.youtube.com/watch?v=kiLG8jkf4SY,https://i.ytimg.com/vi/kiLG8jkf4SY/mqdefault.jpg
a9f6574e98f34b20a05269134930fb50,14721,【活動 15:30～16:00】台北動漫節現場直播　※日本語と中国語/茸茸鼠,2024-02-04T08:34:21Z,https://www.youtube.com/watch?v=Geyax8wMyVI,https://i.ytimg.com/vi/Geyax8wMyVI/mqdefault.jpg
15c9a54b946a40c38c07ea2f9efddfa5,14694,【突發】深夜失眠嗎？那就來聽我唱歌吧！｜煌Kirali,2024-01-22T16:37:33Z,https://www.youtube.com/watch?v=8OYvFo_pWZI,https://i.ytimg.com/vi/8OYvFo_pWZI/mqdefault.jpg
5535c9524eb046c38e172ebfa06b302f,14687,【碧藍幻想 Granblue Fantasy: Relink】遊玩前你該注意哪些事？試玩版11位角色心得簡評！再戰10年的神作！👏🏻,2024-01-24T13:00:10Z,https://www.youtube.com/watch?v=c9Cy8WRNPWU,https://i.ytimg.com/vi/c9Cy8WRNPWU/mqdefault.jpg
f1b5f88144e14bd188e17b2f98303713,14637,【心理測驗】性生活怎麼會跟脫髮有關？？ | 亞洛赫 |  @pojun__ #POJUN #PQ01,2024-01-26T11:00:50Z,https://www.youtube.com/watch?v=tjUnFDTNBwA,https://i.ytimg.com/vi/tjUnFDTNBwA/mqdefault.jpg
15c9a54b946a40c38c07ea2f9efddfa5,14614,【煌Kirali】工作 遊戲 聊天 我全都要,2024-02-08T09:39:37Z,https://www.twitch.tv/videos/2056671226,https://static-cdn.jtvnw.net/cf_vods/d3vd9lfkzbru3h/5354e4d75bb3c85372b4_kirali_neon_41048219591_1707385172//thumb/thumb0-%{width}x%{height}.jpg
50a0835b66844b0ab84f573934f20989,14582,【初配後日談】那些來不及說的事情💧把貝塔的全部都告訴魚油！,2024-02-01T17:06:46Z,https://www.youtube.com/watch?v=92n6nyMyfo0,https://i.ytimg.com/vi/92n6nyMyfo0/mqdefault.jpg
ea4c1a67c2e445ad8028768616ceb659,14564,【5人COVER】ロミオとシンデレラ /歌ってみた【洛可洛斯特 / 麵音白湯 / 銀河 / AOI / 貓祭】,2024-01-31T14:00:10Z,https://www.youtube.com/watch?v=-pB_YecT2ck,https://i.ytimg.com/vi/-pB_YecT2ck/mqdefault.jpg
5535c9524eb046c38e172ebfa06b302f,14481,🔴AR60 ASIA【#原神 / Genshin】龍年行大運🐲音樂台▹ @ruroroisme ◃,2024-02-09T10:10:39Z,https://www.twitch.tv/videos/2057628102,https://static-cdn.jtvnw.net/cf_vods/d3vd9lfkzbru3h/8dcd77692abb9190bb03_ruroroisme_41051179943_1707473429//thumb/thumb0-%{width}x%{height}.jpg
0641a9c8b9a94994aaa33e0c86fef75b,14474,【初一來拜年ㄌ】又來到我們一年一度瘋狗刮刮樂時間【庫洛姆Kuromu】#台灣Vtuber #庫洛姆,2024-02-10T17:25:40Z,https://www.youtube.com/watch?v=OGteRC0ucbU,https://i.ytimg.com/vi/OGteRC0ucbU/mqdefault.jpg
9cec24b011ee45648eb404066c997f49,14357,【02/09】工作！練歌！準備明天的新春賀歲節目～,2024-02-09T11:11:44Z,https://www.twitch.tv/videos/2057649617,https://static-cdn.jtvnw.net/cf_vods/d3vd9lfkzbru3h/2f7e10af428a3ed7c244_cygxdfp_41051345255_1707477099//thumb/thumb0-%{width}x%{height}.jpg
e93bd1102e214cbaa71cc5b2e4a53595,14354,【Grand Archive】香香卡牌再度上線：這次還和露手手的好夥伴們一起開箱比拚！ft.  涅默 / 歐妲 / 兔姬 / REN ｜Gaming Stream,2024-01-31T16:55:19Z,https://www.youtube.com/watch?v=SvZtZMIFyS8,https://i.ytimg.com/vi/SvZtZMIFyS8/mqdefault.jpg
f6a4e7aa8d0c4e5cb39d199845ec4d02,14339,【杏仁ミル】希望我明天可以睡飽飽的  | !5周年 !3C !咪嚕水 @vtuber_amiru,2024-01-18T18:49:29Z,https://www.twitch.tv/videos/2036409063,https://static-cdn.jtvnw.net/cf_vods/d3vd9lfkzbru3h/ece6b177145619b0ef9c_vtuber_amiru_40986800247_1705603762//thumb/thumb0-%{width}x%{height}.jpg
5535c9524eb046c38e172ebfa06b302f,14304,【崩壞3rd】7.2版本活動懶人包⭐▸第一部最後的S級角色「崩落符華」你該抽嗎？聖痕/武器/技能機制！新手補給竟然有『終焉律&死生律』？第二部前瞻活動劇情，準備前進火星！ ▹璐洛洛◃,2024-01-20T13:45:11Z,https://www.youtube.com/watch?v=eFG4qVet5jQ,https://i.ytimg.com/vi/eFG4qVet5jQ/mqdefault.jpg
0641a9c8b9a94994aaa33e0c86fef75b,14285,【前任投稿】爆料大會!!來告訴大家你前任有多荒謬!!!!!【庫洛姆Kuromu】#台灣Vtuber #庫洛姆,2024-02-03T17:20:21Z,https://www.youtube.com/watch?v=OnQVjF9Ve6I,https://i.ytimg.com/vi/OnQVjF9Ve6I/mqdefault.jpg
1b63d89e0b1a4b579de6d99e25eaff8f,14251,Vtuber請觀眾吃飯？！ #貓祭 #vtuber #shorts,2024-01-16T16:52:59Z,https://www.youtube.com/watch?v=pqjb5In-Nbw,https://i.ytimg.com/vi/pqjb5In-Nbw/mqdefault.jpg
b6f68e0e323f45458752f3a7ec6a08f2,14240,【#縱型雜談】龍來呷甜🐲早安!周末來吃甜點聊聊天吧✨【月下香幽芳YuFang】,2024-01-21T08:39:21Z,https://www.youtube.com/watch?v=rpK2Yr80LYw,https://i.ytimg.com/vi/rpK2Yr80LYw/mqdefault.jpg
15c9a54b946a40c38c07ea2f9efddfa5,14190,【煌Sir有汐】寫歌大師上線，這次要寫甚麼呢？ ｜煌Kirali Ft. @SekiChannel,2024-01-16T14:47:35Z,https://www.youtube.com/watch?v=zTApwXddMOE,https://i.ytimg.com/vi/zTApwXddMOE/mqdefault.jpg
a000aa1d3ea7489c993277d33ab2457e,14124,【早餐配月】難得的早餐台!!調整作息啦 ~大家早安!今天回娘家的注意安全!!⌇幻月Moondogs,2024-02-11T02:18:37Z,https://www.youtube.com/watch?v=roQ1p8PAC0k,https://i.ytimg.com/vi/roQ1p8PAC0k/mqdefault.jpg
0641a9c8b9a94994aaa33e0c86fef75b,14107,【庫雜談】我回來ㄌ!綠界可以抽庫庫ㄉ和服拍立得ㄛ!【庫洛姆Kuromu】#台灣Vtuber #庫洛姆,2024-01-24T17:27:03Z,https://www.youtube.com/watch?v=vFiLRm0t_Jk,https://i.ytimg.com/vi/vFiLRm0t_Jk/mqdefault.jpg
334133534368487780dfa99b7c9f5949,14101,一分鐘學會做火鍋 🍲 ｜不買湯底、快速開吃 #cooking #lifestyle #vtuber,2024-02-01T07:55:01Z,https://www.youtube.com/watch?v=3Iyt_1YB-xY,https://i.ytimg.com/vi/3Iyt_1YB-xY/mqdefault.jpg
bafb134fd2f849898d6242d1f5f683cc,14099,【Palworld】花好月圓蓋家園！ft. @EarendelXDFP【涅默Nemesis】,2024-01-25T12:19:56Z,https://www.youtube.com/watch?v=-VsJSU_Xg_Q,https://i.ytimg.com/vi/-VsJSU_Xg_Q/mqdefault.jpg
3f4650e05ceb41008bd16869780b7af1,14033,【貓咪研究室】13.1全新能力加入貓戰！究竟甚麼是召喚/超賢者？一部影片告訴你！《水羽 ほむら》【貓咪大戰爭】,2024-01-21T13:04:46Z,https://www.youtube.com/watch?v=5LPZebPNnkA,https://i.ytimg.com/vi/5LPZebPNnkA/mqdefault.jpg
9d9c6477329245cbb2557895f4f15686,14033,/ᐠ. ̫ .ᐟ\ 0208 晚上七點 暗區突圍 新年活動紅包來啦 .ᐟ.ᐟ ⸜♡⸝ ✿ !LINE !周邊 !DC !COVER,2024-02-08T07:06:19Z,https://www.twitch.tv/videos/2056619979,https://static-cdn.jtvnw.net/cf_vods/d3vd9lfkzbru3h/e42206480ddf2c074aef_iitifox_41047890647_1707375972//thumb/thumb0-%{width}x%{height}.jpg
4fd17e8877024633876c5d85bc81e56b,14024,阿光要出櫃了? #台V #vtuber #台灣vtuber #vtuber中文  #vtuberclip #光頭Vtuber #atamahikari,2024-02-03T10:32:03Z,https://www.youtube.com/watch?v=7coQYFYyirc,https://i.ytimg.com/vi/7coQYFYyirc/mqdefault.jpg
c65e7caaf81a43249d5132b9fe312b24,13964,VTUBER VIOLIN TIME (AGAIN BECAUSE I WANT TO),2024-02-06T07:06:27Z,https://www.youtube.com/watch?v=UJm8VWwvOHg,https://i.ytimg.com/vi/UJm8VWwvOHg/mqdefault.jpg
15c9a54b946a40c38c07ea2f9efddfa5,13952,【煌Kirali】當大聲公遇到不能說話的恐怖遊戲... #新人vtuber #煌 #台灣vtuber #shorts,2024-01-16T10:00:23Z,https://www.youtube.com/watch?v=hv5Q5iApuZU,https://i.ytimg.com/vi/hv5Q5iApuZU/mqdefault.jpg
cd42e06c40534d9eac7e30a434e47d43,13940,【突擊酒雜】早安 你好 初一 一大清早開喝! 欸嘿 ♡  嗷嗚~ #vtuber,2024-02-10T02:08:54Z,https://www.youtube.com/watch?v=40Mqk3F-ZZU,https://i.ytimg.com/vi/40Mqk3F-ZZU/mqdefault.jpg
b6f68e0e323f45458752f3a7ec6a08f2,13940,【#縱型雜談】幽夜細語🐲晚安！第200部影片來祝你新年快樂 ✨【月下香幽芳YuFang】,2024-02-07T17:16:41Z,https://www.youtube.com/watch?v=2xEhw2iEtH8,https://i.ytimg.com/vi/2xEhw2iEtH8/mqdefault.jpg
9d9c6477329245cbb2557895f4f15686,13936,誰才是真正的吸塵器!! 沙盒與副本 ft.龜狗 9QOQ | Steam好玩免費遊戲,2024-02-07T10:30:05Z,https://www.youtube.com/watch?v=LHVWNw52prI,https://i.ytimg.com/vi/LHVWNw52prI/mqdefault.jpg
cd42e06c40534d9eac7e30a434e47d43,13846,女生有公主病? 你想多了 有病也不是對你ww  #vtuber #shorts #vtuber中文 #帕豹pabo #台灣vtuber #vtuber精華 #vtuberclip,2024-01-24T00:00:47Z,https://www.youtube.com/watch?v=dDuIyQ76lec,https://i.ytimg.com/vi/dDuIyQ76lec/mqdefault.jpg
512b64ec20174d018540516e9edf2b2f,13814,陪我吃晚餐🦉直式直播💚,2024-02-08T08:08:11Z,https://www.youtube.com/watch?v=hK24QIvWIY8,https://i.ytimg.com/vi/hK24QIvWIY8/mqdefault.jpg
9ca368e73d514656ade48dc946f55956,13812,【柴姥姥看D卡】換個角度，我們一起用手機縱式看D卡吧！【TSMATCH火柴】,2024-01-16T15:07:38Z,https://www.youtube.com/watch?v=Yl61XbkcJ3M,https://i.ytimg.com/vi/Yl61XbkcJ3M/mqdefault.jpg
17c335762a694402b8cb9a96b2865572,13754,[縱型配信/🔴標預警⚠️]Thirteen ASMR:不哄睡超級福利向💜 | 地獄級耐久！該給醋飯不休息條約的姊姊，一點按摩瞧瞧👊🏻超派！FT.街狼灰焰|拾參Thirteen / VTuber,2024-01-28T18:56:44Z,https://www.youtube.com/watch?v=I68Q0NT9mGU,https://i.ytimg.com/vi/I68Q0NT9mGU/mqdefault.jpg
fa5a7cdc259543259af42bb23f1e4041,13723,"傳給你身邊一直愛說""不揪""的朋友看 #Vtuber #vtuberclips #台v精華 #515",2024-01-20T08:47:06Z,https://www.youtube.com/watch?v=68ohOg4kuEE,https://i.ytimg.com/vi/68ohOg4kuEE/mqdefault.jpg
dcebd098c3ea479ba2b0e32a2696a5ec,13700,【初配信】人間界征服計畫，啟動! ♦ 涅菈Nera,2024-01-30T17:18:45Z,https://www.youtube.com/watch?v=-zdJdEjRHbs,https://i.ytimg.com/vi/-zdJdEjRHbs/mqdefault.jpg
3f4650e05ceb41008bd16869780b7af1,13687,【貓咪研究室】血量高達四百萬！雙屬性大型坦克！竟然還有永久降攻！四階進化擊極滅戰車陸王砲角色介紹！《水羽 ほむら》【貓咪大戰爭】,2024-02-02T11:30:09Z,https://www.youtube.com/watch?v=KCx92NyiIow,https://i.ytimg.com/vi/KCx92NyiIow/mqdefault.jpg
5d00575c06d74f588238857d7dec1b02,13626,【#縦型配信】許多人的兒時回憶，完整通關的卻不多？#supermario #任天堂  #shorts #Vtuber #台v,2024-01-17T16:14:00Z,https://www.youtube.com/watch?v=p2zin9u9U58,https://i.ytimg.com/vi/p2zin9u9U58/mqdefault.jpg
6dc75ab227e34c928598bde8f2d324bf,13600,【歌雜】縱型配信 - 華語男歌女唱：初見歡迎！不開放點歌！睡前來聽歌拉~~🦁️,2024-01-19T16:18:35Z,https://www.youtube.com/watch?v=fwhMjjxTvxk,https://i.ytimg.com/vi/fwhMjjxTvxk/mqdefault.jpg
98e3a5838fec4a6caa936ae35485de23,13587,【有既視感】跟你各位打賭翻唱超經典神曲🍻【露恰露恰．Vtuber】,2024-01-14T04:00:08Z,https://www.youtube.com/watch?v=MGlBkvz8s9U,https://i.ytimg.com/vi/MGlBkvz8s9U/mqdefault.jpg
9cec24b011ee45648eb404066c997f49,13554,【幻獸帕魯】突發！！SL開了伺服器，初見就趕快來當一下壓力測試員┏( .-. ┏ ) ┓█熙歌Cygnus,2024-01-21T19:15:40Z,https://www.youtube.com/watch?v=RTrA5L_5tDA,https://i.ytimg.com/vi/RTrA5L_5tDA/mqdefault.jpg
6943bbfc993443d4b3853833b3bb1a66,13534,過年招財請改播這首🧧 #台v #台灣vtuber #擴散希望 #迷因療法 #迷因 #迷因栗量,2024-01-30T11:08:41Z,https://www.youtube.com/watch?v=g-rftEA6yWo,https://i.ytimg.com/vi/g-rftEA6yWo/mqdefault.jpg
8bf35c3b9a9e461d825a9170555b71c2,13522,【澪Rei】一心多用：課金→練唱 !YT 中文/Eng/日本語,2024-01-31T14:02:15Z,https://www.twitch.tv/videos/2049011263,https://static-cdn.jtvnw.net/cf_vods/d3vd9lfkzbru3h/9d7bee97e509f16c9d4e_reirei_neon_41025242519_1706709730//thumb/thumb0-%{width}x%{height}.jpg
8bf35c3b9a9e461d825a9170555b71c2,13471,【歌回】小年夜邊喝酒邊唱歌 ｜澪Rei,2024-02-08T16:35:42Z,https://www.youtube.com/watch?v=o91aaCTnO7Q,https://i.ytimg.com/vi/o91aaCTnO7Q/mqdefault.jpg
7c06b9e316ce4ac18ce836cd72442bbe,13452,【練習歌枠】子午原創曲全制霸企劃🔥一口氣全部練完要花多少時間呢！？「消費就是要正大光明」【浠Mizuki Karaoke】,2024-02-04T10:25:41Z,https://www.youtube.com/watch?v=Tyw8OaWkkFw,https://i.ytimg.com/vi/Tyw8OaWkkFw/mqdefault.jpg
1ccdbe5d48934f4cbabc86512dd1d357,13439,【Palworld】給100隻帕魯取上觀眾名字的耐久直播,2024-02-04T15:29:24Z,https://www.youtube.com/watch?v=uQiZA3hSiqg,https://i.ytimg.com/vi/uQiZA3hSiqg/mqdefault.jpg
b4a1791208fd4d85b7b08ee2bad0c236,13435,《瑪麗茶會》今天點開會是什麼台呢？🌼#shorts #瑪格麗特諾爾絲 #箱箱thebox,2024-01-18T12:25:07Z,https://www.youtube.com/watch?v=Y3FnxRZ0Rsw,https://i.ytimg.com/vi/Y3FnxRZ0Rsw/mqdefault.jpg
a9f6574e98f34b20a05269134930fb50,13404,【玩遊戲學中文】最近流行的Palworld ！！　※ほぼ中国語/茸茸鼠,2024-01-25T16:43:22Z,https://www.youtube.com/watch?v=Ic5IfuKRLKY,https://i.ytimg.com/vi/Ic5IfuKRLKY/mqdefault.jpg
49bb221fc77f440cae0c007a73f99aab,13400,工作完，還是要繼續坐牢 Day24 ⋮ 2/9 21:00生日新衣裝發表 ⋮ !加班 !尼魯貼圖 !DC !綠界,2024-02-03T11:43:34Z,https://www.twitch.tv/videos/2051871726,https://static-cdn.jtvnw.net/cf_vods/d3vd9lfkzbru3h/f4078d6560cf8a5129ab_ukuruniru_41033768487_1706960608//thumb/thumb0-%{width}x%{height}.jpg
73b97b1a35c84579aa8ffcd6534efad3,13353,【金音時刻】縱型直播歌回✨ 之前被老婆唸了這次開短一點啊嗚 #初見安安,2024-01-28T17:24:19Z,https://www.youtube.com/watch?v=qu-m2D0QrGE,https://i.ytimg.com/vi/qu-m2D0QrGE/mqdefault.jpg
0641a9c8b9a94994aaa33e0c86fef75b,13330,【poppy playtime3】＃2 繼續玩!經過上次我覺得我好像長腦子ㄌ...【庫洛姆Kuromu】#台灣Vtuber #庫洛姆,2024-02-04T18:40:41Z,https://www.youtube.com/watch?v=Zu1RdGqT4vg,https://i.ytimg.com/vi/Zu1RdGqT4vg/mqdefault.jpg
334133534368487780dfa99b7c9f5949,13295,一分鐘學會自製辣椒小魚乾 🐠 #cooking #lifestyle #vtuber,2024-02-09T05:30:13Z,https://www.youtube.com/watch?v=xr_fCUyrF0w,https://i.ytimg.com/vi/xr_fCUyrF0w/mqdefault.jpg
f6a4e7aa8d0c4e5cb39d199845ec4d02,13287,【霧鎖王國精華】杏仁9527盜墓筆記！跟著KO高學長嘗試第一次的盜墓【#杏仁ミル 】,2024-02-02T09:00:29Z,https://www.youtube.com/watch?v=l3uePi7LPd8,https://i.ytimg.com/vi/l3uePi7LPd8/mqdefault.jpg
7c06b9e316ce4ac18ce836cd72442bbe,13252,【突発歌枠】新電腦終於裝好啦！唱一下下等等去煮飯💙新しいパソコン来たら少し歌おう！初見さん大歓迎🎵【浠Mizuki Karaoke】#shorts #縦型配信 #初見歓迎,2024-01-29T14:48:04Z,https://www.youtube.com/watch?v=yras0jL0VwA,https://i.ytimg.com/vi/yras0jL0VwA/mqdefault.jpg
31f17632340f4e7fbd0ced07193dd81b,13195,又!!!又開台了?!!!,2024-02-08T10:10:47Z,https://www.youtube.com/watch?v=Ay5r-qEfyc0,https://i.ytimg.com/vi/Ay5r-qEfyc0/mqdefault.jpg
6943bbfc993443d4b3853833b3bb1a66,13187,這誰？ #台v #台灣vtuber #擴散希望 #迷因療法 #迷因 #迷因梗圖,2024-01-26T11:52:29Z,https://www.youtube.com/watch?v=UMp610XaieI,https://i.ytimg.com/vi/UMp610XaieI/mqdefault.jpg
6943bbfc993443d4b3853833b3bb1a66,13147,你們這些人到底想怎樣ㄚ🥲 #台v #台灣vtuber #擴散希望 #迷因療法 #迷因 #迷因梗圖 #迷因栗量 #shorts,2024-02-01T10:35:31Z,https://www.youtube.com/watch?v=ZlIsLPmN1cg,https://i.ytimg.com/vi/ZlIsLPmN1cg/mqdefault.jpg
729621ce509b4641ad8cde76dec037d0,13128,✧縱型歌回#18✧五個小時的耐久歌回！陪大家到午夜12點！！要快高長大喔~希妮·亞里絲🤍SinnieAris✨ #哥勢,2024-02-09T16:26:12Z,https://www.youtube.com/watch?v=cx2remvaA4Q,https://i.ytimg.com/vi/cx2remvaA4Q/mqdefault.jpg
312fdd3c5e6d4aefa73fd3860ecc5613,13111,🐺長輩轉盤 #shorts,2024-01-26T10:00:35Z,https://www.youtube.com/watch?v=gioAwjEsGzI,https://i.ytimg.com/vi/gioAwjEsGzI/mqdefault.jpg
9cec24b011ee45648eb404066c997f49,13088,【早安熙八：拜早年】跟NEMO小埃一起跟大家拜早年啦～沒有主題的輕鬆聊聊天吧　♡(*´∀｀*)人(*´∀｀*)♡█熙歌Cygnus Ft. @NemesisXDFP @OumuaXDFP,2024-02-05T03:14:46Z,https://www.youtube.com/watch?v=1VXEOGGP0-0,https://i.ytimg.com/vi/1VXEOGGP0-0/mqdefault.jpg
6bd49f94afb144e995247388ca8c42a8,13066,【英雄聯盟 ARAM】串風警報🚨咆嘯深淵子午內鬥來啦٩( Ꙭ)و🚩 特殊規則讓高家人正當出動！ ft.@Rei_Neon 、@Kirali_Neon 、子午Staff 【橙Yuzumi】,2024-01-14T14:21:19Z,https://www.youtube.com/watch?v=KOCApv7H7jA,https://i.ytimg.com/vi/KOCApv7H7jA/mqdefault.jpg
c65e7caaf81a43249d5132b9fe312b24,12979,Palworld is like Pokemon and Zelda combined!,2024-01-23T13:32:22Z,https://www.youtube.com/watch?v=ampaB8fGhP0,https://i.ytimg.com/vi/ampaB8fGhP0/mqdefault.jpg
a9f6574e98f34b20a05269134930fb50,12961,【歌枠】90年代アニソン歌枠 Karaoke🐭Singing Stream　※日本語と中国語/茸茸鼠,2024-02-09T18:06:50Z,https://www.youtube.com/watch?v=qSp0dK4Ejec,https://i.ytimg.com/vi/qSp0dK4Ejec/mqdefault.jpg
ec65566d949944ffb1e2723f97ded6e0,12956,觀眾要叫我做奇怪的ASMR #vtuber #shorts #台灣vtuber #台v,2024-01-24T12:46:50Z,https://www.youtube.com/watch?v=raWNRfsqGf4,https://i.ytimg.com/vi/raWNRfsqGf4/mqdefault.jpg
3f4650e05ceb41008bd16869780b7af1,12906,這種我們通常不叫朋友 叫損友！#shorts  #台灣vtuber #vtuber,2024-02-06T11:00:41Z,https://www.youtube.com/watch?v=kNB8RxKNn_w,https://i.ytimg.com/vi/kNB8RxKNn_w/mqdefault.jpg
49bb221fc77f440cae0c007a73f99aab,12868,聽說楓谷坐牢到4/1之前練到270可以減3000小 Day19 ⋮ !加班 !尼魯貼圖 !DC !綠界,2024-01-29T10:15:26Z,https://www.twitch.tv/videos/2047033218,https://static-cdn.jtvnw.net/cf_vods/d3vd9lfkzbru3h/a770d8e6c4bf40639125_ukuruniru_41018790679_1706523321//thumb/thumb0-%{width}x%{height}.jpg
b4a1791208fd4d85b7b08ee2bad0c236,12866,【FF42🌼】跟蘭蘭一起拼競標拼圖！🐺🌼With @lilylinglan  #森森鈴蘭 #瑪格麗特諾爾絲 #箱箱thebox,2024-02-12T18:14:28Z,https://www.youtube.com/watch?v=3J7lwaS2kbc,https://i.ytimg.com/vi/3J7lwaS2kbc/mqdefault.jpg
4544974bc5624035ae7bb0c9ed33e44e,12843,【偷薪水】我每天都藉由拉屎兩小時幫自己加薪喔。直式配信。【瓦西瓦瓦 / Vaswawa】,2024-02-02T07:31:34Z,https://www.youtube.com/watch?v=pDZpnUBF_mI,https://i.ytimg.com/vi/pDZpnUBF_mI/mqdefault.jpg
f6a4e7aa8d0c4e5cb39d199845ec4d02,12838,【杏仁ミル】新年快樂猛獸派對 | !5周年 !3C !咪嚕水 @vtuber_amiru,2024-02-12T13:49:00Z,https://www.twitch.tv/videos/2060671741,https://static-cdn.jtvnw.net/cf_vods/d3vd9lfkzbru3h/1b601b2d7e6581ef0f0f_vtuber_amiru_41060283415_1707745734//thumb/thumb0-%{width}x%{height}.jpg
c82ab1b4f8f64d1f84cae4ce09aa0dea,12826,快樂星期一｜汐Seki｜!週邊 !指令,2024-02-05T13:00:35Z,https://www.twitch.tv/videos/2053931033,https://static-cdn.jtvnw.net/cf_vods/d3vd9lfkzbru3h/32a822ca9dee424c28bb_seki_meridian_41040199351_1707138028//thumb/thumb0-%{width}x%{height}.jpg
334133534368487780dfa99b7c9f5949,12825,一分鐘學會醉蝦 🦐 #cooking #lifestyle #vtuber,2024-02-10T01:00:07Z,https://www.youtube.com/watch?v=F1F8g_9tueA,https://i.ytimg.com/vi/F1F8g_9tueA/mqdefault.jpg
8bf35c3b9a9e461d825a9170555b71c2,12825,【澪Rei】工作台可能少講話 !YT 中文/Eng/日本語,2024-02-04T13:50:16Z,https://www.twitch.tv/videos/2052997499,https://static-cdn.jtvnw.net/cf_vods/d3vd9lfkzbru3h/5219604f6f3429a37a3e_reirei_neon_41037452967_1707054611//thumb/thumb0-%{width}x%{height}.jpg
029dfaf0b42a45839661df6dc99efcdd,12786,末日歌姬 清音零零 7100 想用歌聲治癒你的心 #vsinger #台v #清音零零,2024-01-15T10:41:44Z,https://www.youtube.com/watch?v=qqjj_c1PQt4,https://i.ytimg.com/vi/qqjj_c1PQt4/mqdefault.jpg
5535c9524eb046c38e172ebfa06b302f,12781,【原神】大佬來開秀75🎯▸「C6閒雲」＆「C2閒雲」！主C和輔助の辣個女人差在哪？全新四星嘉明到底有多猛？武器面板與聖遺物展示 ▹璐洛洛◃,2024-02-02T14:00:16Z,https://www.youtube.com/watch?v=7smLWK-hJ1Y,https://i.ytimg.com/vi/7smLWK-hJ1Y/mqdefault.jpg
e93bd1102e214cbaa71cc5b2e4a53595,12746,帕魯Day2！今天真的只蓋個流水工廠就好  ░ @earendelxdfp !指令 !隊友,2024-01-22T15:46:18Z,https://www.twitch.tv/videos/2040348614,https://static-cdn.jtvnw.net/cf_vods/d3vd9lfkzbru3h/dce99f36fe0663d426a7_earendelxdfp_40998753511_1705938370//thumb/thumb0-%{width}x%{height}.jpg
bafb134fd2f849898d6242d1f5f683cc,12737,【歐涅醬】小妹妹要不要來姊接家看貓咪後空翻～⌇涅默Nemesis,2024-01-14T04:52:43Z,https://www.youtube.com/watch?v=WQoSC9bf1Z0,https://i.ytimg.com/vi/WQoSC9bf1Z0/mqdefault.jpg
fa5a7cdc259543259af42bb23f1e4041,12730,月底全新算術方法 #Vtuber #台v #515,2024-01-30T04:35:10Z,https://www.youtube.com/watch?v=CijnV3cbYGg,https://i.ytimg.com/vi/CijnV3cbYGg/mqdefault.jpg
cd42e06c40534d9eac7e30a434e47d43,12716,你們知道嗎 帕豹其實是很記仇的喔! 有沒有誰皮在養偷罵我的啊?#vtuber #帕豹pabo #shorts #short,2024-01-31T00:00:02Z,https://www.youtube.com/watch?v=493jkUJdl98,https://i.ytimg.com/vi/493jkUJdl98/mqdefault.jpg
ec65566d949944ffb1e2723f97ded6e0,12714,爸爸加入邪教到底該怎麼辦 #vtuber #台灣vtuber #台v #shorts #meme #memes #蘭斯洛特拉法葉,2024-02-07T11:11:04Z,https://www.youtube.com/watch?v=pdaV9Wy0Zx4,https://i.ytimg.com/vi/pdaV9Wy0Zx4/mqdefault.jpg
62e5d9c4ad1e4d7a9fb61fe531c4b940,12681,【早安雜談】#縦型配信  早安！來跟大家聊聊天 開頭先讓我吃個早餐【凝川眠 kokawa nemuri】,2024-01-16T09:38:13Z,https://www.youtube.com/watch?v=pW8QYoE8OD4,https://i.ytimg.com/vi/pW8QYoE8OD4/mqdefault.jpg
71cee502a14d4ef1b9b0264fa2db8987,12626,【Kas】1/28 深夜突發 | 練歌雜談 | #shorts #vtuber #singing #縱型配信 #talking,2024-01-27T21:58:25Z,https://www.youtube.com/watch?v=w362ns6gCJU,https://i.ytimg.com/vi/w362ns6gCJU/mqdefault.jpg
6c872a4043b84e4493877a42af684d1d,12616,「練歌」縱型直播！練歌順便復健一下！！！ Singing Stream【銀河Galaxy】#shorts,2024-01-16T09:03:49Z,https://www.youtube.com/watch?v=0GxMH4LQht4,https://i.ytimg.com/vi/0GxMH4LQht4/mqdefault.jpg
60282d578bb747b8b232dba81168a5b6,12597,我期待的不是雪（Jersey Club Style Remix) #vtuber #瑟拉斯蒂歐 #remix,2024-01-25T13:54:26Z,https://www.youtube.com/watch?v=zvOiHWE8kBM,https://i.ytimg.com/vi/zvOiHWE8kBM/mqdefault.jpg
5dbed684176349d28353d5293085cd9c,12574,🧧過年前最後一次直播了，快給烏亞紅包,2024-02-07T23:25:32Z,https://www.youtube.com/watch?v=_WMAIbcqzLo,https://i.ytimg.com/vi/_WMAIbcqzLo/mqdefault.jpg
9cec24b011ee45648eb404066c997f49,12571,【動漫節顧攤】熙歌顧攤中！不能去現場的快來線上參與唷，讓我們一起線上線下嗨起來☆^(ｏ´Ф∇Ф)o█熙歌Cygnus,2024-02-02T06:54:42Z,https://www.youtube.com/watch?v=Boy_H9BWjIs,https://i.ytimg.com/vi/Boy_H9BWjIs/mqdefault.jpg
f6a4e7aa8d0c4e5cb39d199845ec4d02,12571,【撿垃圾精華】聽UZRA說故事，杏仁咪嚕偶像的一天【#杏仁ミル 】Lethal Company致命公司,2024-02-11T07:00:21Z,https://www.youtube.com/watch?v=CoTpqjTRHAY,https://i.ytimg.com/vi/CoTpqjTRHAY/mqdefault.jpg
5535c9524eb046c38e172ebfa06b302f,12561,🔴AR60 ASIA【#原神 / Genshin】隔壁棚卡媽&真理醫生代抽預約中！周日也能健檢《星穹鐵道》，萌新健檢&滷肉幫到你家 ▹璐洛洛◃,2024-01-14T18:31:23Z,https://www.youtube.com/watch?v=a26wgy0zID0,https://i.ytimg.com/vi/a26wgy0zID0/mqdefault.jpg
f110fd69b66941bab04de9ada563c6ac,12534,魯洨洨的洛可 #shorts,2024-02-02T03:20:42Z,https://www.youtube.com/watch?v=VGLBN3CQb9E,https://i.ytimg.com/vi/VGLBN3CQb9E/mqdefault.jpg
e93bd1102e214cbaa71cc5b2e4a53595,12523,【応援歌枠】就是你！努力的你，記得休息一下來聽個歌聊個天唷！ ░  歌枠｜Singing Stream,2024-01-18T05:07:15Z,https://www.youtube.com/watch?v=Ysxsel1O1qA,https://i.ytimg.com/vi/Ysxsel1O1qA/mqdefault.jpg
9af7c10c618844f08a327d38753124bd,12517,【朝活】春假第一天！今年春節有要出遊嗎？還是都在家裡呢？【酒樂霧子】,2024-02-08T06:34:10Z,https://www.youtube.com/watch?v=YfRS4ahLAUI,https://i.ytimg.com/vi/YfRS4ahLAUI/mqdefault.jpg
5535c9524eb046c38e172ebfa06b302f,12517,🔵【崩壞：星穹鐵道】🚀卡芙卡&真理醫生來我家！配裝&抽取建議在線疑難全都問~ ▹璐洛洛◃,2024-01-17T13:37:52Z,https://www.youtube.com/watch?v=qgzqitIsihA,https://i.ytimg.com/vi/qgzqitIsihA/mqdefault.jpg
f6a4e7aa8d0c4e5cb39d199845ec4d02,12510,【幻獸帕魯】困難模式的帕魯都好兇猛...:(´◦ω◦｀):【#杏仁ミル】,2024-01-24T19:08:06Z,https://www.youtube.com/watch?v=jGHCgkrZ2NE,https://i.ytimg.com/vi/jGHCgkrZ2NE/mqdefault.jpg
4fd17e8877024633876c5d85bc81e56b,12475,阿光的真實身分 #台V #vtuber #台灣vtuber #vtuber中文  #vtuberclip #光頭Vtuber #atamahikari,2024-01-19T10:00:20Z,https://www.youtube.com/watch?v=TZpuMv2z9Lk,https://i.ytimg.com/vi/TZpuMv2z9Lk/mqdefault.jpg
ec65566d949944ffb1e2723f97ded6e0,12469,【雜談】跟我聊聊這周的大小事吧！【蘭斯洛特．拉法葉】,2024-01-28T15:18:52Z,https://www.youtube.com/watch?v=2kotZFFLHJQ,https://i.ytimg.com/vi/2kotZFFLHJQ/mqdefault.jpg
8bf35c3b9a9e461d825a9170555b71c2,12466,【突發】天氣好冷，和小狸貓一起圍爐吧！ ｜澪Rei,2024-02-09T16:31:06Z,https://www.youtube.com/watch?v=d20VZ3pwM90,https://i.ytimg.com/vi/d20VZ3pwM90/mqdefault.jpg
dad6fb7439d744739755a9a7c6c18d20,12466,【歌回】借髮少女艾蓮緹✦我跟同事借了頭髮✦♫♩♫♪♩✦ Karaoke Stream／歌枠【角蓮Caren】,2024-01-30T18:34:03Z,https://www.youtube.com/watch?v=zxwqwR6N_Tg,https://i.ytimg.com/vi/zxwqwR6N_Tg/mqdefault.jpg
ba562aad440d483e988d3ce7e7217c94,12460,[貓宮香草]  1/19  下午帕魯危機,2024-01-19T02:02:14Z,https://www.twitch.tv/videos/2036797329,https://static-cdn.jtvnw.net/cf_vods/d3vd9lfkzbru3h/61cf5e590f4d8da7ffd7_vanilla_shironeko_40987260695_1705629729//thumb/thumb0-%{width}x%{height}.jpg
8bf35c3b9a9e461d825a9170555b71c2,12457,【歌回】動漫節第一天結束來唱歌 ｜澪Rei,2024-02-01T15:55:43Z,https://www.youtube.com/watch?v=4fimHlLBG5Y,https://i.ytimg.com/vi/4fimHlLBG5Y/mqdefault.jpg
c82ab1b4f8f64d1f84cae4ce09aa0dea,12453,【健身ASMR】超近距離居家皮拉提斯｜汐Seki,2024-01-30T15:51:15Z,https://www.youtube.com/watch?v=fywSBAWmdC0,https://i.ytimg.com/vi/fywSBAWmdC0/mqdefault.jpg
8b027d3a3f374c9c8398b6dd751e5018,12446,01/18｜7點就醒了 但我買了4罐魔爪！⸜(* ॑꒳ ॑* )⸝| !VPN !好玩遊戲 !人設 !GG !BOOBA !貼圖,2024-01-18T04:40:04Z,https://www.twitch.tv/videos/2035974965,https://static-cdn.jtvnw.net/cf_vods/d3vd9lfkzbru3h/0ab139d299f97adc2337_lisheng_tw_40984599831_1705552796//thumb/thumb0-%{width}x%{height}.jpg
e93bd1102e214cbaa71cc5b2e4a53595,12409,【雜談】好像很久沒跟你們聊聊最近，最近過得好嗎？露手手直播我思考一下  ░  雜談｜Chatting Stream,2024-01-16T15:47:09Z,https://www.youtube.com/watch?v=A2E5wZ-dFms,https://i.ytimg.com/vi/A2E5wZ-dFms/mqdefault.jpg
2694a505a0e0441bb99b49e8ce1f7473,12379,【神無月鹿比🦌｜官方精華】你會只愛我一個嗎,2024-02-04T11:00:07Z,https://www.youtube.com/watch?v=9hyaLEGKNAA,https://i.ytimg.com/vi/9hyaLEGKNAA/mqdefault.jpg
b6f68e0e323f45458752f3a7ec6a08f2,12364,【#縱型雜談】龍來呷甜🐲早安!  過年前來吃甜甜吧 ✨【月下香幽芳YuFang】,2024-02-04T08:23:00Z,https://www.youtube.com/watch?v=9R38VCp12zM,https://i.ytimg.com/vi/9R38VCp12zM/mqdefault.jpg
8b027d3a3f374c9c8398b6dd751e5018,12352,01/16｜昨天真的快笑死 賴貼圖上架啦！⸜(* ॑꒳ ॑* )⸝| !VPN !好玩遊戲 !人設 !GG !貼圖,2024-01-16T03:55:36Z,https://www.twitch.tv/videos/2034008125,https://static-cdn.jtvnw.net/cf_vods/d3vd9lfkzbru3h/51ba61e99b32ee6723da_lisheng_tw_40978689959_1705377328//thumb/thumb0-%{width}x%{height}.jpg
e78cffa246c24a1c88031151cad8c385,12351,瘦小腹的偏方,2024-01-19T11:00:20Z,https://www.youtube.com/watch?v=P9ggx4Gbcbc,https://i.ytimg.com/vi/P9ggx4Gbcbc/mqdefault.jpg
4fd17e8877024633876c5d85bc81e56b,12328,南部物價真的比較便宜? #台V #vtuber #台灣vtuber #vtuber中文  #vtuberclip #光頭Vtuber #atamahikari,2024-01-25T10:00:01Z,https://www.youtube.com/watch?v=0rm_0NWE7HA,https://i.ytimg.com/vi/0rm_0NWE7HA/mqdefault.jpg
ebe5c5f9d67f44f3bc5e70b413ce9df7,12315,【早安歌回】新年假期的第一個早安！大家小年夜快樂💜【依可露】 #shorts,2024-02-08T05:18:31Z,https://www.youtube.com/watch?v=ge4-_SKOg7o,https://i.ytimg.com/vi/ge4-_SKOg7o/mqdefault.jpg
6bd49f94afb144e995247388ca8c42a8,12296,【APEX手把訓練營 DAY 1】從沒碰過手把的鍵鼠頂獵來挑戰手把啦 ٩(◦`꒳´◦)۶【橙Yuzumi】,2024-01-22T06:45:18Z,https://www.youtube.com/watch?v=ATN-anNCJtI,https://i.ytimg.com/vi/ATN-anNCJtI/mqdefault.jpg
a000aa1d3ea7489c993277d33ab2457e,12262,【午餐配月】午安!大家快過年了!阿月有一個想法要跟大家說~⌇幻月Moondogs,2024-02-07T06:19:47Z,https://www.youtube.com/watch?v=JZ-FNVFeWNQ,https://i.ytimg.com/vi/JZ-FNVFeWNQ/mqdefault.jpg
8bf35c3b9a9e461d825a9170555b71c2,12246,【澪Rei】耶我有紫勾勾了！和很多人玩殭屍毀滅工程 !YT !FF42 中文/Eng/日本語,2024-02-12T14:05:36Z,https://www.twitch.tv/videos/2060681536,https://static-cdn.jtvnw.net/cf_vods/d3vd9lfkzbru3h/9a90ce330f7b86d7e0b6_reirei_neon_41060338407_1707746729//thumb/thumb0-%{width}x%{height}.jpg
58abad4aa8de49efb785367503dfd92c,12238,試演被從O穴大爆射到從口中吐出O液再強迫吞回去的DC群組傳迷片！#台v #hkvtuber #shorts #vtuberclip #vtuber中文 #台灣vtuber #台v精華 #野薔薇asmr,2024-01-29T01:37:27Z,https://www.youtube.com/watch?v=gMzcqkT-jhg,https://i.ytimg.com/vi/gMzcqkT-jhg/mqdefault.jpg
19234cc590224c45912a14487f756dc5,12222,【突發歌回】挑幾首唱錯的來唱 補昨天一些沒有畫完的春聯 就回老家過年去啦,2024-02-09T09:27:21Z,https://www.youtube.com/watch?v=oxmwS3nv0qY,https://i.ytimg.com/vi/oxmwS3nv0qY/mqdefault.jpg
9d9c6477329245cbb2557895f4f15686,12203,/ᐠ. ̫ .ᐟ\ 0208 新年快樂 .ᐟ.ᐟ ⸜♡⸝ ✿ !LINE !周邊 !DC !COVER,2024-02-08T15:28:41Z,https://www.twitch.tv/videos/2056836743,https://static-cdn.jtvnw.net/cf_vods/d3vd9lfkzbru3h/e619c8e5c7b0eb38787a_iitifox_41049410199_1707406113//thumb/thumb0-%{width}x%{height}.jpg
f6a4e7aa8d0c4e5cb39d199845ec4d02,12164,【櫻境物語 | 情報公開】又有新的好玩(?)遊戲可以玩囉！老司機請抓好方向盤【#杏仁ミル】,2024-02-01T14:06:07Z,https://www.youtube.com/watch?v=Lq1xuUctDLE,https://i.ytimg.com/vi/Lq1xuUctDLE/mqdefault.jpg
f110fd69b66941bab04de9ada563c6ac,12162,我真的發自內心誇獎😭😭😭 #shorts,2024-02-11T11:03:12Z,https://www.youtube.com/watch?v=BFt9HcYSUYc,https://i.ytimg.com/vi/BFt9HcYSUYc/mqdefault.jpg
5535c9524eb046c38e172ebfa06b302f,12155,【Palworld】實用小地圖工具▸你還在辛苦找蛋、找礦、找翠葉鼠雕像嗎？遊戲內實時顯示小地圖！簡易操作教學😎 ▹璐洛洛◃,2024-01-31T13:30:12Z,https://www.youtube.com/watch?v=o_j7qaq6qYw,https://i.ytimg.com/vi/o_j7qaq6qYw/mqdefault.jpg
497385ad229548cdb0c80d89b70d050f,12135,我的滑鼠靈敏度是外星人等級......？ #LucyFelicitas,2024-01-25T09:30:09Z,https://www.youtube.com/watch?v=c1JKGdWcADM,https://i.ytimg.com/vi/c1JKGdWcADM/mqdefault.jpg
265a18972d244affae35711cfd1f9931,12110,TAKOASMR：舒眠縱向  祝好夢親愛的 好好休息 寶貝晚安❤️ 【MiroLive/塔芭絲可】,2024-01-14T16:21:38Z,https://www.youtube.com/watch?v=zBgQ3WUObgQ,https://i.ytimg.com/vi/zBgQ3WUObgQ/mqdefault.jpg
7e81a72484054a5c89f3826ebc8946be,12095,【縱向朝活】史上最睏朝活☀️已經不是起床音了，我好像真的會睡在這裡...！💤｜結月莉莉奈Ririna,2024-01-31T05:30:46Z,https://www.youtube.com/watch?v=XEesCAWoWkM,https://i.ytimg.com/vi/XEesCAWoWkM/mqdefault.jpg
8bf35c3b9a9e461d825a9170555b71c2,12095,你知道水伊布是最適合⋯⋯⋯小澪首次挑戰憑印象畫水伊布( ´ ▽ ` )ﾉ結果如何呢？,2024-01-20T10:48:58Z,https://www.youtube.com/watch?v=3fTbe1HQVdk,https://i.ytimg.com/vi/3fTbe1HQVdk/mqdefault.jpg
fa5a7cdc259543259af42bb23f1e4041,12088,「515 VTuber【official】」正在直播！,2024-01-24T15:24:47Z,https://www.youtube.com/watch?v=rNH1vK1IY18,https://i.ytimg.com/vi/rNH1vK1IY18/mqdefault.jpg
c82ab1b4f8f64d1f84cae4ce09aa0dea,12087,好...想..破關... 🧧紅包挑戰gogo🧧｜汐Seki｜!週邊 !指令,2024-01-18T14:01:07Z,https://www.twitch.tv/videos/2036204271,https://static-cdn.jtvnw.net/cf_vods/d3vd9lfkzbru3h/aebfe8aa00b5a38c5b4b_seki_meridian_40986163655_1705586462//thumb/thumb0-%{width}x%{height}.jpg
512b64ec20174d018540516e9edf2b2f,12086,靠腰😭要遲到了，開車衝去外交部領事館辦護照！直式直播,2024-02-07T16:44:55Z,https://www.youtube.com/watch?v=-6asVn9tDZE,https://i.ytimg.com/vi/-6asVn9tDZE/mqdefault.jpg
4fd17e8877024633876c5d85bc81e56b,12031,【歌雜】一年可以學幾首台語歌? 台語練歌台，一字一字慢慢練! 【Atama Hikari光頭】#台v #vtuber #縱型配信,2024-01-30T17:29:37Z,https://www.youtube.com/watch?v=I_LY8WX4myw,https://i.ytimg.com/vi/I_LY8WX4myw/mqdefault.jpg
312fdd3c5e6d4aefa73fd3860ecc5613,12031,【新春特別企劃】狼來發紅包LA🧧龍年如意 #森森鈴蘭,2024-01-24T13:38:33Z,https://www.youtube.com/watch?v=AYQG-IJibb8,https://i.ytimg.com/vi/AYQG-IJibb8/mqdefault.jpg
334133534368487780dfa99b7c9f5949,12023,一分鐘學會鷹嘴豆泥（Hummus） 🥣 #cooking #lifestyle #vtuber,2024-01-29T07:36:34Z,https://www.youtube.com/watch?v=xrQylSZY0-g,https://i.ytimg.com/vi/xrQylSZY0-g/mqdefault.jpg
f42c6f5877f14a38aef3f3b515769149,11998,【cover】忘れじの言の葉-未来古代楽団,2024-01-21T16:29:41Z,https://www.youtube.com/watch?v=vNDCXQIM8w0,https://i.ytimg.com/vi/vNDCXQIM8w0/mqdefault.jpg
95f8bb8a92c1450b8b5993f740b39338,11965,That's Not Zhongli... 💀,2024-01-25T10:00:44Z,https://www.youtube.com/watch?v=tST7Tozc8gI,https://i.ytimg.com/vi/tST7Tozc8gI/mqdefault.jpg
8bf35c3b9a9e461d825a9170555b71c2,11946,【歌回】還債歌回，點歌環節中欠下的一堆歌終於要還掉了｜澪Rei,2024-01-18T16:05:41Z,https://www.youtube.com/watch?v=SeKFIp6sOus,https://i.ytimg.com/vi/SeKFIp6sOus/mqdefault.jpg
c82ab1b4f8f64d1f84cae4ce09aa0dea,11931,【歌回PT.2】聽說要靠運氣才能成功的縱型直播！｜汐Seki #Shorts #縦型配信,2024-01-17T15:49:54Z,https://www.youtube.com/watch?v=a9_l--bZOes,https://i.ytimg.com/vi/a9_l--bZOes/mqdefault.jpg
15c9a54b946a40c38c07ea2f9efddfa5,11923,【雜談】深夜聊天，我回來啦！｜煌Kirali,2024-02-07T18:52:59Z,https://www.youtube.com/watch?v=hqe7sSEI-4s,https://i.ytimg.com/vi/hqe7sSEI-4s/mqdefault.jpg
6bd49f94afb144e995247388ca8c42a8,11898,【拍立得】來簽簽拍立得ヾ(•ω•`)o 看情況收單！1%機率獲得不需要的左手簽名【橙Yuzumi】,2024-02-05T17:27:58Z,https://www.youtube.com/watch?v=6NOm6Knk2vs,https://i.ytimg.com/vi/6NOm6Knk2vs/mqdefault.jpg
f6a4e7aa8d0c4e5cb39d199845ec4d02,11892,【櫻境物語】翡翠城新城主杏仁咪嚕降臨！天啊！這次真的會被抓走嗎？【#杏仁ミル】,2024-02-07T14:42:21Z,https://www.youtube.com/watch?v=-G6-deir8Z4,https://i.ytimg.com/vi/-G6-deir8Z4/mqdefault.jpg
2694a505a0e0441bb99b49e8ce1f7473,11882,【1/24】DAY2 不知道150HR耐久要耐幾天｜1/11-22紅包活動記得填表單抽獎 !紅包｜!yt !綠界 !會員 !7tv !指令 !勇士,2024-01-24T11:43:30Z,https://www.twitch.tv/videos/2042119943,https://static-cdn.jtvnw.net/cf_vods/d3vd9lfkzbru3h/34d1298f0a767740090f_kannazukilubee_41003849383_1706096603//thumb/thumb0-%{width}x%{height}.jpg
15c9a54b946a40c38c07ea2f9efddfa5,11864,【歌回】時間跨越歌回：跟我一起回顧當紅歌曲們！｜煌Kirali,2024-01-30T14:35:46Z,https://www.youtube.com/watch?v=UyYTyEO2gQ8,https://i.ytimg.com/vi/UyYTyEO2gQ8/mqdefault.jpg
9e05802075c343a3bf2778550d5157da,11831,【直播精華】雀魂 國士無雙13面 打牌靠賽輕鬆自在｜花川夢姬,2024-01-22T10:00:49Z,https://www.youtube.com/watch?v=yyqDcfCIkSM,https://i.ytimg.com/vi/yyqDcfCIkSM/mqdefault.jpg
c82ab1b4f8f64d1f84cae4ce09aa0dea,11771,玩什麼好呢｜汐Seki｜!週邊 !指令,2024-01-29T14:01:59Z,https://www.twitch.tv/videos/2047130224,https://static-cdn.jtvnw.net/cf_vods/d3vd9lfkzbru3h/a2dd0a8e8bb55e107e54_seki_meridian_41019598535_1706536912//thumb/thumb0-%{width}x%{height}.jpg
6929e06cd9ed49739cadaa35115847c7,11759,【歌回】光與光媽歌回．應該不會失控啦 𓂃🌥️｜雲隙光．kumosuki,2024-02-10T10:59:34Z,https://www.youtube.com/watch?v=EjL2U_B5cAs,https://i.ytimg.com/vi/EjL2U_B5cAs/mqdefault.jpg
0448e6929687421c9e0435832765b9fe,11721,【早安泠聲】看看今天是先6000訂閱還是先跟150人說到早安！【泠伊居】,2024-02-08T09:41:28Z,https://www.youtube.com/watch?v=HRoQ_3wxcs8,https://i.ytimg.com/vi/HRoQ_3wxcs8/mqdefault.jpg
2e266a71aa3d4a67bb8d9a2a0b573319,11706,【仔魚】2/4 我的作息 ㄏ  @ZIIFISH     !聖誕節 !紅包 !周邊,2024-02-03T18:34:48Z,https://www.twitch.tv/videos/2052175376,https://static-cdn.jtvnw.net/cf_vods/d3vd9lfkzbru3h/c4c31b42a3bf6e255447_ziifish_41035029111_1706985278//thumb/thumb0-%{width}x%{height}.jpg
1c5619a4ece046dd8ba68ed343489ca3,11705,"【中共國家的人】竟然直呼台灣人""灣❌""",2024-02-10T10:21:27Z,https://www.youtube.com/watch?v=6uRnNS7WyKM,https://i.ytimg.com/vi/6uRnNS7WyKM/mqdefault.jpg
17c335762a694402b8cb9a96b2865572,11684,［縱型配信］深夜雜談台 | 寒流來襲，跟姊姊在被窩裡貼貼取暖吧💜,2024-01-22T21:43:01Z,https://www.youtube.com/watch?v=1GNsQepQHx4,https://i.ytimg.com/vi/1GNsQepQHx4/mqdefault.jpg
35f3bb64e69c432180b98dde239f3bdd,11666,#八號出口 #九十九古董店 #台v #栗可 #栗可蓓歐 #栗可大爆炸  #台V #中文vtuber #新人vtuber #大聲蓓歐 #音量注意,2024-01-14T23:07:01Z,https://www.youtube.com/watch?v=SjRfSIqVLcU,https://i.ytimg.com/vi/SjRfSIqVLcU/mqdefault.jpg
2741a90689f342548daad7f760b0a8f7,11653,【公路唱歌】我沒有駕照但快上車【希翁／Chion】,2024-01-27T19:46:39Z,https://www.youtube.com/watch?v=_XyjrfZBrx4,https://i.ytimg.com/vi/_XyjrfZBrx4/mqdefault.jpg
52e472aa762449b585c45a2d578bdf41,11651,【聊天】來看看今天結束前洗澡條會不會滿(｡･ω･｡)ﾉ,2024-01-24T20:54:24Z,https://www.youtube.com/watch?v=N3E2uaBC7nc,https://i.ytimg.com/vi/N3E2uaBC7nc/mqdefault.jpg
6943bbfc993443d4b3853833b3bb1a66,11649,異性人氣提升法🪄你對自己沒自信嗎？女生喜歡的類型是？🐻‍❄️,2024-01-16T13:41:18Z,https://www.youtube.com/watch?v=kW1j_zOXkq4,https://i.ytimg.com/vi/kW1j_zOXkq4/mqdefault.jpg
52e472aa762449b585c45a2d578bdf41,11639,【首次加班台】挑戰一小時下播(｡･ω･｡)ﾉ沒下播我就是狗( *´꒳`*)੭⁾⁾,2024-02-05T19:37:22Z,https://www.youtube.com/watch?v=5PPeYtmBd6E,https://i.ytimg.com/vi/5PPeYtmBd6E/mqdefault.jpg
7c06b9e316ce4ac18ce836cd72442bbe,11636,【初新衣装歌枠】想穿新衣服唱很多很ROCK很帥的歌🔥🔥🔥新しい姿でかっこいい曲たくさん歌いたい！初見さん大歓迎🎵【浠Mizuki Karaoke】,2024-01-21T15:29:12Z,https://www.youtube.com/watch?v=plWvl_gw8v8,https://i.ytimg.com/vi/plWvl_gw8v8/mqdefault.jpg
f6a4e7aa8d0c4e5cb39d199845ec4d02,11593,【杏仁ミル】蟲蟲危機 | !5周年 !3C !咪嚕水 @vtuber_amiru,2024-02-09T04:13:18Z,https://www.twitch.tv/videos/2057480688,https://static-cdn.jtvnw.net/cf_vods/d3vd9lfkzbru3h/dfe1a5f035ba68289e13_vtuber_amiru_41050464119_1707451992//thumb/thumb0-%{width}x%{height}.jpg
d837e8fda137492c9d77882b98ff863a,11573,可以一輩子拿紅包的代價是單身一輩子？！ #台v #vtuber #真理果,2024-02-09T07:00:09Z,https://www.youtube.com/watch?v=SVdld54JCso,https://i.ytimg.com/vi/SVdld54JCso/mqdefault.jpg
e93bd1102e214cbaa71cc5b2e4a53595,11558,帕一下！ ░ @earendelxdfp !指令 !隊友,2024-01-31T14:30:52Z,https://www.twitch.tv/videos/2049027852,https://static-cdn.jtvnw.net/cf_vods/d3vd9lfkzbru3h/8bc0f600af5e5dbd2a32_earendelxdfp_41025344199_1706711447//thumb/thumb0-%{width}x%{height}.jpg
58abad4aa8de49efb785367503dfd92c,11549,精O抗憂鬱！？小二！給我來一碗！#台v #hkvtuber #shorts #vtuberclip #vtuber中文 #台灣vtuber #台v精華 #野薔薇asmr,2024-02-04T01:55:03Z,https://www.youtube.com/watch?v=92lFkdmt9Ng,https://i.ytimg.com/vi/92lFkdmt9Ng/mqdefault.jpg
1ccdbe5d48934f4cbabc86512dd1d357,11533,【日籍台V】日本人最喜歡的台灣點心決定戰（個人感想）,2024-01-25T13:52:42Z,https://www.youtube.com/watch?v=kFcO9rO--Zk,https://i.ytimg.com/vi/kFcO9rO--Zk/mqdefault.jpg
4fd17e8877024633876c5d85bc81e56b,11483,露營簡單一點不行嗎?  #台V #vtuber #台灣vtuber #vtuber中文  #vtuberclip #光頭Vtuber #atamahikari,2024-01-31T10:00:45Z,https://www.youtube.com/watch?v=xiA5P8zfd_A,https://i.ytimg.com/vi/xiA5P8zfd_A/mqdefault.jpg
a9b855767b2d432c9f263e3427ff33a6,11479,【#歌枠】開心隨意唱歌時間~ 進來聽聽八【埃穆亞Oumua】,2024-02-08T18:48:20Z,https://www.youtube.com/watch?v=e9uHG7rXKJA,https://i.ytimg.com/vi/e9uHG7rXKJA/mqdefault.jpg
95f8bb8a92c1450b8b5993f740b39338,11470,Vtuber Drives Car with a PS5 Controller 💀,2024-01-27T10:00:01Z,https://www.youtube.com/watch?v=1Gu0DvgI64Q,https://i.ytimg.com/vi/1Gu0DvgI64Q/mqdefault.jpg
7c06b9e316ce4ac18ce836cd72442bbe,11428,【朝活歌枠】新年快樂！朝氣滿滿迎春❤元気いっぱいで春節を迎えよー🎵初見歓迎❤【浠Mizuki Karaoke】,2024-02-10T04:43:50Z,https://www.youtube.com/watch?v=1iFEsp3IhOA,https://i.ytimg.com/vi/1iFEsp3IhOA/mqdefault.jpg
a8ce4642418b4fe8ba1471a32097f4c4,11423,【雜談】去迪士尼的所有東西都準備好了 ! 只差這刮刮樂就可以直接走了 ! 【歐妲/惡獸時代】,2024-02-10T12:37:45Z,https://www.youtube.com/watch?v=Qf8HLW4yNko,https://i.ytimg.com/vi/Qf8HLW4yNko/mqdefault.jpg
58abad4aa8de49efb785367503dfd92c,11423,現在很流行奶奶大熊熊型的男生！ 帥哥可是原罪（以貌取人薔限定）#台v #hkvtuber #shorts #vtuberclip #vtuber中文 #台灣vtuber #台v精華 #野薔薇asmr,2024-01-23T05:12:53Z,https://www.youtube.com/watch?v=bifidb_Wy0w,https://i.ytimg.com/vi/bifidb_Wy0w/mqdefault.jpg
f99b7c49c1c8472681987ac2d1ff87bc,11380,看看影片 等下碧藍幻象? !日程 !VPN,2024-02-05T11:05:45Z,https://www.twitch.tv/videos/2053881764,https://static-cdn.jtvnw.net/cf_vods/d3vd9lfkzbru3h/d83d076dc04c9f7c1cef_restiafps_41039732871_1707131138//thumb/thumb0-%{width}x%{height}.jpg
fa5a7cdc259543259af42bb23f1e4041,11379,分享怎麼當VTuber半年賺300萬 #Vtuber #台v #515,2024-01-27T04:01:46Z,https://www.youtube.com/watch?v=lFXo-tE1wYo,https://i.ytimg.com/vi/lFXo-tE1wYo/mqdefault.jpg
3809ec8a42634d11aa1b7b8f99755c6a,11352,【琉花】1/17 輪迴啟動 !紅包活動  |  LINE表情貼新上架!  | !周邊 | !LINE貼圖,2024-01-17T08:21:21Z,https://www.twitch.tv/videos/2035108216,https://static-cdn.jtvnw.net/cf_vods/d3vd9lfkzbru3h/f12e7b4ae34c7c5da815_mayberuu_40982097207_1705479675//thumb/thumb0-%{width}x%{height}.jpg
3197e5649c65405cbbe6e5f1a44cf8e1,11347,【歌雜】考試辛苦了！快來聽白白唱歌放鬆一下吧 ❄ #直式直播 #shorts 【白月心宿】,2024-01-20T18:29:07Z,https://www.youtube.com/watch?v=lXUT3nXB9Zg,https://i.ytimg.com/vi/lXUT3nXB9Zg/mqdefault.jpg
2741a90689f342548daad7f760b0a8f7,11333,【Dcard北七文鑑賞】這你給過嗎？我不給！【希翁／Chion】,2024-01-23T16:09:21Z,https://www.youtube.com/watch?v=VZFoVecwrqw,https://i.ytimg.com/vi/VZFoVecwrqw/mqdefault.jpg
4c3cae772e974f8fb8e04f4cc9c8cd8d,11332,✞ 超派꙳ ✞ 臉上有疤超叛逆！變成這樣你們還會愛嗎？  ⌇ Square Live 白白虹 xxhacucoxx,2024-02-01T11:40:00Z,https://www.youtube.com/watch?v=5m3NhQVsuTs,https://i.ytimg.com/vi/5m3NhQVsuTs/mqdefault.jpg
6943bbfc993443d4b3853833b3bb1a66,11327,你們早點出發，屈原頭髮還是乾的🥲 #台灣vtuber #擴散希望 #迷因療法 #迷因 #台V #迷因梗圖,2024-01-28T12:44:54Z,https://www.youtube.com/watch?v=aJDrC0_MN0E,https://i.ytimg.com/vi/aJDrC0_MN0E/mqdefault.jpg
312fdd3c5e6d4aefa73fd3860ecc5613,11323,🐺Fb上那些奇妙的活動 #shorts,2024-02-09T10:00:26Z,https://www.youtube.com/watch?v=RdB23cAhips,https://i.ytimg.com/vi/RdB23cAhips/mqdefault.jpg
7c06b9e316ce4ac18ce836cd72442bbe,11318,【3D演唱會直拍版】Day by Day 完整版近日公開！ #shorts #MizukiBV3D,2024-01-16T03:22:07Z,https://www.youtube.com/watch?v=yg9SFZnf8_Y,https://i.ytimg.com/vi/yg9SFZnf8_Y/mqdefault.jpg
334133534368487780dfa99b7c9f5949,11307,一分鐘學會自製脆瓜🥒 #cooking #lifestyle #vtuber,2024-01-31T06:00:12Z,https://www.youtube.com/watch?v=Mw7V3f8TJqo,https://i.ytimg.com/vi/Mw7V3f8TJqo/mqdefault.jpg
512b64ec20174d018540516e9edf2b2f,11293,玩一下uvprinter和lazer cutting機器，直式直播,2024-02-09T01:15:15Z,https://www.youtube.com/watch?v=UvUlPT0JMrA,https://i.ytimg.com/vi/UvUlPT0JMrA/mqdefault.jpg
a6a4e83ae23140e6bd1f7c817af8f864,11286,【ASMR】有空的話可以來陪陪我嗎♡耳元で囁く【露熙妲 Luxida】,2024-02-01T17:29:09Z,https://www.youtube.com/watch?v=fahHToPGKOA,https://i.ytimg.com/vi/fahHToPGKOA/mqdefault.jpg
9cec24b011ee45648eb404066c997f49,11274,【幻獸帕魯】慣老闆模擬器走起！(X)　精神時光屋今天又要偷走我多少時間( ´･ω)█熙歌Cygnus,2024-01-23T18:15:19Z,https://www.youtube.com/watch?v=ItJRItjEGtE,https://i.ytimg.com/vi/ItJRItjEGtE/mqdefault.jpg
029dfaf0b42a45839661df6dc99efcdd,11272,當我第一次遇到「我不是機器人」測驗,2024-02-12T10:30:06Z,https://www.youtube.com/watch?v=P12Dp1XZ9CA,https://i.ytimg.com/vi/P12Dp1XZ9CA/mqdefault.jpg
a6a4e83ae23140e6bd1f7c817af8f864,11272,【歌枠/歌回】謝謝你們在人海茫茫中找到我✦好きな歌を歌います【露熙妲 Luxida】,2024-02-02T14:16:27Z,https://www.youtube.com/watch?v=nNl8Lq_Co4M,https://i.ytimg.com/vi/nNl8Lq_Co4M/mqdefault.jpg
95f8bb8a92c1450b8b5993f740b39338,11265,The BIGGEST Otter in Genshin Impact,2024-01-24T10:00:24Z,https://www.youtube.com/watch?v=XbmWiMROY5c,https://i.ytimg.com/vi/XbmWiMROY5c/mqdefault.jpg
334133534368487780dfa99b7c9f5949,11258,一分鐘學會海鮮羹 🥘 #cooking #lifestyle #vtuber,2024-02-11T01:00:17Z,https://www.youtube.com/watch?v=ghmdz1HDI5w,https://i.ytimg.com/vi/ghmdz1HDI5w/mqdefault.jpg
512b64ec20174d018540516e9edf2b2f,11238,台灣台北故宮博物院🦉直式直播💚 #日常 #vlog #生活 #遊記,2024-02-10T22:02:54Z,https://www.youtube.com/watch?v=D7oREyArEsA,https://i.ytimg.com/vi/D7oREyArEsA/mqdefault.jpg
ba562aad440d483e988d3ce7e7217c94,11176,[貓宮香草]  1/23   快破台了,2024-01-23T06:17:40Z,https://www.twitch.tv/videos/2041056260,https://static-cdn.jtvnw.net/cf_vods/d3vd9lfkzbru3h/a6053611a57142c64afb_vanilla_shironeko_40999995367_1705990656//thumb/thumb0-%{width}x%{height}.jpg
ea4c1a67c2e445ad8028768616ceb659,11142,最近很流行的那隻貓【洛可洛斯特 / VTUBER】#chipichipi #台灣vtuber #洛可洛斯特 #brickbreaker #chipichapa,2024-01-21T09:17:06Z,https://www.youtube.com/watch?v=webNC30Mgck,https://i.ytimg.com/vi/webNC30Mgck/mqdefault.jpg
50a0835b66844b0ab84f573934f20989,11118,【棉花糖時間】問題通通來💧把大家的疑問全都吃光光！,2024-02-04T17:50:55Z,https://www.youtube.com/watch?v=KxWuGwweVvY,https://i.ytimg.com/vi/KxWuGwweVvY/mqdefault.jpg
ebe5c5f9d67f44f3bc5e70b413ce9df7,11085,【早安歌回】新年假期前，讓團長陪伴你們最後一天工作日【依可露】,2024-02-07T04:41:32Z,https://www.youtube.com/watch?v=zXTuuPgnMNI,https://i.ytimg.com/vi/zXTuuPgnMNI/mqdefault.jpg
95f8bb8a92c1450b8b5993f740b39338,11084,Average Genshin player aim 💀,2024-01-31T10:00:22Z,https://www.youtube.com/watch?v=YcT-ZRWqQGM,https://i.ytimg.com/vi/YcT-ZRWqQGM/mqdefault.jpg
ee0763f3339d45b493bf45488a8e7701,11083,【梓芊🐰】 @pandora0407 🤍 2/9 瘋了才在雨天騎車回苗栗 (๑´ㅂ`๑ )🤍 !7tv YT過收益化了!!,2024-02-09T03:34:46Z,https://www.twitch.tv/videos/2057453644,https://static-cdn.jtvnw.net/cf_vods/d3vd9lfkzbru3h/5e42fef8625b7dec18cf_pandora0407_41050399895_1707449676//thumb/thumb0-%{width}x%{height}.jpg
f6a4e7aa8d0c4e5cb39d199845ec4d02,11082,【杏仁ミル】一點都不恐怖好嗎 | !5周年 !3C !咪嚕水 @vtuber_amiru,2024-02-07T13:58:12Z,https://www.twitch.tv/videos/2055823704,https://static-cdn.jtvnw.net/cf_vods/d3vd9lfkzbru3h/4bd6dd12cd185df31dc7_vtuber_amiru_41046250663_1707314287//thumb/thumb0-%{width}x%{height}.jpg
0641a9c8b9a94994aaa33e0c86fef75b,11077,【苦水投稿#2】你ㄉ苦水!!!庫來分擔!!!!【庫洛姆Kuromu】#台灣Vtuber #庫洛姆,2024-02-01T17:29:36Z,https://www.youtube.com/watch?v=Re3j6XiD8uA,https://i.ytimg.com/vi/Re3j6XiD8uA/mqdefault.jpg
f6a4e7aa8d0c4e5cb39d199845ec4d02,11061,新年快樂！陪你一起守歲到年獸不敢來打你的村莊【#杏仁ミル】,2024-02-09T22:53:34Z,https://www.youtube.com/watch?v=b1luC3hal90,https://i.ytimg.com/vi/b1luC3hal90/mqdefault.jpg
d3a75c3d9f204420808f38ed629becf4,11061,【突發】 有緣就進來點個訂閱吧~13000衝刺中 #shorts #縦型配信 #直向直播 #縦型歌回 #歌枠 #singing #talking,2024-02-12T21:25:14Z,https://www.youtube.com/watch?v=d2QTacIJ_ZE,https://i.ytimg.com/vi/d2QTacIJ_ZE/mqdefault.jpg
a9b855767b2d432c9f263e3427ff33a6,11054,【不能邪門】傲魔魔覺得今天的網路用得夠多了【埃穆亞Oumua】,2024-01-21T05:00:13Z,https://www.youtube.com/watch?v=O-kRruriU9I,https://i.ytimg.com/vi/O-kRruriU9I/mqdefault.jpg
7c06b9e316ce4ac18ce836cd72442bbe,11052,【深夜歌枠】2024一月辛苦了！來聽歌療癒身心吧💙正月お疲れ🌼癒しの歌声を届けたい！初見さん大歓迎🎵【浠Mizuki Karaoke】,2024-01-27T16:11:42Z,https://www.youtube.com/watch?v=cwwtaV9M1H4,https://i.ytimg.com/vi/cwwtaV9M1H4/mqdefault.jpg
bafb134fd2f849898d6242d1f5f683cc,11049,【Palworld】可以收服幻獸和人類的遊戲？！聽說超級好玩！ft. @Moondogs_Celestial【涅默Nemesis】,2024-01-19T18:33:04Z,https://www.youtube.com/watch?v=PV868wnEOh0,https://i.ytimg.com/vi/PV868wnEOh0/mqdefault.jpg
b4a1791208fd4d85b7b08ee2bad0c236,11046,【直式直播】突發刪檔歌回🌼 #shorts #瑪格麗特諾爾絲 #vtuber #箱箱thebox,2024-02-01T20:55:59Z,https://www.youtube.com/watch?v=a8swaBZeTcU,https://i.ytimg.com/vi/a8swaBZeTcU/mqdefault.jpg
1323f1b775bf43659f8b8ec2899522cd,11034,【柴家的縱型直播】唱歌!!!!🐸🍁,2024-02-04T18:31:39Z,https://www.youtube.com/watch?v=sxXgY-e3X9c,https://i.ytimg.com/vi/sxXgY-e3X9c/mqdefault.jpg
f110fd69b66941bab04de9ada563c6ac,11004,【Palworld帕魯幻獸】我就不信這麼好玩！【AoiHinamori】,2024-01-23T19:30:29Z,https://www.youtube.com/watch?v=QRulwESbTf0,https://i.ytimg.com/vi/QRulwESbTf0/mqdefault.jpg
265a18972d244affae35711cfd1f9931,10999,TAKOASMR：舒眠向  用力的抱抱 暖暖的在姊姊懷裡睡覺吧❤️ 【MiroLive/塔芭絲可】,2024-02-04T16:09:44Z,https://www.youtube.com/watch?v=EEghEEUEW_8,https://i.ytimg.com/vi/EEghEEUEW_8/mqdefault.jpg
c65e7caaf81a43249d5132b9fe312b24,10996,PALWORLD but I catch and butcher LOVANDERS (Paldeck No. 69),2024-02-01T11:06:01Z,https://www.youtube.com/watch?v=12DXWYLlI8Q,https://i.ytimg.com/vi/12DXWYLlI8Q/mqdefault.jpg
6bd49f94afb144e995247388ca8c42a8,10985,【ASMR 雜談】陪你消化Blue Monday的情緒 希望我能幫助你快樂一點【橙Yuzumi】#shorts #縦型配信,2024-01-15T16:49:56Z,https://www.youtube.com/watch?v=cTDjMSeWWWI,https://i.ytimg.com/vi/cTDjMSeWWWI/mqdefault.jpg
cd42e06c40534d9eac7e30a434e47d43,10978,帕豹被黑羽說臉跟聲音搭不起來？還是我的聲音比較像是…… @blackm3  #vtuber #帕豹pabo #shorts #short,2024-02-09T00:00:28Z,https://www.youtube.com/watch?v=b8DzhcsXKiE,https://i.ytimg.com/vi/b8DzhcsXKiE/mqdefault.jpg
5d00575c06d74f588238857d7dec1b02,10948,【#縦型配信】喂，來談戀愛吧！#青春網戀模擬器❤️‍🔥妮卡沃爾 #shorts #Vtuber #talkingstream #台V,2024-01-29T11:54:21Z,https://www.youtube.com/watch?v=7t9XOsjeCVs,https://i.ytimg.com/vi/7t9XOsjeCVs/mqdefault.jpg
7a88afc5eb644d76b35ed4ca968259bb,10947,🔴 【 吧噗 🍦】02/05 輕語 助眠 live 💤 Ear Licking 耳舐め,2024-02-04T18:45:12Z,https://www.youtube.com/watch?v=m9AruPz1WWU,https://i.ytimg.com/vi/m9AruPz1WWU/mqdefault.jpg
cd42e06c40534d9eac7e30a434e47d43,10893,【突擊工作台】鏡頭注意! 你們的魔法小海豹來了! ♡  嗷嗚~ #vtuber,2024-01-24T19:29:20Z,https://www.youtube.com/watch?v=xXOqwnAvVXU,https://i.ytimg.com/vi/xXOqwnAvVXU/mqdefault.jpg
f110fd69b66941bab04de9ada563c6ac,10891,？？？？？？？？？？,2024-01-15T17:02:31Z,https://www.youtube.com/watch?v=PQz23wPF7i0,https://i.ytimg.com/vi/PQz23wPF7i0/mqdefault.jpg
f928118054aa4e11aa4ec88504d8b886,10874,【虛擬同事/縱型】今天來衝刺一下！陪黑犬們度過下午無聊時光🦋！ 【#臺灣vtuber / #雲際線】,2024-02-02T11:18:54Z,https://www.youtube.com/watch?v=52al-Xx5OPA,https://i.ytimg.com/vi/52al-Xx5OPA/mqdefault.jpg
15c9a54b946a40c38c07ea2f9efddfa5,10867,【突發歌雜】給大家唱唱歌，倒數除夕迎接新年！｜煌Kirali,2024-02-09T17:40:26Z,https://www.youtube.com/watch?v=tm0W_3n6z0w,https://i.ytimg.com/vi/tm0W_3n6z0w/mqdefault.jpg
95f8bb8a92c1450b8b5993f740b39338,10864,Neuvillette Gets His REVENGE 😈,2024-01-19T10:00:04Z,https://www.youtube.com/watch?v=5YjGsIow5XE,https://i.ytimg.com/vi/5YjGsIow5XE/mqdefault.jpg
5535c9524eb046c38e172ebfa06b302f,10859,🔴LIVE【Palworld】跟阿神、雪兔、鵝王當慣老闆！ Ft. @KoukiLiveShow  @snowrabbit0821  🥳▹璐洛洛◃,2024-01-29T14:12:47Z,https://www.youtube.com/watch?v=pHCpWkevSYw,https://i.ytimg.com/vi/pHCpWkevSYw/mqdefault.jpg
f6a4e7aa8d0c4e5cb39d199845ec4d02,10836,【杏仁ミル】半夜睡不著覺  | !5周年 !3C !咪嚕水 @vtuber_amiru,2024-01-23T16:32:20Z,https://www.twitch.tv/videos/2041328311,https://static-cdn.jtvnw.net/cf_vods/d3vd9lfkzbru3h/68368de685e8537b4734_vtuber_amiru_41001872279_1706027533//thumb/thumb0-%{width}x%{height}.jpg
52e472aa762449b585c45a2d578bdf41,10834,【聊天】今天看到很多人去逛展，有很多想問的東西(｡･ω･｡)ﾉ,2024-02-03T20:18:20Z,https://www.youtube.com/watch?v=zDNF0r_xhiw,https://i.ytimg.com/vi/zDNF0r_xhiw/mqdefault.jpg
8bf35c3b9a9e461d825a9170555b71c2,10834,【突發】來看大家的年夜飯！ ｜澪Rei,2024-02-10T21:15:34Z,https://www.youtube.com/watch?v=OIbBwBxoz2Y,https://i.ytimg.com/vi/OIbBwBxoz2Y/mqdefault.jpg
8b027d3a3f374c9c8398b6dd751e5018,10802,01/19｜公務員online ⸜(* ॑꒳ ॑* )⸝| !VPN !好玩遊戲 !人設 !GG !BOOBA !貼圖,2024-01-19T05:03:16Z,https://www.twitch.tv/videos/2036936438,https://static-cdn.jtvnw.net/cf_vods/d3vd9lfkzbru3h/b67b9da8e80eb37b4f2f_lisheng_tw_40987532727_1705640588//thumb/thumb0-%{width}x%{height}.jpg
626750f4e7a745619c171c44fb1efcc0,10800,跟100人說早安 小雪居然早開台欸 超激稀有晨雜 白雪公主與她的九隻小金魚 #04【天使Vtuber小雪Yukichan】#台灣Vtuber #Vtuber #shorts #縱向直播 #asmr,2024-02-02T12:50:18Z,https://www.youtube.com/watch?v=PN2IlpIg2EQ,https://i.ytimg.com/vi/PN2IlpIg2EQ/mqdefault.jpg
cd42e06c40534d9eac7e30a434e47d43,10782,男性的長度對阿豹來說重要嗎? 我覺得不一定! #vtuber #shorts #vtuber中文 #帕豹pabo #台灣vtuber #vtuber精華 #vtuberclip,2024-01-20T00:00:02Z,https://www.youtube.com/watch?v=2_LUAjxyhHc,https://i.ytimg.com/vi/2_LUAjxyhHc/mqdefault.jpg
e93bd1102e214cbaa71cc5b2e4a53595,10753,【APEX】涉谷自訂賽！上半場選手4我，只有我的畫風比較不一樣裂開囉 ft.兩位頂裂｜Gaming Stream,2024-01-25T14:11:02Z,https://www.youtube.com/watch?v=HTxrjy0v5gk,https://i.ytimg.com/vi/HTxrjy0v5gk/mqdefault.jpg
fa5a7cdc259543259af42bb23f1e4041,10752,這樣聊天一定沒朋友 #Vtuber #vtuberclips #台v精華 #515,2024-02-03T07:03:24Z,https://www.youtube.com/watch?v=lOdxduLKiJ0,https://i.ytimg.com/vi/lOdxduLKiJ0/mqdefault.jpg
9d9c6477329245cbb2557895f4f15686,10751,為你心愛的主包買槍 投資一分希望 | 特戰英豪 | 稻乙緹,2024-01-15T18:35:03Z,https://www.youtube.com/watch?v=GCKzM9WKDT4,https://i.ytimg.com/vi/GCKzM9WKDT4/mqdefault.jpg
c82ab1b4f8f64d1f84cae4ce09aa0dea,10739,【歌回】經典韓劇OST 第二彈！｜汐Seki,2024-01-28T15:38:30Z,https://www.youtube.com/watch?v=fWwK-qOf8Sg,https://i.ytimg.com/vi/fWwK-qOf8Sg/mqdefault.jpg
a9b855767b2d432c9f263e3427ff33a6,10725,【Grand Archive | GA卡牌】跟大家開箱! 究竟是春魚第一臭手or歐洲人就看這次了..!! 鏡頭全視角 主持擔當!! ft.熙歌、雲隙光、露恰、哈瓜【埃穆亞Oumua】,2024-01-30T16:16:42Z,https://www.youtube.com/watch?v=g9cImlNasV0,https://i.ytimg.com/vi/g9cImlNasV0/mqdefault.jpg
8bf35c3b9a9e461d825a9170555b71c2,10713,【突發歌雜】突然想唱歌，唱完歌有驚喜！ ｜澪Rei,2024-02-05T14:30:09Z,https://www.youtube.com/watch?v=O56tj-cSspM,https://i.ytimg.com/vi/O56tj-cSspM/mqdefault.jpg
bafb134fd2f849898d6242d1f5f683cc,10707,【Palworld】來裝潢新城堡！打造一個超溫馨的城堡式古宅 ft. @EarendelXDFP【涅默Nemesis】,2024-01-26T10:18:45Z,https://www.youtube.com/watch?v=lSStanTcZkw,https://i.ytimg.com/vi/lSStanTcZkw/mqdefault.jpg
ebe5c5f9d67f44f3bc5e70b413ce9df7,10707,【耐久歌回】1初見+1分耐久，從早到晚大爆唱？？【依可露】,2024-01-16T11:08:39Z,https://www.youtube.com/watch?v=mcGvjI6hMeM,https://i.ytimg.com/vi/mcGvjI6hMeM/mqdefault.jpg
7c06b9e316ce4ac18ce836cd72442bbe,10702,小小夢想達成🥳 #shorts #mizukilive,2024-01-18T07:27:36Z,https://www.youtube.com/watch?v=SW0JctxwW94,https://i.ytimg.com/vi/SW0JctxwW94/mqdefault.jpg
5535c9524eb046c38e172ebfa06b302f,10620,🔴LIVE【Palworld】帕魯！啟動！ Ft. @shalala1120 @STORIANarrator @washimineryo  🥳▹璐洛洛◃,2024-01-24T20:09:45Z,https://www.youtube.com/watch?v=qBfMCj4xI5k,https://i.ytimg.com/vi/qBfMCj4xI5k/mqdefault.jpg
8bf35c3b9a9e461d825a9170555b71c2,10618,一百周年百人凸待！百年後的聲音是？小澪終於知道5MA的真相了ノAヽ #shorts #vtuber #新人vtuber #新人vtuber #台灣vtuber #rei #看這狸 #霓neon,2024-01-16T10:18:03Z,https://www.youtube.com/watch?v=6XeL3LAgCXU,https://i.ytimg.com/vi/6XeL3LAgCXU/mqdefault.jpg
4544974bc5624035ae7bb0c9ed33e44e,10618,【偷薪水】連續洗完澡了就是爽啦！直式配信。【瓦西瓦瓦 / Vaswawa】,2024-01-29T06:20:15Z,https://www.youtube.com/watch?v=ZU3rnjiKMps,https://i.ytimg.com/vi/ZU3rnjiKMps/mqdefault.jpg
8bf35c3b9a9e461d825a9170555b71c2,10618,【雜談】深夜談心（？）｜澪Rei,2024-01-28T17:44:11Z,https://www.youtube.com/watch?v=qcHBS9B0emw,https://i.ytimg.com/vi/qcHBS9B0emw/mqdefault.jpg
512b64ec20174d018540516e9edf2b2f,10604,開車直播！可能去驗車？我們來閒聊一下吧🦉💚直式直播,2024-02-06T18:31:14Z,https://www.youtube.com/watch?v=WtD-PnsC32E,https://i.ytimg.com/vi/WtD-PnsC32E/mqdefault.jpg
6bd49f94afb144e995247388ca8c42a8,10601,"【練歌回】🎵久久一次的""練""歌回 希望有首能完整唱完的歌 ( •̀ ω •́ )✧ 【橙Yuzumi】",2024-01-24T16:13:20Z,https://www.youtube.com/watch?v=6prlFjvUMKE,https://i.ytimg.com/vi/6prlFjvUMKE/mqdefault.jpg
95f8bb8a92c1450b8b5993f740b39338,10581,The FUNNIEST Team in Genshin 😂,2024-01-18T10:00:41Z,https://www.youtube.com/watch?v=q0tiSEUf7lM,https://i.ytimg.com/vi/q0tiSEUf7lM/mqdefault.jpg
868f29ec868047fdb2a80a91f49fc55a,10577,【歌回剪輯】欺騙耳朵的叮叮噹噹空耳｜叮叮噹噹／Hoàng Thuỳ Linh - See Tình｜抖音神曲｜波比烏哩 Poppy Woolly,2024-01-30T13:04:18Z,https://www.youtube.com/watch?v=qoPxA8KCMD8,https://i.ytimg.com/vi/qoPxA8KCMD8/mqdefault.jpg
b6f68e0e323f45458752f3a7ec6a08f2,10574,【#縱型雜談】幽夜細語🐲初三晚安✨回來了，員工還敢休息？🦗【月下香幽芳YuFang】,2024-02-12T16:56:30Z,https://www.youtube.com/watch?v=DMVMqTrO-pk,https://i.ytimg.com/vi/DMVMqTrO-pk/mqdefault.jpg
ce2a2c07a74640fc8d3b39d022b16dd9,10568,「縱型歌回」：駐唱歌回 歡迎點歌 #shorts,2024-01-27T15:20:25Z,https://www.youtube.com/watch?v=HSg9lfIhCvs,https://i.ytimg.com/vi/HSg9lfIhCvs/mqdefault.jpg
8bf35c3b9a9e461d825a9170555b71c2,10546,【雜談】聊天聊天聊天聊天聊天聊天聊天聊天聊天聊天｜澪Rei,2024-02-03T16:33:32Z,https://www.youtube.com/watch?v=yVQouuKhuxw,https://i.ytimg.com/vi/yVQouuKhuxw/mqdefault.jpg
3f4650e05ceb41008bd16869780b7af1,10533,【貓咪大戰爭】第二屆貓戰梗圖鑑賞！讓我看看你們的創意吧！,2024-02-02T14:08:52Z,https://www.youtube.com/watch?v=uuzGcA6zFgQ,https://i.ytimg.com/vi/uuzGcA6zFgQ/mqdefault.jpg
62e5d9c4ad1e4d7a9fb61fe531c4b940,10531,【歌回】#縦型配信 夜深人靜 讓我為美好的夜增添一點風采【凝川眠 kokawa nemuri】,2024-02-03T17:48:21Z,https://www.youtube.com/watch?v=g64hu2U9RBA,https://i.ytimg.com/vi/g64hu2U9RBA/mqdefault.jpg
334133534368487780dfa99b7c9f5949,10517,一分鐘學會製作一夜干 🐟 #cooking #lifestyle #vtuber,2024-01-25T06:51:47Z,https://www.youtube.com/watch?v=4J9kBKhZRXM,https://i.ytimg.com/vi/4J9kBKhZRXM/mqdefault.jpg
6bd49f94afb144e995247388ca8c42a8,10514,【APEX】摸斗嗨壓庫！大劍在手誰與爭鋒٩(◦`꒳´◦)۶【橙Yuzumi】,2024-01-17T12:28:55Z,https://www.youtube.com/watch?v=9PKW2-sUJyo,https://i.ytimg.com/vi/9PKW2-sUJyo/mqdefault.jpg
1b63d89e0b1a4b579de6d99e25eaff8f,10494,突然就出現新模型了 #Vtuber #貓祭 #shorts ​#祭庫shorts,2024-01-21T10:25:14Z,https://www.youtube.com/watch?v=zvhL6dJAcgA,https://i.ytimg.com/vi/zvhL6dJAcgA/mqdefault.jpg
f7c8264349654390a5e39810dc012a38,10487,流浪商人欸！可以養嗎？【星見遙】#幻獸帕魯 #台v #vtuber精華 #直播精華,2024-01-22T13:15:03Z,https://www.youtube.com/watch?v=XbHniH1twlU,https://i.ytimg.com/vi/XbHniH1twlU/mqdefault.jpg
abd64c9a64e04fb1b23faa2480c1c106,10485,Epic Sax Bird 🎷,2024-01-14T09:07:37Z,https://www.youtube.com/watch?v=oR5klqC5Sjk,https://i.ytimg.com/vi/oR5klqC5Sjk/mqdefault.jpg
334133534368487780dfa99b7c9f5949,10483,30秒學會自製酸菜（芥菜） 🥬 #cooking #lifestyle #vtuber,2024-02-05T06:30:26Z,https://www.youtube.com/watch?v=pVDq9TtCUHg,https://i.ytimg.com/vi/pVDq9TtCUHg/mqdefault.jpg
b126053a1356460ebf85a874a6a55aca,10467,綠這個世代6敗4！桃園藍營全壘打｜10現任立委敗北！綠營國會跛腳 🍓20240114 #高雄林小姐 #Vtuber​​​​ #台灣Vtuber​​​ #台V,2024-01-14T13:13:36Z,https://www.youtube.com/watch?v=5DzMDNuSVQ4,https://i.ytimg.com/vi/5DzMDNuSVQ4/mqdefault.jpg
b6f68e0e323f45458752f3a7ec6a08f2,10466,【#縱型繪雜】畫龍點心 - 晚安🐲今天來完成龍年賀圖卡吧！【月下香幽芳YuFang】,2024-01-16T19:13:09Z,https://www.youtube.com/watch?v=enu5qnWqnsU,https://i.ytimg.com/vi/enu5qnWqnsU/mqdefault.jpg
512b64ec20174d018540516e9edf2b2f,10464,半夜陪我來聊天吧🥰今天繼續跟chatgpt練習English和日本語，直式直播！,2024-01-31T10:02:22Z,https://www.youtube.com/watch?v=QA-RAv9i1Zs,https://i.ytimg.com/vi/QA-RAv9i1Zs/mqdefault.jpg
7c06b9e316ce4ac18ce836cd72442bbe,10461,【3D演唱會直拍版】未知未踏アルスハイル 完整版近日公開！ #shorts #MizukiBV3D,2024-01-14T09:24:19Z,https://www.youtube.com/watch?v=oucTBz6IyIA,https://i.ytimg.com/vi/oucTBz6IyIA/mqdefault.jpg
2694a505a0e0441bb99b49e8ce1f7473,10449,【1/15】聽說好像約一點半耶｜1/11紅包活動啟動｜!yt !綠界 !會員 !7tv !指令,2024-01-15T05:53:34Z,https://www.twitch.tv/videos/2033095602,https://static-cdn.jtvnw.net/cf_vods/d3vd9lfkzbru3h/c53ea4421b47b599c236_kannazukilubee_40976009879_1705298009//thumb/thumb0-%{width}x%{height}.jpg
1323f1b775bf43659f8b8ec2899522cd,10440,【縱向直播】復健練溫和的歌!!🐸🍁,2024-02-01T15:43:01Z,https://www.youtube.com/watch?v=ed6-CPmwoiI,https://i.ytimg.com/vi/ed6-CPmwoiI/mqdefault.jpg
62e5d9c4ad1e4d7a9fb61fe531c4b940,10402,【早安雜談】#縦型配信 失眠睡不著 來哄我睡覺【凝川眠 kokawa nemuri】,2024-02-07T04:18:48Z,https://www.youtube.com/watch?v=TKmok12uedY,https://i.ytimg.com/vi/TKmok12uedY/mqdefault.jpg
15c9a54b946a40c38c07ea2f9efddfa5,10401,【突發】深夜想唱歌，來聽嗎？ ｜煌Kirali,2024-01-17T16:42:54Z,https://www.youtube.com/watch?v=zGY8Psfo5k8,https://i.ytimg.com/vi/zGY8Psfo5k8/mqdefault.jpg
50a0835b66844b0ab84f573934f20989,10394,【8號出口】無限循環💧無法逃脫的夢魘！,2024-02-02T17:43:24Z,https://www.youtube.com/watch?v=Bcgm4ZOXRcQ,https://i.ytimg.com/vi/Bcgm4ZOXRcQ/mqdefault.jpg
3809ec8a42634d11aa1b7b8f99755c6a,10394,【琉花】2/9 除夕好ms寶 晚點抽獎 明天回家 | !周邊 | !LINE貼圖,2024-02-09T06:11:29Z,https://www.twitch.tv/videos/2057544307,https://static-cdn.jtvnw.net/cf_vods/d3vd9lfkzbru3h/23f43ab993bf56cbb3d4_mayberuu_41050678535_1707459081//thumb/thumb0-%{width}x%{height}.jpg
ec4bc8d279af43eaba4679b762bbbc59,10367,【突發】突襲唱唱歌~!! 今日也有開放點點歌千萬別錯過拉~【#亞璐出任務】,2024-02-06T16:28:01Z,https://www.youtube.com/watch?v=FJoUmv-k6aQ,https://i.ytimg.com/vi/FJoUmv-k6aQ/mqdefault.jpg
49bb221fc77f440cae0c007a73f99aab,10355,9點王國紀元工商 Day9 ⋮ !加班 !尼魯貼圖 !DC !綠界,2024-01-20T11:58:52Z,https://www.twitch.tv/videos/2038177022,https://static-cdn.jtvnw.net/cf_vods/d3vd9lfkzbru3h/d80a2cce086625a2e00e_ukuruniru_40991789767_1705751925//thumb/thumb0-%{width}x%{height}.jpg
62e5d9c4ad1e4d7a9fb61fe531c4b940,10348,【歌回】#縦型配信 又是開心唱唱的一天【凝川眠 kokawa nemuri】,2024-01-20T14:35:04Z,https://www.youtube.com/watch?v=pNemBG_mJIM,https://i.ytimg.com/vi/pNemBG_mJIM/mqdefault.jpg
c40c5082434e4b1ca8e19f82d54f83b2,10320,【Shorts】Vtuber收到詐騙訊息 #Shorts #vtuber中文 #中文vtuber #台v,2024-02-03T15:30:08Z,https://www.youtube.com/watch?v=bEsbM_wrijc,https://i.ytimg.com/vi/bEsbM_wrijc/mqdefault.jpg
c65e7caaf81a43249d5132b9fe312b24,10319,LUNAR NEW YEAR FEAST,2024-02-11T05:55:01Z,https://www.youtube.com/watch?v=AHmns3DoBMo,https://i.ytimg.com/vi/AHmns3DoBMo/mqdefault.jpg
8bf35c3b9a9e461d825a9170555b71c2,10315,星月夜 - 由薰 / 澪Rei【Cover】,2024-02-05T14:08:07Z,https://www.youtube.com/watch?v=DoAizNX-Tow,https://i.ytimg.com/vi/DoAizNX-Tow/mqdefault.jpg
8dbec1de49be44d897f1c894427f3165,10296,【#初配信】新聞快報：「目前有一架巨大飛船即將降落在地球，請各位民眾注意」【星璃Seri】,2024-01-31T15:24:59Z,https://www.youtube.com/watch?v=i9QaZE88UGY,https://i.ytimg.com/vi/i9QaZE88UGY/mqdefault.jpg
c82ab1b4f8f64d1f84cae4ce09aa0dea,10290,小開開 🧧紅包挑戰最後一天🧧｜汐Seki｜!週邊 !指令,2024-01-22T14:01:13Z,https://www.twitch.tv/videos/2040287421,https://static-cdn.jtvnw.net/cf_vods/d3vd9lfkzbru3h/ab20bed1527d5ab3b66d_seki_meridian_40998417671_1705932068//thumb/thumb0-%{width}x%{height}.jpg
58abad4aa8de49efb785367503dfd92c,10288,打賭直播不開車，為了贏薔連網都不會上👍🏻 #台v #hkvtuber #shorts #vtuberclip #vtuber中文 #台灣vtuber #台v精華 #野薔薇ASMR,2024-02-09T01:17:55Z,https://www.youtube.com/watch?v=YeisSMp90N0,https://i.ytimg.com/vi/YeisSMp90N0/mqdefault.jpg
95f8bb8a92c1450b8b5993f740b39338,10284,Cyno takes Nilou's dance class 💀,2024-02-01T10:00:04Z,https://www.youtube.com/watch?v=66naoca1mj0,https://i.ytimg.com/vi/66naoca1mj0/mqdefault.jpg
98e3a5838fec4a6caa936ae35485de23,10259,【深夜談】到家啦開一下ฅ^•ﻌ•^ฅ🍻【露恰露恰．Vtuber】,2024-02-07T19:24:54Z,https://www.youtube.com/watch?v=0P8tL-yQ0KU,https://i.ytimg.com/vi/0P8tL-yQ0KU/mqdefault.jpg
64c779f8cc214e7a9b570c7b3fc128cc,10238,515會***筆嗎？#vtuber #vtuberclips #台v #台灣vtuber #台v精華 #利卡洛斯 #likaruz #likair #515 #515x20,2024-01-20T08:48:41Z,https://www.youtube.com/watch?v=yUHdhW8e83E,https://i.ytimg.com/vi/yUHdhW8e83E/mqdefault.jpg
312fdd3c5e6d4aefa73fd3860ecc5613,10218,【雜談LA】春遊去哪踏青？😎迫不及待要去玩LA #森森鈴蘭,2024-02-05T14:42:03Z,https://www.youtube.com/watch?v=2X6l22WXS_s,https://i.ytimg.com/vi/2X6l22WXS_s/mqdefault.jpg
265a18972d244affae35711cfd1f9931,10189,我們感謝你的不獸控制 我也喜歡密絲提...ㄧㄚ..,2024-02-06T14:29:36Z,https://www.youtube.com/watch?v=rJk0d58bcOE,https://i.ytimg.com/vi/rJk0d58bcOE/mqdefault.jpg
1323f1b775bf43659f8b8ec2899522cd,10174,【早晨唱歌】縱型!!!回舊家拜拜前來唱歌聊天!!🐸🍁開一下下,2024-02-11T03:22:47Z,https://www.youtube.com/watch?v=K-Djp1ZigDg,https://i.ytimg.com/vi/K-Djp1ZigDg/mqdefault.jpg
bafb134fd2f849898d6242d1f5f683cc,10146,【01.24】SL帕魯伺服器／!指令,2024-01-24T08:47:44Z,https://www.twitch.tv/videos/2042060170,https://static-cdn.jtvnw.net/cf_vods/d3vd9lfkzbru3h/93e00812865f9d27f966_nemesisxdfp_41003337703_1706086057//thumb/thumb0-%{width}x%{height}.jpg
8b027d3a3f374c9c8398b6dd751e5018,10143,01/22｜HEHE 有想我嗎 紅包挑戰最後一天 ⸜(* ॑꒳ ॑* )⸝| !VPN !好玩遊戲 !人設 !GG !BOOBA !貼圖,2024-01-22T05:24:09Z,https://www.twitch.tv/videos/2040089282,https://static-cdn.jtvnw.net/cf_vods/d3vd9lfkzbru3h/41d293f82896b4a3172d_lisheng_tw_40996908279_1705901044//thumb/thumb0-%{width}x%{height}.jpg
60282d578bb747b8b232dba81168a5b6,10141,【20k】早安r 接棒20k衝刺 幫阿冰加油 | 冰霧Eisnebel,2024-02-08T02:57:33Z,https://www.youtube.com/watch?v=AceqXVptHhk,https://i.ytimg.com/vi/AceqXVptHhk/mqdefault.jpg
bafb134fd2f849898d6242d1f5f683cc,10094,【動漫節見面會】又到了秀出你們熱情的時刻了！快來春魚攤位看捏摸！讓捏摸看看！【涅默Nemesis】,2024-02-04T06:33:07Z,https://www.youtube.com/watch?v=vrEooRoLsVc,https://i.ytimg.com/vi/vrEooRoLsVc/mqdefault.jpg
34edb431f7da4a43b2a6a9d79d2858d1,10090,時間軸遮眼睛 | 色不起來?  #台灣vtuber #vtuber精華 #台v,2024-01-27T00:45:00Z,https://www.youtube.com/watch?v=8wYx9uvCWiQ,https://i.ytimg.com/vi/8wYx9uvCWiQ/mqdefault.jpg
e17f42aa104040deae2ee3f3b1e85ed8,10084,【肉肉薔蒔】02/04,2024-02-03T20:04:15Z,https://www.twitch.tv/videos/2052266142,https://static-cdn.jtvnw.net/cf_vods/d3vd9lfkzbru3h/08580d049fd6830e684e_aishakumo_41035138103_1706990647//thumb/thumb0-%{width}x%{height}.jpg
f2a403cb46354371837550730a397bd1,10067,Huh？？？🛵🍜,2024-02-03T09:21:41Z,https://www.youtube.com/watch?v=p2OQKkBxBuw,https://i.ytimg.com/vi/p2OQKkBxBuw/mqdefault.jpg
265a18972d244affae35711cfd1f9931,10024,🐙新年守歲🐙 今晚有很多事情 我們可以徹夜長談 會一直陪你的🧧【MiroLive/塔芭絲可】,2024-02-10T03:49:18Z,https://www.youtube.com/watch?v=V1BY266M5Tw,https://i.ytimg.com/vi/V1BY266M5Tw/mqdefault.jpg
1c5619a4ece046dd8ba68ed343489ca3,9995,假扮人類的鬼，【考北R是假扮的❗】〈致命公司〉@AkanetsukiShippo,2024-01-30T10:55:10Z,https://www.youtube.com/watch?v=KTQ7xcz52_g,https://i.ytimg.com/vi/KTQ7xcz52_g/mqdefault.jpg
3809ec8a42634d11aa1b7b8f99755c6a,9986,【琉花】2/1 又月初囉 | !周邊 | !LINE貼圖,2024-02-01T13:03:38Z,https://www.twitch.tv/videos/2049930747,https://static-cdn.jtvnw.net/cf_vods/d3vd9lfkzbru3h/5328619a832a5ac41199_mayberuu_41027968647_1706792611//thumb/thumb0-%{width}x%{height}.jpg
6c872a4043b84e4493877a42af684d1d,9955,「生日倒數 #宇宙歌枠 167」一路歡唱古風歌到我的生日 生日周邊火熱預購中喔！初見大歡迎 Singing Stream【銀河Galaxy】,2024-02-10T16:57:43Z,https://www.youtube.com/watch?v=NHgyX9FMnOo,https://i.ytimg.com/vi/NHgyX9FMnOo/mqdefault.jpg
58abad4aa8de49efb785367503dfd92c,9944,🌹學日語絕對是從迷片開始！#台v #hkvtuber #shorts #vtuberclip #vtuber中文 #台灣vtuber #台v精華 #野薔薇ASMR,2024-01-28T01:50:05Z,https://www.youtube.com/watch?v=84MRdv19jTc,https://i.ytimg.com/vi/84MRdv19jTc/mqdefault.jpg
5f12df329c6144e1a6c596f4fbcb9e81,9936,日本單親媽媽、三歲小朋友，會喜歡嗎?一起看台灣華語童謠！ ft.乙夏れい、鈴果 【Torako Podcast 大合虎子】,2024-01-18T12:01:35Z,https://www.youtube.com/watch?v=TWFKJ-QJIvY,https://i.ytimg.com/vi/TWFKJ-QJIvY/mqdefault.jpg
fd6a0236861940389e15ef85b16c6069,9908,【烟花蹦蹦蹦】英文對羊是行不通的!,2024-01-24T15:20:26Z,https://www.youtube.com/watch?v=GQ0NoZWK0Ns,https://i.ytimg.com/vi/GQ0NoZWK0Ns/mqdefault.jpg
e0f419006f244a51804050ede1d1a5aa,9907,Pink just look so good on us ! #animationmeme #barbie #pink,2024-02-10T02:00:23Z,https://www.youtube.com/watch?v=wUGt-o_w4Ag,https://i.ytimg.com/vi/wUGt-o_w4Ag/mqdefault.jpg
ebe5c5f9d67f44f3bc5e70b413ce9df7,9862,【朝活】下午陪家人出門所以早點上班！💜來看看露戰隊們的年夜飯【依可露】#shorts #vtuber #台湾,2024-02-12T04:32:07Z,https://www.youtube.com/watch?v=cNnpeihfwRg,https://i.ytimg.com/vi/cNnpeihfwRg/mqdefault.jpg
6dc75ab227e34c928598bde8f2d324bf,9856,【雜談】縱型配信：※建議手機平板觀看！今天是正經莉絲！趕工吃棉花糖陪你們入睡～🦁️,2024-01-14T15:12:54Z,https://www.youtube.com/watch?v=RZ59EfrbcjI,https://i.ytimg.com/vi/RZ59EfrbcjI/mqdefault.jpg
8b027d3a3f374c9c8398b6dd751e5018,9843,01/15｜可惡的電腦 | !VPN,2024-01-15T04:48:24Z,https://www.twitch.tv/videos/2033059448,https://static-cdn.jtvnw.net/cf_vods/d3vd9lfkzbru3h/6178fbe032c2445f6207_lisheng_tw_40975897015_1705294097//thumb/thumb0-%{width}x%{height}.jpg
f110fd69b66941bab04de9ada563c6ac,9842,禿頭的治療方法 #shorts,2024-01-31T09:17:39Z,https://www.youtube.com/watch?v=bM9Hfi2NXa4,https://i.ytimg.com/vi/bM9Hfi2NXa4/mqdefault.jpg
e93bd1102e214cbaa71cc5b2e4a53595,9838,春魚箱大連動！鵝鴨殺心結啟動！ ░ @earendelxdfp !指令 !隊友,2024-01-26T18:31:09Z,https://www.twitch.tv/videos/2044304934,https://static-cdn.jtvnw.net/cf_vods/d3vd9lfkzbru3h/0ae4db452a772b7b4fba_earendelxdfp_41011209207_1706293863//thumb/thumb0-%{width}x%{height}.jpg
ee0763f3339d45b493bf45488a8e7701,9834,【梓芊🐰】 @pandora0407 🤍 2/12 Arena Breakout暗區突圍 新年活動紅包來啦! (๑´ㅂ`๑ )🤍 !7tv YT過收益化了!!,2024-02-12T01:55:53Z,https://www.twitch.tv/videos/2060361241,https://static-cdn.jtvnw.net/cf_vods/d3vd9lfkzbru3h/37fe79141bcf063c1fd7_pandora0407_41058584583_1707702943//thumb/thumb0-%{width}x%{height}.jpg
9af7c10c618844f08a327d38753124bd,9829,【朝活】來聊聊休息日的時候做了些什麼！有太陽的地方好溫暖....【酒樂霧子】,2024-01-30T05:54:41Z,https://www.youtube.com/watch?v=N3FZ93cARrQ,https://i.ytimg.com/vi/N3FZ93cARrQ/mqdefault.jpg
7e81a72484054a5c89f3826ebc8946be,9800,【縱向朝活】一定是累累病纏上奈奈了QQ【結月莉莉奈】,2024-02-06T08:00:12Z,https://www.youtube.com/watch?v=beyOSm5uj1E,https://i.ytimg.com/vi/beyOSm5uj1E/mqdefault.jpg
1ccdbe5d48934f4cbabc86512dd1d357,9794,【首次企劃！】用轉輪盤決定跟大家只說中文的時間大挑戰！,2024-02-06T14:06:29Z,https://www.youtube.com/watch?v=ZkJzRIRWWd4,https://i.ytimg.com/vi/ZkJzRIRWWd4/mqdefault.jpg
c65e7caaf81a43249d5132b9fe312b24,9762,Pon Vtubers try CUPHEAD,2024-01-25T08:30:04Z,https://www.youtube.com/watch?v=p7I8EmsaumQ,https://i.ytimg.com/vi/p7I8EmsaumQ/mqdefault.jpg
f110fd69b66941bab04de9ada563c6ac,9760,【#AOI新衣裝配信】久違的新衣裝公佈．．．！！✨活動3周年紀念♡♡♡【AoiHinamori】,2024-02-06T17:50:16Z,https://www.youtube.com/watch?v=4SIFJT_rGOE,https://i.ytimg.com/vi/4SIFJT_rGOE/mqdefault.jpg
49bb221fc77f440cae0c007a73f99aab,9755,一年開一次，一次開兩年 Day9 ⋮ !加班 !尼魯貼圖 !DC !綠界,2024-01-17T17:31:53Z,https://www.twitch.tv/videos/2035392307,https://static-cdn.jtvnw.net/cf_vods/d3vd9lfkzbru3h/3a5fd0454d485d9c02ad_ukuruniru_40983781943_1705512706//thumb/thumb0-%{width}x%{height}.jpg
2741a90689f342548daad7f760b0a8f7,9739,【拜年】如果打電話給別人唱完恭喜恭喜就跑會怎樣？【希翁／Chion】,2024-02-10T12:57:44Z,https://www.youtube.com/watch?v=OxehxVB6854,https://i.ytimg.com/vi/OxehxVB6854/mqdefault.jpg
b77374e93bbf4e289a5b6082a7b43c3c,9731,主播對AA制的看法？男生們醒醒啊！！#shorts #Vtuber #vtubermeme #vtuberclips #animegirl #anime #台灣vtuber,2024-01-31T14:13:15Z,https://www.youtube.com/watch?v=UjRUG0lzFFs,https://i.ytimg.com/vi/UjRUG0lzFFs/mqdefault.jpg
a9f6574e98f34b20a05269134930fb50,9723,【歌枠】2000年代くらいのアニソン歌枠 Karaoke🐭Singing Stream　※日本語と中国語/茸茸鼠,2024-02-03T16:54:38Z,https://www.youtube.com/watch?v=yKznu4uSRQ4,https://i.ytimg.com/vi/yKznu4uSRQ4/mqdefault.jpg
15c9a54b946a40c38c07ea2f9efddfa5,9711,【霓董事會】豹點檔開播！｜煌Kirali Ft. @Yuzumi_Neon @Rei_Neon,2024-01-23T14:17:23Z,https://www.youtube.com/watch?v=-1R2XT-L_bc,https://i.ytimg.com/vi/-1R2XT-L_bc/mqdefault.jpg
e93bd1102e214cbaa71cc5b2e4a53595,9709,【新春企劃說明】公開曲目及參加來賓！來一起聊聊這次特別節目吧！  ░  雜談｜Chatting Stream,2024-01-17T15:41:28Z,https://www.youtube.com/watch?v=5LKCZVbJ4vg,https://i.ytimg.com/vi/5LKCZVbJ4vg/mqdefault.jpg
126103200de947a7a3c2ac3971eef633,9690,注意你有看過這麼真實的Vtuber嗎 #岩井莉莉 #shorts #台灣vtuber #台v #vtuber #vtuber中文,2024-01-16T17:33:14Z,https://www.youtube.com/watch?v=aKrW26iNt3o,https://i.ytimg.com/vi/aKrW26iNt3o/mqdefault.jpg
6943bbfc993443d4b3853833b3bb1a66,9678,笨蛋們學會沒👌🏻 #台v #台灣vtuber #擴散希望 #迷因療法 #迷因 #迷因梗圖 #迷因栗量,2024-02-02T11:10:40Z,https://www.youtube.com/watch?v=xIugl-SGRSU,https://i.ytimg.com/vi/xIugl-SGRSU/mqdefault.jpg
5535c9524eb046c38e172ebfa06b302f,9676,1分鐘 [閒雲] 養成懶人包▸畢業面板、聖遺物推薦、天賦加點順序 #原神 #璐洛洛 #xianyun,2024-02-11T10:00:05Z,https://www.youtube.com/watch?v=7cPI0I9im2U,https://i.ytimg.com/vi/7cPI0I9im2U/mqdefault.jpg
ba562aad440d483e988d3ce7e7217c94,9676,[貓宮香草]  2/1 貓貓月,2024-02-01T05:25:57Z,https://www.twitch.tv/videos/2049753558,https://static-cdn.jtvnw.net/cf_vods/d3vd9lfkzbru3h/0f08435934203afce2a0_vanilla_shironeko_41026682359_1706765150//thumb/thumb0-%{width}x%{height}.jpg
8bf35c3b9a9e461d825a9170555b71c2,9668,【澪Rei】虧喜叫我玩一下缺氧 !YT 中文/Eng/日本語,2024-01-29T13:25:37Z,https://www.twitch.tv/videos/2047111247,https://static-cdn.jtvnw.net/cf_vods/d3vd9lfkzbru3h/5de62fb8c293bf77bb15_reirei_neon_41019466823_1706534730//thumb/thumb0-%{width}x%{height}.jpg
729621ce509b4641ad8cde76dec037d0,9666,✧縱型歌回#15✧又來到了我們的下午薪偷歌回啦！這次會有什麼歌呢？希妮·亞里絲🤍SinnieAris✨ #哥勢,2024-01-31T12:09:14Z,https://www.youtube.com/watch?v=Ja2avXRwoFk,https://i.ytimg.com/vi/Ja2avXRwoFk/mqdefault.jpg
7ead9e2cac544a7cb00444ef6b4698d1,9661,【琴雜】周一辛苦了~一起來聽聽歌吧 ｜響Hibiki,2024-01-15T16:28:55Z,https://www.youtube.com/watch?v=iLauLb1yi1A,https://i.ytimg.com/vi/iLauLb1yi1A/mqdefault.jpg
7c06b9e316ce4ac18ce836cd72442bbe,9651,【新春拍立得】喜氣洋洋紅通通拍立得紀念！整年好運予你✨【浠Mizuki】,2024-02-12T20:20:46Z,https://www.youtube.com/watch?v=YSzaPj_k4k4,https://i.ytimg.com/vi/YSzaPj_k4k4/mqdefault.jpg
d837e8fda137492c9d77882b98ff863a,9646,永遠不賣色的原因？ #台v #vtuber #真理果,2024-02-12T07:00:12Z,https://www.youtube.com/watch?v=T0vVdxvt-Fs,https://i.ytimg.com/vi/T0vVdxvt-Fs/mqdefault.jpg
f2a403cb46354371837550730a397bd1,9624,喜歡香菜和不喜歡香菜的都沉默了,2024-01-19T08:11:17Z,https://www.youtube.com/watch?v=Gqnl03C3lMM,https://i.ytimg.com/vi/Gqnl03C3lMM/mqdefault.jpg
b6f68e0e323f45458752f3a7ec6a08f2,9602,【#縱型雜談】壽司配信🐲✨午安！我要睡飽在起來大吃壽司！！！🤍【月下香幽芳YuFang】,2024-01-28T07:03:37Z,https://www.youtube.com/watch?v=lKUv5QGDHJ8,https://i.ytimg.com/vi/lKUv5QGDHJ8/mqdefault.jpg
1c5619a4ece046dd8ba68ed343489ca3,9578,【致命公司新怪物...真的好恐怖😭】,2024-01-28T10:31:04Z,https://www.youtube.com/watch?v=JDx_M7RpDJA,https://i.ytimg.com/vi/JDx_M7RpDJA/mqdefault.jpg
ea4c1a67c2e445ad8028768616ceb659,9569,最近很流行的都市傳說，想放假的各位千萬不要亂試 #shorts #short,2024-01-27T09:00:10Z,https://www.youtube.com/watch?v=GytZd2yflr8,https://i.ytimg.com/vi/GytZd2yflr8/mqdefault.jpg
029dfaf0b42a45839661df6dc99efcdd,9559,【#初配信】清音零零 7100「想把歌聲傳遞給你」Debut Streaming,2024-01-27T13:17:25Z,https://www.youtube.com/watch?v=46by-3NA_j4,https://i.ytimg.com/vi/46by-3NA_j4/mqdefault.jpg
7e81a72484054a5c89f3826ebc8946be,9553,【縱向朝活】農曆春節大家都準備做些什麼呢？年菜肯定要大吃一頓對吧!!!｜結月莉莉奈Ririna,2024-02-08T05:50:58Z,https://www.youtube.com/watch?v=uibisH6gmyE,https://i.ytimg.com/vi/uibisH6gmyE/mqdefault.jpg
2694a505a0e0441bb99b49e8ce1f7473,9545,【神無月鹿比🦌｜官方精華】一個楓谷成癮患者會有什麼症狀,2024-01-30T11:00:43Z,https://www.youtube.com/watch?v=nnBHCAm4-1A,https://i.ytimg.com/vi/nnBHCAm4-1A/mqdefault.jpg
7ead9e2cac544a7cb00444ef6b4698d1,9545,【歌回】農曆年前最後一次歌回｜響Hibiki,2024-02-08T17:36:27Z,https://www.youtube.com/watch?v=shTvulo4xVc,https://i.ytimg.com/vi/shTvulo4xVc/mqdefault.jpg
4fd17e8877024633876c5d85bc81e56b,9537,苜蓿芽就是嘉明的味道!?  #台V #vtuber #台灣vtuber #vtuber中文  #vtuberclip #光頭Vtuber #atamahikari,2024-02-06T10:05:00Z,https://www.youtube.com/watch?v=RoqOwwirpqo,https://i.ytimg.com/vi/RoqOwwirpqo/mqdefault.jpg
bafb134fd2f849898d6242d1f5f683cc,9531,【縦型配信】跟捏摸視訊的機會，只打一次給你唷【涅默Nemesis】,2024-01-21T08:07:32Z,https://www.youtube.com/watch?v=-x33JbVT3HE,https://i.ytimg.com/vi/-x33JbVT3HE/mqdefault.jpg
52e472aa762449b585c45a2d578bdf41,9530,【歌回】新年快樂🎉來唱一點不熟悉的歌‧˚₊*̥⸜(* ॑꒳ ॑* )⸝‧˚₊*̥,2024-02-08T21:05:21Z,https://www.youtube.com/watch?v=bAt4eMBw2n8,https://i.ytimg.com/vi/bAt4eMBw2n8/mqdefault.jpg
c82ab1b4f8f64d1f84cae4ce09aa0dea,9527,【歌回】聽說要靠運氣才能成功的縱型直播！｜汐Seki #Shorts #縦型配信,2024-01-17T13:50:26Z,https://www.youtube.com/watch?v=52n_Vn84J6c,https://i.ytimg.com/vi/52n_Vn84J6c/mqdefault.jpg
f110fd69b66941bab04de9ada563c6ac,9526,【縱型雜談】初二回娘家不如來我家！晚上來閒聊一下拔～其實我只是不好意思看自己的合唱/// #shorts 【AoiHinamori】,2024-02-11T15:05:01Z,https://www.youtube.com/watch?v=xipeY_QvdVE,https://i.ytimg.com/vi/xipeY_QvdVE/mqdefault.jpg
a9b855767b2d432c9f263e3427ff33a6,9522,【#歌枠】極深空計畫空靈系歌聲擔當 久違的歌回! 選了一些新歌來唱～【埃穆亞Oumua】,2024-01-19T16:55:03Z,https://www.youtube.com/watch?v=t1ljdg2s6kA,https://i.ytimg.com/vi/t1ljdg2s6kA/mqdefault.jpg
8b027d3a3f374c9c8398b6dd751e5018,9522,02/07｜破防了 下周開刀 | !VPN !人設 !GG !BOOBA !貼圖,2024-02-07T12:47:24Z,https://www.twitch.tv/videos/2055786085,https://static-cdn.jtvnw.net/cf_vods/d3vd9lfkzbru3h/c07c5ce3a0a6131508f3_lisheng_tw_41045959943_1707310037//thumb/thumb0-%{width}x%{height}.jpg
6c872a4043b84e4493877a42af684d1d,9517,「#宇宙歌枠 160」今天是昨日練歌的發表日～來看看銀河到底有沒有練好辣 初見大歡迎 Singing Stream【銀河Galaxy】#shorts,2024-01-17T16:23:47Z,https://www.youtube.com/watch?v=PoXQa4GJ2tc,https://i.ytimg.com/vi/PoXQa4GJ2tc/mqdefault.jpg
6c872a4043b84e4493877a42af684d1d,9498,「#宇宙歌枠 165」2200先去  @Locolost65   看Cover欸 今日2024綠界會員福利介紹！初見大歡迎 Singing Stream【銀河Galaxy】#shorts,2024-01-31T16:18:47Z,https://www.youtube.com/watch?v=4oeqA-kiQIA,https://i.ytimg.com/vi/4oeqA-kiQIA/mqdefault.jpg
512b64ec20174d018540516e9edf2b2f,9495,ku100睡覺 💚ovo🦉 直式直播 #vlog #日常生活,2024-02-10T19:58:47Z,https://www.youtube.com/watch?v=6u952-VaHe0,https://i.ytimg.com/vi/6u952-VaHe0/mqdefault.jpg
e350c8b7e41045419ee1ac73bc78921b,9495,【情趣用品鑑賞】❗鏡頭注意❗飛機杯極限測試~從ＯＯ到Ｏ瓜！能塞到多大啦？！【夏伊拉ShyLa】,2024-02-07T15:09:01Z,https://www.youtube.com/watch?v=v4_LtpTZkJU,https://i.ytimg.com/vi/v4_LtpTZkJU/mqdefault.jpg
824c0c36956f4a73bb3ec479dd8e4da8,9475,"【精華】這樣的賺錢方式, 你願意嗎? #shorts #台灣Vtuber​​​​​​ #Vtuber #搞笑 #迷因",2024-02-05T12:15:02Z,https://www.youtube.com/watch?v=NoVr5oJ4sdc,https://i.ytimg.com/vi/NoVr5oJ4sdc/mqdefault.jpg
04d2ff1dde6b4bb68503a734274f4b7e,9462,【夜烏精華】辛辣的問題到底有多辛辣呢 !? #shorts  #黑銀夜烏 #limnos #vtuber #台v,2024-01-29T06:18:46Z,https://www.youtube.com/watch?v=c9kXsoTJb0w,https://i.ytimg.com/vi/c9kXsoTJb0w/mqdefault.jpg
49bb221fc77f440cae0c007a73f99aab,9461,聽說楓之谷坐牢到4/1之前練到260可以減1000小 Day15 ⋮ !加班 !尼魯貼圖 !DC !綠界,2024-01-25T10:43:12Z,https://www.twitch.tv/videos/2043050657,https://static-cdn.jtvnw.net/cf_vods/d3vd9lfkzbru3h/24c491c0d20bb4849607_ukuruniru_41006640503_1706179385//thumb/thumb0-%{width}x%{height}.jpg
cd42e06c40534d9eac7e30a434e47d43,9451,帕豹哪有很奇怪= = 人家明明就超可愛！#vtuber #帕豹pabo #shorts #short,2024-02-08T00:00:24Z,https://www.youtube.com/watch?v=oLCSykDVnic,https://i.ytimg.com/vi/oLCSykDVnic/mqdefault.jpg
fe1d3152398b44e39d69f7ef78e73a8c,9440,【沐橙 Noon🌞】我做了一個好玩程式 #沐橙 #台v #迷因 #迷因梗圖 #memes,2024-01-24T04:07:14Z,https://www.youtube.com/watch?v=BLZ1tSGaa8k,https://i.ytimg.com/vi/BLZ1tSGaa8k/mqdefault.jpg
8bf35c3b9a9e461d825a9170555b71c2,9395,【畫圖】想畫一些ㄎㄧㄤ貼圖.......｜澪Rei,2024-02-06T17:21:22Z,https://www.youtube.com/watch?v=uJaZlrmpKR0,https://i.ytimg.com/vi/uJaZlrmpKR0/mqdefault.jpg
b126053a1356460ebf85a874a6a55aca,9382,韓國瑜跟高雄鄉親拜年！ #韓國瑜 #拜年,2024-02-11T02:59:26Z,https://www.youtube.com/watch?v=ey97NViGdVs,https://i.ytimg.com/vi/ey97NViGdVs/mqdefault.jpg
b126053a1356460ebf85a874a6a55aca,9366,國民黨尾牙〉陳玉珍《選擇》金門縣立委 🍓20240205 #陳玉珍 #韓國瑜,2024-02-06T02:06:18Z,https://www.youtube.com/watch?v=YHam9pIF2Ic,https://i.ytimg.com/vi/YHam9pIF2Ic/mqdefault.jpg
cd42e06c40534d9eac7e30a434e47d43,9355,【突擊歌回】開到12:30 啊哈 又是你們可愛的小海豹 ♡  嗷嗚~ #vtuber,2024-02-02T05:08:34Z,https://www.youtube.com/watch?v=xxU7JKy9fMY,https://i.ytimg.com/vi/xxU7JKy9fMY/mqdefault.jpg
b126053a1356460ebf85a874a6a55aca,9330,韓國瑜春聯被偷了！4800元蝦皮也被買下…｜自波蘭引渡詐騙犯回台，何不引渡王立強? 🍓20240208 #高雄林小姐 #Vtuber​​​​ #台灣Vtuber​​​ #台V,2024-02-08T13:25:17Z,https://www.youtube.com/watch?v=pj1Jjc44c44,https://i.ytimg.com/vi/pj1Jjc44c44/mqdefault.jpg
a9b855767b2d432c9f263e3427ff33a6,9321,【#歌枠】想成為大家心中最獨特的聲音! 今天唱什麼好呢【埃穆亞Oumua】,2024-01-27T14:28:29Z,https://www.youtube.com/watch?v=xNSbsyWnWPM,https://i.ytimg.com/vi/xNSbsyWnWPM/mqdefault.jpg
1323f1b775bf43659f8b8ec2899522cd,9316,【刮刮樂台】感謝呱呱的刮刮樂!!!來連續呱20張🐸🍁✨,2024-02-12T15:04:10Z,https://www.youtube.com/watch?v=RFFs-I7aImk,https://i.ytimg.com/vi/RFFs-I7aImk/mqdefault.jpg
a99bc695c89d41e391a5abf6e781c911,9312,湯圓是一種台灣原生貝類嗎,2024-01-20T07:36:27Z,https://www.youtube.com/watch?v=iLKUKrYsO9s,https://i.ytimg.com/vi/iLKUKrYsO9s/mqdefault.jpg
334133534368487780dfa99b7c9f5949,9278,一分鐘學會糖醋魚塊 🍅 #cooking #lifestyle #vtuber,2024-02-04T01:00:21Z,https://www.youtube.com/watch?v=WM4JfKqR48o,https://i.ytimg.com/vi/WM4JfKqR48o/mqdefault.jpg
4a64836a88024358a7401530fed8e0f8,9271,【APEX日常廢】窩喔喔喔喔喔喔喔喔【EPO】 #epo #vtuber #台v,2024-02-10T11:00:02Z,https://www.youtube.com/watch?v=2HIJ6tYbefE,https://i.ytimg.com/vi/2HIJ6tYbefE/mqdefault.jpg
cd42e06c40534d9eac7e30a434e47d43,9249,【解憂咖啡廳】至鬱的時間到了唷 ♡｜#30｜嗷嗷  ♡ #vtuber,2024-01-30T17:17:56Z,https://www.youtube.com/watch?v=Jx6c9tILklQ,https://i.ytimg.com/vi/Jx6c9tILklQ/mqdefault.jpg
470d1cb40a5e460e8cdc1414c5fd1a34,9245,【雜談】朝活☀️跟100人打招呼🙋🏻‍♀️工作態度是什麼？積極學習VS得過且過！理想跟現實的不同？｜縦型配信、初見歡迎 #shorts｜Libbi Rico 莉比莉可🦆,2024-01-28T04:31:15Z,https://www.youtube.com/watch?v=n7Jkl7FzvrM,https://i.ytimg.com/vi/n7Jkl7FzvrM/mqdefault.jpg
5f12df329c6144e1a6c596f4fbcb9e81,9225,【歌雜】輕鬆歌回＋聊天！中/日 ok  【Torakolive】#shorts,2024-01-27T05:02:35Z,https://www.youtube.com/watch?v=iP1A6sz5QA0,https://i.ytimg.com/vi/iP1A6sz5QA0/mqdefault.jpg
f110fd69b66941bab04de9ada563c6ac,9225,【隨意唱唱】除夕沒人陪那就來唱歌吧\(*`꒳´*)/ ｜守歲台－早上會雜談【AoiHinamori】,2024-02-10T05:15:36Z,https://www.youtube.com/watch?v=GQx7Mm9A8mI,https://i.ytimg.com/vi/GQx7Mm9A8mI/mqdefault.jpg
c5fe413a473d4638b53fb3f9019aabbe,9225,【練歌】今天打算練一些不容易的中文歌～ #直向配信🔹#帕蘿妮 #Paroniie,2024-02-08T11:36:07Z,https://www.youtube.com/watch?v=7EN-gSCBuMM,https://i.ytimg.com/vi/7EN-gSCBuMM/mqdefault.jpg
312fdd3c5e6d4aefa73fd3860ecc5613,9192,【森森購物台✨】FF實體周邊展示時間🐺來聊天LA #FF42 #森森鈴蘭,2024-02-06T18:39:57Z,https://www.youtube.com/watch?v=YkiFRKflEGs,https://i.ytimg.com/vi/YkiFRKflEGs/mqdefault.jpg
6929e06cd9ed49739cadaa35115847c7,9188,【ASMR】哄睡還債光，睡不著就嘴巴張開...啊 𓂃🌥️｜雲隙光．kumosuki,2024-02-08T17:32:52Z,https://www.youtube.com/watch?v=nnrppGqIBIY,https://i.ytimg.com/vi/nnrppGqIBIY/mqdefault.jpg
31f17632340f4e7fbd0ced07193dd81b,9186,醒了.....所以...( ･ิω･ิ),2024-02-07T19:35:40Z,https://www.youtube.com/watch?v=67Vhhop7bMg,https://i.ytimg.com/vi/67Vhhop7bMg/mqdefault.jpg
a9b855767b2d432c9f263e3427ff33a6,9172,【非常響亮】可愛的畫面配上清脆的扭頭聲【埃穆亞Oumua】,2024-01-14T04:00:26Z,https://www.youtube.com/watch?v=ssbyVcgYHoA,https://i.ytimg.com/vi/ssbyVcgYHoA/mqdefault.jpg
8b027d3a3f374c9c8398b6dd751e5018,9153,02/02｜過年焦慮 | !VPN !人設 !GG !BOOBA !貼圖,2024-02-02T02:46:22Z,https://www.twitch.tv/videos/2050585892,https://static-cdn.jtvnw.net/cf_vods/d3vd9lfkzbru3h/34356bc1e487ee9189c8_lisheng_tw_41029382343_1706841975//thumb/thumb0-%{width}x%{height}.jpg
23ec5ecfb8c14ea893576783f1790643,9147,【家人不知道我是VTuber】🖤過年面對親戚🖤我說了一年份的謊... 【主題雜談】 #vtuber #台v #星軌工作室,2024-02-12T17:57:19Z,https://www.youtube.com/watch?v=y6SlN-yovG8,https://i.ytimg.com/vi/y6SlN-yovG8/mqdefault.jpg
19234cc590224c45912a14487f756dc5,9126,【縱型直播 】又要挑戰不PON 到底是誰給的勇氣 #梁靜茹,2024-02-07T14:41:40Z,https://www.youtube.com/watch?v=f5Yr7z95So4,https://i.ytimg.com/vi/f5Yr7z95So4/mqdefault.jpg
9cec24b011ee45648eb404066c997f49,9107,【塔科夫競技場】好久沒完，聽說有三倍經驗，馬上鳩團打起來！(ゝ∀･)█熙歌Cygnus Ft. @Moondogs_Celestial,2024-01-27T18:15:32Z,https://www.youtube.com/watch?v=WqZBRqhPvg8,https://i.ytimg.com/vi/WqZBRqhPvg8/mqdefault.jpg
0641a9c8b9a94994aaa33e0c86fef75b,9102,【合作開箱】來開箱庫x哞合作甜點禮盒!!還沒買ㄉ你肯定要來看!【庫洛姆Kuromu】#台灣Vtuber #庫洛姆,2024-02-06T17:10:39Z,https://www.youtube.com/watch?v=eMhQyljVfBQ,https://i.ytimg.com/vi/eMhQyljVfBQ/mqdefault.jpg
58abad4aa8de49efb785367503dfd92c,9100,自首: 薔是認真生氣時不懂罵髒話的香港人之恥。 #台v #hkvtuber #shorts #vtuberclip #vtuber中文 #台灣vtuber #台v精華#野薔薇ASMR,2024-01-30T01:24:28Z,https://www.youtube.com/watch?v=HEr8PWCSMNM,https://i.ytimg.com/vi/HEr8PWCSMNM/mqdefault.jpg
4fd17e8877024633876c5d85bc81e56b,9092,觀眾的奇怪留言 #台V #vtuber #台灣vtuber #vtuber中文  #vtuberclip #光頭Vtuber #atamahikari,2024-01-16T10:00:39Z,https://www.youtube.com/watch?v=poGlYOlBApk,https://i.ytimg.com/vi/poGlYOlBApk/mqdefault.jpg
60282d578bb747b8b232dba81168a5b6,9088,【雜談】禿發!捕捉稀有ssr早起冰霧  | 冰霧Eisnebel,2024-02-03T05:13:50Z,https://www.youtube.com/watch?v=K8yiTxIUo2M,https://i.ytimg.com/vi/K8yiTxIUo2M/mqdefault.jpg
5535c9524eb046c38e172ebfa06b302f,9045,【重返未來1999】伽菈波那🌟全面評測▸最複雜的辣個女人！行星效果如何運用你會了嗎？『坎吉拉&坦南特』簡評與培養方向！共鳴擺放、心相推薦 ▹璐洛洛◃,2024-01-19T14:00:08Z,https://www.youtube.com/watch?v=DbirYsgZHn0,https://i.ytimg.com/vi/DbirYsgZHn0/mqdefault.jpg
52e472aa762449b585c45a2d578bdf41,9044,【一萬訂閱耐久】還差一點點了!!大家快進來訂閱我(｡･ω･｡)ﾉ,2024-01-21T19:50:33Z,https://www.youtube.com/watch?v=plIySdNAE8E,https://i.ytimg.com/vi/plIySdNAE8E/mqdefault.jpg
e93bd1102e214cbaa71cc5b2e4a53595,9040,【後日談】昨天你們看的開心嗎？你們的過年過得如何呢？等等聊完天換我回家過年惹  ░  雜談｜chatting Stream,2024-02-12T09:55:47Z,https://www.youtube.com/watch?v=_-JiSU6ApWo,https://i.ytimg.com/vi/_-JiSU6ApWo/mqdefault.jpg
15c9a54b946a40c38c07ea2f9efddfa5,9026,【就是要唱豹】中文歌英文唱...嗎？｜煌Kirali,2024-01-21T12:18:17Z,https://www.youtube.com/watch?v=WjA0h60sNVU,https://i.ytimg.com/vi/WjA0h60sNVU/mqdefault.jpg
9d9c6477329245cbb2557895f4f15686,9002,/ᐠ. ̫ .ᐟ\ 0125 要照顧好身體呢 .ᐟ.ᐟ 贈訂小奇點達標記得填表單領回饋 ⸜♡⸝ ✿ !LINE !周邊 !DC !COVER,2024-01-25T11:32:03Z,https://www.twitch.tv/videos/2043068763,https://static-cdn.jtvnw.net/cf_vods/d3vd9lfkzbru3h/6ac621ea976b26c54b4a_iitifox_41006813511_1706182316//thumb/thumb0-%{width}x%{height}.jpg
c9ece3513c804b3db003cd8fca683857,8988,【無畫面工作臺／直式直播】主播來沃克囉嗚呼！【薇妮 Winnie🐾】,2024-02-08T14:41:24Z,https://www.youtube.com/watch?v=lECHYEShpmg,https://i.ytimg.com/vi/lECHYEShpmg/mqdefault.jpg
029dfaf0b42a45839661df6dc99efcdd,8973,#新人vtuber 初配信前想再獻給你一首歌 心做し cover by 清音零零 7100,2024-01-22T10:30:14Z,https://www.youtube.com/watch?v=fqBgl2C8kyY,https://i.ytimg.com/vi/fqBgl2C8kyY/mqdefault.jpg
f6a4e7aa8d0c4e5cb39d199845ec4d02,8947,【幻獸帕魯】隨意的帕魯杏仁咪嚕，暴食症懶惰成性(?)【#杏仁ミル】,2024-01-27T14:56:49Z,https://www.youtube.com/watch?v=EYGi9nbXuKE,https://i.ytimg.com/vi/EYGi9nbXuKE/mqdefault.jpg
3f4650e05ceb41008bd16869780b7af1,8946,【貓咪大戰爭】爆抽越南大戰！今天的目標依舊是抽到畢業！,2024-01-28T14:23:31Z,https://www.youtube.com/watch?v=oKNtXi8vNcc,https://i.ytimg.com/vi/oKNtXi8vNcc/mqdefault.jpg
5535c9524eb046c38e172ebfa06b302f,8932,🔴【原神】🦌🦌🦌(音樂台+作業台)  ▹ @ruroroisme ◃,2024-02-07T20:49:11Z,https://www.twitch.tv/videos/2056148022,https://static-cdn.jtvnw.net/cf_vods/d3vd9lfkzbru3h/339f82e4003833db373d_ruroroisme_41047018631_1707338942//thumb/thumb0-%{width}x%{height}.jpg
c82ab1b4f8f64d1f84cae4ce09aa0dea,8919,【午後雜談】經過一晚激戰之後下午只想懶懶聊天｜汐Seki,2024-02-08T10:27:51Z,https://www.youtube.com/watch?v=EMu0Ka85NBo,https://i.ytimg.com/vi/EMu0Ka85NBo/mqdefault.jpg
512b64ec20174d018540516e9edf2b2f,8904,好想剪頭髮🥲深夜閒聊💚可能用chatgpt 學點English 或是日本語之類的⭐直式直播,2024-01-30T10:11:37Z,https://www.youtube.com/watch?v=j4i2hQlq2hw,https://i.ytimg.com/vi/j4i2hQlq2hw/mqdefault.jpg
6bd49f94afb144e995247388ca8c42a8,8891,【APEX手把訓練營 DAY 3】昨天突破了2000傷！今天是不是3000有望？【橙Yuzumi】,2024-01-24T06:59:52Z,https://www.youtube.com/watch?v=bjMGpL6jru4,https://i.ytimg.com/vi/bjMGpL6jru4/mqdefault.jpg
4c3cae772e974f8fb8e04f4cc9c8cd8d,8891,✞  雑談 × 直的 ꙳ ✞  深夜台｜做一些奇怪的事情 ♥ ˖.⊹ ⌇ Square Live 白白虹 xxhacucoxx,2024-02-01T21:09:01Z,https://www.youtube.com/watch?v=xjbfMgQzQ4k,https://i.ytimg.com/vi/xjbfMgQzQ4k/mqdefault.jpg
cd42e06c40534d9eac7e30a434e47d43,8878,【初白之心】鏡頭警告! 今天的杯杯是非常有重量以及實感的 還不趕快收下! ♡  嗷嗚~ #vtuber,2024-01-26T16:23:57Z,https://www.youtube.com/watch?v=7fIDUKsf7rU,https://i.ytimg.com/vi/7fIDUKsf7rU/mqdefault.jpg
edbd401267284e8886c1fd27d08283d4,8868,對人形蜈蚣的全新理解，喜劇片的話應該就不用怕了吧！ #vtuber #台v #台灣vtuber #vtuberclips #台v精華 #暴言系Vtuber #宿友系Vtuber  #fini_live,2024-01-26T02:35:50Z,https://www.youtube.com/watch?v=0j3c4fPYVKA,https://i.ytimg.com/vi/0j3c4fPYVKA/mqdefault.jpg
52e472aa762449b585c45a2d578bdf41,8854,【突發】以為有表訂就不會突發了嗎‧˚₊*̥⸜(* ॑꒳ ॑* )⸝‧˚₊*̥我還是突,2024-01-29T08:25:47Z,https://www.youtube.com/watch?v=hrIFoY6kmU8,https://i.ytimg.com/vi/hrIFoY6kmU8/mqdefault.jpg
c82ab1b4f8f64d1f84cae4ce09aa0dea,8847,超越speedrun的最速傳說 #Shorts,2024-02-02T10:00:07Z,https://www.youtube.com/watch?v=9MT-6c51m1o,https://i.ytimg.com/vi/9MT-6c51m1o/mqdefault.jpg
f6a4e7aa8d0c4e5cb39d199845ec4d02,8838,【#花咲く歌枠リレー】唯一の海外参戦！花のつぼみを咲かせよう【#杏仁ミル】,2024-01-30T09:06:23Z,https://www.youtube.com/watch?v=2PuM1lViY0Y,https://i.ytimg.com/vi/2PuM1lViY0Y/mqdefault.jpg
2694a505a0e0441bb99b49e8ce1f7473,8837,【神無月鹿比🦌｜官方精華】油粉不仲,2024-02-05T11:00:06Z,https://www.youtube.com/watch?v=79dcUihsmrA,https://i.ytimg.com/vi/79dcUihsmrA/mqdefault.jpg
8bf35c3b9a9e461d825a9170555b71c2,8834,【觀眾募集】把雲端發票條碼給澪薯們 Part .2｜澪Rei,2024-01-14T17:26:28Z,https://www.youtube.com/watch?v=q8BUlIffhOI,https://i.ytimg.com/vi/q8BUlIffhOI/mqdefault.jpg
fe569b0c059e406daf57eb2acd11cc21,8820,阿公你怎麼沒感覺QQ #shorts#台灣vtuber #vtuber中文 #vtuber精華,2024-01-20T09:58:45Z,https://www.youtube.com/watch?v=sL5wVikWfbE,https://i.ytimg.com/vi/sL5wVikWfbE/mqdefault.jpg
a9f6574e98f34b20a05269134930fb50,8815,【玩遊戲學中文】Palworld作業枠！！　※ほぼ中国語/茸茸鼠,2024-01-30T15:18:06Z,https://www.youtube.com/watch?v=i2uNa-d2q-U,https://i.ytimg.com/vi/i2uNa-d2q-U/mqdefault.jpg
7ead9e2cac544a7cb00444ef6b4698d1,8813,【琴雜】現在在鬼轉一下唱歌婆一下｜響Hibiki,2024-02-05T17:15:14Z,https://www.youtube.com/watch?v=jXwnoFz7Jlw,https://i.ytimg.com/vi/jXwnoFz7Jlw/mqdefault.jpg
fd6a0236861940389e15ef85b16c6069,8811,【烟花蹦蹦蹦】請給我更多可愛的烟花精華!,2024-02-08T13:53:34Z,https://www.youtube.com/watch?v=MCcE8UjlKWo,https://i.ytimg.com/vi/MCcE8UjlKWo/mqdefault.jpg
bafb134fd2f849898d6242d1f5f683cc,8797,【01.16】塔媽塔媽／!指令 !隊友,2024-01-16T13:30:46Z,https://www.twitch.tv/videos/2034252538,https://static-cdn.jtvnw.net/cf_vods/d3vd9lfkzbru3h/0ff45a95b227315f4406_nemesisxdfp_40980221031_1705411842//thumb/thumb0-%{width}x%{height}.jpg
2a310e9273014b12a0517d13d25697e1,8793,【縱型深夜歌枠】等我小睡起來就來唱歌！！然後唱到想睡覺為止！！ #shorts | 闇音ネル,2024-02-12T21:31:24Z,https://www.youtube.com/watch?v=FhZpwJ9gFgs,https://i.ytimg.com/vi/FhZpwJ9gFgs/mqdefault.jpg
9cec24b011ee45648eb404066c997f49,8789,【塔科夫競技場】終於升到不算很坐牢的裝備了QQ 今天的我揪到多人團，總算有遊戲體驗啦！█熙歌Cygnus　Ft. @Moondogs_Celestial @NemesisXDFP @Ren0809,2024-01-16T16:39:13Z,https://www.youtube.com/watch?v=vVocJNiq5sI,https://i.ytimg.com/vi/vVocJNiq5sI/mqdefault.jpg
2741a90689f342548daad7f760b0a8f7,8773,【ASMR?】一口氣喝500cc可樂然後做ASMR(悲壯)【希翁／Chion】,2024-02-11T15:50:02Z,https://www.youtube.com/watch?v=jcpw00zyLMI,https://i.ytimg.com/vi/jcpw00zyLMI/mqdefault.jpg
42844ee6e0cc47938829b43a3101b9bb,8749,1/23【FGO】左邊一排帕魯只有我在這盈月剣風帖／MARASY演奏會＆TanZ演唱會門票熱賣中！ @lusaminach,2024-01-23T11:06:55Z,https://www.twitch.tv/videos/2041152493,https://static-cdn.jtvnw.net/cf_vods/d3vd9lfkzbru3h/9c5fe36b2e8e6b79faf1_lusaminach_41000694247_1706008010//thumb/thumb0-%{width}x%{height}.jpg
f53807443055490f87b85ded6caee0aa,8748,【旅遊系Vtuber現正旅遊中📸】2/3 真的在戶外說早汪🐑 #shorts  | 可樂月月 ColaMoon,2024-02-03T04:58:37Z,https://www.youtube.com/watch?v=8M3b_pHWrjg,https://i.ytimg.com/vi/8M3b_pHWrjg/mqdefault.jpg
8bf35c3b9a9e461d825a9170555b71c2,8746,【現場直擊】台北國際動漫節代班中，哈哈又是我 ft. @Yuzumi_Neon,2024-02-02T07:27:11Z,https://www.youtube.com/watch?v=Jh4QqGeCRo0,https://i.ytimg.com/vi/Jh4QqGeCRo0/mqdefault.jpg
cd42e06c40534d9eac7e30a434e47d43,8740,在家撞鬼! 阿公你別出來嚇我啊== 超級地獄梗 我會下地獄 #vtuber #shorts #vtuber中文 #帕豹pabo #台灣vtuber #vtuber精華 #vtuberclip,2024-01-19T00:00:19Z,https://www.youtube.com/watch?v=dh0S2YuqINU,https://i.ytimg.com/vi/dh0S2YuqINU/mqdefault.jpg
8309d31b418642db83f0cf56b38fc9ad,8735,和惡魔賭上性命玩俄羅斯輪盤！受傷的終究是... #buckshotroulette #俄羅斯輪盤 #實況 #vtuber #台V,2024-01-19T14:05:25Z,https://www.youtube.com/watch?v=45nRdiXqb18,https://i.ytimg.com/vi/45nRdiXqb18/mqdefault.jpg
98e3a5838fec4a6caa936ae35485de23,8721,【不是業配】葡萄廠商看過來！露恰推薦當地的超好喝冰沙🍻【露恰露恰．Vtuber】,2024-01-21T05:08:09Z,https://www.youtube.com/watch?v=mQNjKLH-0Q0,https://i.ytimg.com/vi/mQNjKLH-0Q0/mqdefault.jpg
bafb134fd2f849898d6242d1f5f683cc,8714,【歌枠】好久沒有唱歌給你們聽的感覺，今天也要一起享受音樂！【涅默Nemesis】,2024-01-30T12:59:34Z,https://www.youtube.com/watch?v=GLfQ6gFVS4w,https://i.ytimg.com/vi/GLfQ6gFVS4w/mqdefault.jpg
7ead9e2cac544a7cb00444ef6b4698d1,8686,【歌回】療傷歌回｜響Hibiki,2024-01-21T16:31:50Z,https://www.youtube.com/watch?v=bmRAefu3-YE,https://i.ytimg.com/vi/bmRAefu3-YE/mqdefault.jpg
8bf35c3b9a9e461d825a9170555b71c2,8664,【澪Rei】繼續在段位場訓練！ !YT 中文/Eng/日本語,2024-02-05T15:31:20Z,https://www.twitch.tv/videos/2054013399,https://static-cdn.jtvnw.net/cf_vods/d3vd9lfkzbru3h/645c8523759d7f7e9df9_reirei_neon_41040735911_1707147073//thumb/thumb0-%{width}x%{height}.jpg
c40c5082434e4b1ca8e19f82d54f83b2,8650,【Shorts】萬能的筷子 #Shorts #vtuber中文 #中文vtuber #台v,2024-02-07T15:30:00Z,https://www.youtube.com/watch?v=0x4gUuPzzSE,https://i.ytimg.com/vi/0x4gUuPzzSE/mqdefault.jpg
e17f42aa104040deae2ee3f3b1e85ed8,8643,【肉肉薔蒔】02/06,2024-02-06T06:31:39Z,https://www.twitch.tv/videos/2054720030,https://static-cdn.jtvnw.net/cf_vods/d3vd9lfkzbru3h/281c4af1df3ec098fed9_aishakumo_41042044919_1707201093//thumb/thumb0-%{width}x%{height}.jpg
0bf0ec441dc6489583f7218e02ab6a89,8627,🔴【深夜雜談】02/01 00:30 今天人家的UU大嗎♡【香草奈若】,2024-01-31T20:24:58Z,https://www.youtube.com/watch?v=2ueXD6QTjE4,https://i.ytimg.com/vi/2ueXD6QTjE4/mqdefault.jpg
bafb134fd2f849898d6242d1f5f683cc,8601,【霧鎖王國】周末下午和好朋友一起玩最新的生存遊戲！ft.歌／Ren／柔雨【涅默Nemesis】,2024-01-27T10:32:39Z,https://www.youtube.com/watch?v=s6097pzX-6s,https://i.ytimg.com/vi/s6097pzX-6s/mqdefault.jpg
6bd49f94afb144e995247388ca8c42a8,8589,【歌雜】 柚子咪電台啟動ヾ(•ω•`)o 快來跟我一起聽歌聊天！【橙Yuzumi】,2024-02-02T15:41:49Z,https://www.youtube.com/watch?v=xRANreM46eI,https://i.ytimg.com/vi/xRANreM46eI/mqdefault.jpg
b4a1791208fd4d85b7b08ee2bad0c236,8581,【瑪麗茶會】究竟點開來會是什麼台呢？！ #shorts #瑪格麗特諾爾絲 #箱箱thebox,2024-01-19T14:49:25Z,https://www.youtube.com/watch?v=MA-EBNpW6_Y,https://i.ytimg.com/vi/MA-EBNpW6_Y/mqdefault.jpg
52e472aa762449b585c45a2d578bdf41,8567,【聊天】大家來吃早餐(｡･ω･｡)ﾉ點了傳說中很貴的QB,2024-02-02T05:06:59Z,https://www.youtube.com/watch?v=TJj3qdBSsQo,https://i.ytimg.com/vi/TJj3qdBSsQo/mqdefault.jpg
4c3cae772e974f8fb8e04f4cc9c8cd8d,8560,✞ 鼻音5MA꙳ ✞ 難得的官方福利shorts？到底誰起床會刷牙  ⌇ Square Live 白白虹 xxhacucoxx,2024-01-26T10:00:07Z,https://www.youtube.com/watch?v=5yLsZuHDCvM,https://i.ytimg.com/vi/5yLsZuHDCvM/mqdefault.jpg
868f29ec868047fdb2a80a91f49fc55a,8558,👆1/21 19:00 魔王降臨之時 #shorts,2024-01-14T08:01:09Z,https://www.youtube.com/watch?v=UrSIEaRgU8s,https://i.ytimg.com/vi/UrSIEaRgU8s/mqdefault.jpg
e350c8b7e41045419ee1ac73bc78921b,8556,不小心ㄍㄜˇ了什麼在手上#shorts #vtuber #台v #台灣vtuber #夏伊拉 #memes #vtuber中文 #搞笑,2024-01-31T10:29:20Z,https://www.youtube.com/watch?v=nfppJsrwdHw,https://i.ytimg.com/vi/nfppJsrwdHw/mqdefault.jpg
4544974bc5624035ae7bb0c9ed33e44e,8546,差點配到H game的音。 #瓦西瓦瓦 #Vaswawa,2024-01-24T04:00:13Z,https://www.youtube.com/watch?v=IONxaFdCiuk,https://i.ytimg.com/vi/IONxaFdCiuk/mqdefault.jpg
c82ab1b4f8f64d1f84cae4ce09aa0dea,8530,小饅頭吃餅｜汐Seki｜!週邊 !指令,2024-01-15T14:00:28Z,https://www.twitch.tv/videos/2033285989,https://static-cdn.jtvnw.net/cf_vods/d3vd9lfkzbru3h/c79e434ac27c85a02022_seki_meridian_40977404791_1705327222//thumb/thumb0-%{width}x%{height}.jpg
c40c5082434e4b1ca8e19f82d54f83b2,8524,【Shorts】怎麼有這種人 #Shorts #vtuber中文 #中文vtuber #台v,2024-01-31T15:30:11Z,https://www.youtube.com/watch?v=ct5YpYA5QUQ,https://i.ytimg.com/vi/ct5YpYA5QUQ/mqdefault.jpg
3197e5649c65405cbbe6e5f1a44cf8e1,8515,【縱型歌雜】好久沒有清唱了，可以隨意唱想唱的歌了😼✨ #直式直播 #shorts 【白月心宿】,2024-01-27T18:04:35Z,https://www.youtube.com/watch?v=eXDxaiafDqs,https://i.ytimg.com/vi/eXDxaiafDqs/mqdefault.jpg
2741a90689f342548daad7f760b0a8f7,8515,【#limnos新春接力】刮刮樂！究竟能笑著下播嗎【希翁／Chion】,2024-02-12T01:11:44Z,https://www.youtube.com/watch?v=udOl3861qsk,https://i.ytimg.com/vi/udOl3861qsk/mqdefault.jpg
ba562aad440d483e988d3ce7e7217c94,8508,[貓宮香草]  1/18 好玩遊戲,2024-01-18T03:22:04Z,https://www.twitch.tv/videos/2035920932,https://static-cdn.jtvnw.net/cf_vods/d3vd9lfkzbru3h/997201cb99efede312d4_vanilla_shironeko_40984475079_1705548117//thumb/thumb0-%{width}x%{height}.jpg
ba562aad440d483e988d3ce7e7217c94,8506,[貓宮香草]  1/25 新玩法,2024-01-25T05:15:35Z,https://www.twitch.tv/videos/2042934457,https://static-cdn.jtvnw.net/cf_vods/d3vd9lfkzbru3h/90ef3e8b7b3de63a521a_vanilla_shironeko_41005920935_1706159727//thumb/thumb0-%{width}x%{height}.jpg
42844ee6e0cc47938829b43a3101b9bb,8504,2/8【GBF RELINK】終於該我玩了／MARASY演奏會＆TanZ演唱會門票熱賣中！ @lusaminach,2024-02-08T12:47:55Z,https://www.twitch.tv/videos/2056745334,https://static-cdn.jtvnw.net/cf_vods/d3vd9lfkzbru3h/be6756810f11bfb9e6aa_lusaminach_41048850167_1707396470//thumb/thumb0-%{width}x%{height}.jpg
bafb134fd2f849898d6242d1f5f683cc,8501,【01.18】大劍一砍！／!指令 !隊友,2024-01-18T12:07:01Z,https://www.twitch.tv/videos/2036146759,https://static-cdn.jtvnw.net/cf_vods/d3vd9lfkzbru3h/c055fac6b1a2ffe28ccf_nemesisxdfp_40985691191_1705579614//thumb/thumb0-%{width}x%{height}.jpg
7c06b9e316ce4ac18ce836cd72442bbe,8500,【縦型歌枠】近距離貼貼用歌聲療癒你💙ガチ恋距離てぇてぇで歌うよ！初見さん大歓迎🎵【浠Mizuki Karaoke】#shorts #縦型配信 #初見歓迎,2024-02-03T15:57:38Z,https://www.youtube.com/watch?v=7rMN3pHhnJk,https://i.ytimg.com/vi/7rMN3pHhnJk/mqdefault.jpg
49bb221fc77f440cae0c007a73f99aab,8484,楓之谷逃獄中 Day22 ⋮ !加班 !尼魯貼圖 !DC !綠界,2024-01-31T18:01:15Z,https://www.twitch.tv/videos/2049178024,https://static-cdn.jtvnw.net/cf_vods/d3vd9lfkzbru3h/386ca43bfd45f0f5a872_ukuruniru_41025825463_1706724067//thumb/thumb0-%{width}x%{height}.jpg
2741a90689f342548daad7f760b0a8f7,8477,【懲罰】VR恐怖遊戲 我要腿軟了等等會鬼轉【希翁／Chion】,2024-02-06T19:14:58Z,https://www.youtube.com/watch?v=YFD115NFwEQ,https://i.ytimg.com/vi/YFD115NFwEQ/mqdefault.jpg
23ec5ecfb8c14ea893576783f1790643,8476,🖤【劫羅】🖤不NG問答挑戰🖤不篩選不跳過不逃避問題 【主題雜談】 #vtuber #台v #星軌工作室,2024-02-07T17:38:17Z,https://www.youtube.com/watch?v=sdgKr77mgIQ,https://i.ytimg.com/vi/sdgKr77mgIQ/mqdefault.jpg
1ccdbe5d48934f4cbabc86512dd1d357,8471,【日籍台V】超美麗3D歌回!!,2024-01-20T14:13:14Z,https://www.youtube.com/watch?v=W7n1r_ChUS0,https://i.ytimg.com/vi/W7n1r_ChUS0/mqdefault.jpg
98e3a5838fec4a6caa936ae35485de23,8460,【SL箱尾牙現場大爆料】今年到底又吃了什麼？喝了幾杯酒？增加學妹後現場更加混亂？🍻ft. 厄倫、冰霧【露恰露恰．Vtuber】,2024-01-23T17:23:50Z,https://www.youtube.com/watch?v=jpnpUvVIpJc,https://i.ytimg.com/vi/jpnpUvVIpJc/mqdefault.jpg
5535c9524eb046c38e172ebfa06b302f,8437,🔴LIVE【新楓之谷】究極燃燒升等升好快！菜雞洛今天的目標是成功五轉！ 😉▹璐洛洛◃,2024-01-15T16:13:15Z,https://www.youtube.com/watch?v=x8GoUK1eFYI,https://i.ytimg.com/vi/x8GoUK1eFYI/mqdefault.jpg
8bf35c3b9a9e461d825a9170555b71c2,8435,準備過後的自我介紹！奇怪，怎麼跟說好的不一樣 ಠ ಠ？拜託快點換下一個人！！,2024-01-17T10:11:07Z,https://www.youtube.com/watch?v=ayY8tZ5SIIE,https://i.ytimg.com/vi/ayY8tZ5SIIE/mqdefault.jpg
04d2ff1dde6b4bb68503a734274f4b7e,8427,【縱型歌回】好久沒唱日文歌 ♪ 開心週末開心唱 ♪　#縱型配信 #shorts  #直式直播,2024-01-14T16:01:38Z,https://www.youtube.com/watch?v=bFAMxO54M1Y,https://i.ytimg.com/vi/bFAMxO54M1Y/mqdefault.jpg
9cec24b011ee45648eb404066c997f49,8427,【歌枠】台語老歌歌回來啦！台語發音超不標準的王熙歌終於要來挑戰全台語歌回✧*｡٩(ˊᗜˋ*)و✧*｡█熙歌Cygnus,2024-01-25T14:29:29Z,https://www.youtube.com/watch?v=VmmfMuVjjbs,https://i.ytimg.com/vi/VmmfMuVjjbs/mqdefault.jpg
a9f6574e98f34b20a05269134930fb50,8422,入れないよぉ  🐭Singing Stream　※日本語と中国語/茸茸鼠,2024-01-24T15:41:40Z,https://www.youtube.com/watch?v=7-IidnVkqB8,https://i.ytimg.com/vi/7-IidnVkqB8/mqdefault.jpg
31f17632340f4e7fbd0ced07193dd81b,8407,突發 ! 難得的開一下工作台 ! 歡迎打招呼 !【達亞】,2024-02-04T12:05:26Z,https://www.youtube.com/watch?v=C91NkrmTw3o,https://i.ytimg.com/vi/C91NkrmTw3o/mqdefault.jpg
d1694c709e0f489fbd07fc9bc67c0a66,8398,【#歌枠】不管世界有多糟，統領會陪著大家的 💧詩雨蔻達,2024-02-03T20:41:00Z,https://www.youtube.com/watch?v=VUTJcaljCTs,https://i.ytimg.com/vi/VUTJcaljCTs/mqdefault.jpg
bafb134fd2f849898d6242d1f5f683cc,8383,【01.20】依山傍水小木屋／!指令,2024-01-20T12:52:48Z,https://www.twitch.tv/videos/2038208610,https://static-cdn.jtvnw.net/cf_vods/d3vd9lfkzbru3h/d081457bee7899f7a8b0_nemesisxdfp_40992016199_1705755161//thumb/thumb0-%{width}x%{height}.jpg
15c9a54b946a40c38c07ea2f9efddfa5,8381,【歌回】傷心歌回，要哭一起哭！｜煌Kirali,2024-01-26T16:28:25Z,https://www.youtube.com/watch?v=Z40x1iDFl8c,https://i.ytimg.com/vi/Z40x1iDFl8c/mqdefault.jpg
cd42e06c40534d9eac7e30a434e47d43,8350,哪個觀眾取的名字RRRR 給我出來! #台灣vtuber#帕豹pabo #shorts #short,2024-02-12T00:00:30Z,https://www.youtube.com/watch?v=fbcV8acTyb8,https://i.ytimg.com/vi/fbcV8acTyb8/mqdefault.jpg
8b027d3a3f374c9c8398b6dd751e5018,8333,02/06｜今天也是水餃 | !VPN !人設 !GG !BOOBA !貼圖,2024-02-06T05:18:53Z,https://www.twitch.tv/videos/2054688282,https://static-cdn.jtvnw.net/cf_vods/d3vd9lfkzbru3h/5b623cfe1fc3d99af7a8_lisheng_tw_41041905559_1707196727//thumb/thumb0-%{width}x%{height}.jpg
7c06b9e316ce4ac18ce836cd72442bbe,8307,【浠Mizuki 1st 3D LIVE】未知未踏アルスハイル【直拍完整版】,2024-01-15T11:00:11Z,https://www.youtube.com/watch?v=Q5qusiKeT0c,https://i.ytimg.com/vi/Q5qusiKeT0c/mqdefault.jpg
bafb134fd2f849898d6242d1f5f683cc,8296,【遊雜｜房產達人2】今天吃了暈車藥做了萬全準備！想要蓋好我空蕩蕩的家smadge【涅默Nemesis】,2024-02-07T10:22:07Z,https://www.youtube.com/watch?v=hRZuh-38-hI,https://i.ytimg.com/vi/hRZuh-38-hI/mqdefault.jpg
50a0835b66844b0ab84f573934f20989,8286,【Party Animals】心結 or 團結💧Reverie 正式開打！ ft. @Luxida_Reverie、@Seri_Reverie、@Nera_Reverie,2024-02-05T17:29:36Z,https://www.youtube.com/watch?v=pmiPf-KZxcI,https://i.ytimg.com/vi/pmiPf-KZxcI/mqdefault.jpg
7c06b9e316ce4ac18ce836cd72442bbe,8282,冬眠狐 #shorts,2024-01-24T07:27:45Z,https://www.youtube.com/watch?v=nXjit-mAdIk,https://i.ytimg.com/vi/nXjit-mAdIk/mqdefault.jpg
6ce5f9e78ea946d8a2fd4191005557aa,8266,貝貝貝貝大吧大吧 #memes #cat #台v #愛鈴貝貝,2024-01-14T10:30:11Z,https://www.youtube.com/watch?v=eH87ZmNVx98,https://i.ytimg.com/vi/eH87ZmNVx98/mqdefault.jpg
4c3cae772e974f8fb8e04f4cc9c8cd8d,8263,✞  歌枠 ꙳ ✞  🧨這首沒聽過 新年都白過 🍊財神到我家門口💖經典必聽新年歌🧨 ⌇ 白白虹 SquareLive,2024-02-08T09:18:58Z,https://www.youtube.com/watch?v=4Te7EyvkX8U,https://i.ytimg.com/vi/4Te7EyvkX8U/mqdefault.jpg
edbd401267284e8886c1fd27d08283d4,8227,飯後記得刷牙漱口  #vtuber #台v #台灣vtuber #台v精華  #vtuberclip  #fini_live,2024-02-05T17:57:08Z,https://www.youtube.com/watch?v=Id6IO8-E6d4,https://i.ytimg.com/vi/Id6IO8-E6d4/mqdefault.jpg
60282d578bb747b8b232dba81168a5b6,8221,【歌回】想不到主題就叫他浪漫歌回  | 冰霧Eisnebel,2024-02-04T16:08:20Z,https://www.youtube.com/watch?v=ghor_uwhplI,https://i.ytimg.com/vi/ghor_uwhplI/mqdefault.jpg
58abad4aa8de49efb785367503dfd92c,8194,【酒回】不用理我在幹嗎 我只想醉,2024-01-22T10:03:13Z,https://www.youtube.com/watch?v=WO2cYucQ52s,https://i.ytimg.com/vi/WO2cYucQ52s/mqdefault.jpg
6943bbfc993443d4b3853833b3bb1a66,8193,寶，我有話對你說🤫🤍 #台v #台灣vtuber #擴散希望 #迷因療法 #迷因 #迷因梗圖 #迷因栗量,2024-01-31T10:24:41Z,https://www.youtube.com/watch?v=QY-FePYXpw4,https://i.ytimg.com/vi/QY-FePYXpw4/mqdefault.jpg
2e266a71aa3d4a67bb8d9a2a0b573319,8169,【仔魚】1/28    @ZIIFISH     !聖誕節 !紅包 !周邊,2024-01-28T04:23:50Z,https://www.twitch.tv/videos/2045904116,https://static-cdn.jtvnw.net/cf_vods/d3vd9lfkzbru3h/259336a76765443abb9d_ziifish_41015156791_1706415820//thumb/thumb0-%{width}x%{height}.jpg
a6a4e83ae23140e6bd1f7c817af8f864,8155,【歌枠/歌回】一萬訂閱＋收益化感謝！想唱一些喜歡的歌給你聽【露熙妲 Luxida】,2024-02-09T15:51:29Z,https://www.youtube.com/watch?v=spElURTFWF8,https://i.ytimg.com/vi/spElURTFWF8/mqdefault.jpg
02d67d58d59644be9cdf0b1179419637,8153,【#初配信】過來一起躺下吧，在草地上翻滾很舒服唷⎝(◕u◕)⎠【#森雨悠娜】Part1,2024-01-26T14:06:15Z,https://www.youtube.com/watch?v=fgWV-UOG66I,https://i.ytimg.com/vi/fgWV-UOG66I/mqdefault.jpg
ce2a2c07a74640fc8d3b39d022b16dd9,8152,請妳離開…|名雪薇薇 #shorts #vtuber #台灣vtuber #曹氏宗親會 #曹賊 #搞笑 #聊天 #雜談 #名雪薇薇 #雪豹,2024-01-15T11:47:14Z,https://www.youtube.com/watch?v=o4vfjJTHIE0,https://i.ytimg.com/vi/o4vfjJTHIE0/mqdefault.jpg
7c06b9e316ce4ac18ce836cd72442bbe,8151,【除夕歌枠】一起回家過年吧！一年一度可以瑟瑟歌回❤みんな大好きなエロい曲歌うよ🎵初見歓迎大人のゲーム遊ぼう❤【浠Mizuki Karaoke】!周邊、!dc、!斗內、!YT、!推特、!點歌、!新歌、!募集、!IG,2024-02-09T13:01:05Z,https://www.twitch.tv/videos/2057698797,https://static-cdn.jtvnw.net/cf_vods/d3vd9lfkzbru3h/b59690ad06e898b4ff0b_mizukimilk723_41051730919_1707483655//thumb/thumb0-%{width}x%{height}.jpg
c04f006e69e04000a68cd0c41f888eb2,8148,【 致命公司 】拾荒小隊出發❗ 這次有偏頭大佬在一定不會被開除的...吧❓ | Rluo Ch. 阿洛【Lethal Company】| Ft.紅月.偏頭.伊索渡,2024-01-19T15:12:31Z,https://www.youtube.com/watch?v=DotOxgMPyZA,https://i.ytimg.com/vi/DotOxgMPyZA/mqdefault.jpg
fa5a7cdc259543259af42bb23f1e4041,8146,【515 戀與深空】3D的肉體到底玩起來會是怎樣的呢 ?,2024-01-26T14:21:55Z,https://www.youtube.com/watch?v=4hg0mIlp6Tg,https://i.ytimg.com/vi/4hg0mIlp6Tg/mqdefault.jpg
15c9a54b946a40c38c07ea2f9efddfa5,8144,【煌Kirali】可能鬼轉 一直轉,2024-02-01T13:48:39Z,https://www.twitch.tv/videos/2049954319,https://static-cdn.jtvnw.net/cf_vods/d3vd9lfkzbru3h/e1212fe8172dd5de2d7f_kirali_neon_41028154119_1706795313//thumb/thumb0-%{width}x%{height}.jpg
4544974bc5624035ae7bb0c9ed33e44e,8142,【閩南語翻唱】珂拉琪-萬千花蕊慈母悲哀 / 瓦西瓦瓦 Vaswawa Cover 台灣話,2024-01-17T04:00:32Z,https://www.youtube.com/watch?v=siKuvLkpaWA,https://i.ytimg.com/vi/siKuvLkpaWA/mqdefault.jpg
ba562aad440d483e988d3ce7e7217c94,8137,[貓宮香草]  1/21  看看新設定,2024-01-21T07:48:27Z,https://www.twitch.tv/videos/2039136031,https://static-cdn.jtvnw.net/cf_vods/d3vd9lfkzbru3h/c35ed8689300a1ed8c09_vanilla_shironeko_40994305335_1705823301//thumb/thumb0-%{width}x%{height}.jpg
15c9a54b946a40c38c07ea2f9efddfa5,8125,【煌Kirali】最後一天來拼紫勾勾,2024-01-31T15:15:07Z,https://www.twitch.tv/videos/2049055363,https://static-cdn.jtvnw.net/cf_vods/d3vd9lfkzbru3h/cdedc157a1bfd17c4c81_kirali_neon_41025490215_1706714101//thumb/thumb0-%{width}x%{height}.jpg
8bf35c3b9a9e461d825a9170555b71c2,8114,【現場直擊】台北國際動漫節Day 1，第一棒顧攤狸貓上場囉！｜澪Rei,2024-02-01T06:22:06Z,https://www.youtube.com/watch?v=5nhz-FWBnCc,https://i.ytimg.com/vi/5nhz-FWBnCc/mqdefault.jpg
ec65566d949944ffb1e2723f97ded6e0,8103,【Poppy Playtime 3】恐怖托育中心第三章!!全新Boss睡睡貓!?【蘭斯洛特．拉法葉】,2024-02-03T18:38:10Z,https://www.youtube.com/watch?v=NpSmYLz8lAU,https://i.ytimg.com/vi/NpSmYLz8lAU/mqdefault.jpg
b6f68e0e323f45458752f3a7ec6a08f2,8102,【#縱型繪雜】畫龍點心 - 突發晚安🐲我今天想畫完!【月下香幽芳YuFang】,2024-01-25T18:55:28Z,https://www.youtube.com/watch?v=WOMacMIkenw,https://i.ytimg.com/vi/WOMacMIkenw/mqdefault.jpg
4544974bc5624035ae7bb0c9ed33e44e,8092,趁熱...啊，粉紅色的。 #瓦西瓦瓦,2024-01-30T04:00:07Z,https://www.youtube.com/watch?v=Ahea51pPTqE,https://i.ytimg.com/vi/Ahea51pPTqE/mqdefault.jpg
52e472aa762449b585c45a2d578bdf41,8090,為了慾望一秒鐘捨棄尊嚴#vtuber #台v #台灣vtuber #新人vtuber 剪輯：匿名,2024-01-26T06:45:25Z,https://www.youtube.com/watch?v=Nk3mjtYgqjQ,https://i.ytimg.com/vi/Nk3mjtYgqjQ/mqdefault.jpg
dee8efe8990e458c915e4f6a6a16b49f,8082,【狗屎年終會】明天不用上班的進來我一個一個給300秒,2024-02-06T16:33:24Z,https://www.youtube.com/watch?v=xqtpslxbBLo,https://i.ytimg.com/vi/xqtpslxbBLo/mqdefault.jpg
4865c3feac234584909168181b7dc2be,8076,【3000訂耐久/初見歡迎】提前來開始耐久吧！來跟大家聊聊天轉移注意力，嘿嘿【TozenjiYou】,2024-02-05T02:02:53Z,https://www.youtube.com/watch?v=7doDqNbLrI4,https://i.ytimg.com/vi/7doDqNbLrI4/mqdefault.jpg
bafb134fd2f849898d6242d1f5f683cc,8070,【01.15】練唱，13:30 gt/fo／!指令 !隊友,2024-01-15T04:55:24Z,https://www.twitch.tv/videos/2033063646,https://static-cdn.jtvnw.net/cf_vods/d3vd9lfkzbru3h/66134b46e2ddd25a6a0d_nemesisxdfp_40975908743_1705294518//thumb/thumb0-%{width}x%{height}.jpg
8b027d3a3f374c9c8398b6dd751e5018,8053,02/12｜肚子餓 | !VPN !人設 !GG !BOOBA !貼圖,2024-02-12T05:45:21Z,https://www.twitch.tv/videos/2060490851,https://static-cdn.jtvnw.net/cf_vods/d3vd9lfkzbru3h/bef37fd9e01d40b5dd24_lisheng_tw_41058992583_1707716716//thumb/thumb0-%{width}x%{height}.jpg
8b027d3a3f374c9c8398b6dd751e5018,8053,01/24｜黎明 > RP公務員(っ´ω`c) | !VPN !好玩遊戲 !人設 !GG !BOOBA !貼圖,2024-01-24T04:55:15Z,https://www.twitch.tv/videos/2041969745,https://static-cdn.jtvnw.net/cf_vods/d3vd9lfkzbru3h/73c050a1d8457c0effcb_lisheng_tw_41002872231_1706072108//thumb/thumb0-%{width}x%{height}.jpg
2e266a71aa3d4a67bb8d9a2a0b573319,8046,【仔魚】1/22 紅包活動最後一天喔!   @ZIIFISH     !VPN  !聖誕節 !紅包 !周邊,2024-01-22T04:56:42Z,https://www.twitch.tv/videos/2040075534,https://static-cdn.jtvnw.net/cf_vods/d3vd9lfkzbru3h/c1cc64025b0ba2f2cc40_ziifish_40996859943_1705899392//thumb/thumb0-%{width}x%{height}.jpg
4544974bc5624035ae7bb0c9ed33e44e,8040,【突發】窩偷捉愛回來ㄌ！，睡前小雜談。直式配信,2024-01-17T16:34:10Z,https://www.youtube.com/watch?v=qixWOdyUYBI,https://i.ytimg.com/vi/qixWOdyUYBI/mqdefault.jpg
42844ee6e0cc47938829b43a3101b9bb,8031,1/17【FGO】來了伊織小碓尊我的寶／MARASY演奏會＆TanZ演唱會門票熱賣中！ @lusaminach,2024-01-17T11:58:26Z,https://www.twitch.tv/videos/2035182864,https://static-cdn.jtvnw.net/cf_vods/d3vd9lfkzbru3h/62a2f5ba060ba30faa39_lusaminach_40982718295_1705492701//thumb/thumb0-%{width}x%{height}.jpg
b4a1791208fd4d85b7b08ee2bad0c236,8002,【直式直播鎮魂曲】想要唱歌給你聽🌼 #shorts #瑪格麗特諾爾絲 #vtuber #箱箱thebox,2024-01-22T14:18:22Z,https://www.youtube.com/watch?v=A5C185Z78vc,https://i.ytimg.com/vi/A5C185Z78vc/mqdefault.jpg
4b6655120fbd4431a8f7894cac4a4d49,7997,ASMR｜溫柔御姐輕柔掏耳舒眠｜Sister gently cleans your ears to help you sleep｜ 優しく耳かきで眠りを誘う【白/黑3DIO KU100】,2024-02-02T17:25:59Z,https://www.youtube.com/watch?v=F6qO8rblsyc,https://i.ytimg.com/vi/F6qO8rblsyc/mqdefault.jpg
f110fd69b66941bab04de9ada563c6ac,7984,【Palworld帕魯幻獸】讓我帕！讓我帕！我玩一下就好！｜有工作找我的V朋朋or廠商，可以直接來聊天室敲我🤣🤣🤣【AoiHinamori】,2024-01-29T17:44:55Z,https://www.youtube.com/watch?v=fKny9v0-6_E,https://i.ytimg.com/vi/fKny9v0-6_E/mqdefault.jpg
cd42e06c40534d9eac7e30a434e47d43,7983,【突擊歌回】開到12:30 我們漫博見! ♡  嗷嗚~ #vtuber,2024-02-01T04:48:33Z,https://www.youtube.com/watch?v=G4XvxmuzPEY,https://i.ytimg.com/vi/G4XvxmuzPEY/mqdefault.jpg
bafb134fd2f849898d6242d1f5f683cc,7975,【01.25】渋谷自訂場！／!指令 !隊友,2024-01-25T13:06:04Z,https://www.twitch.tv/videos/2043111543,https://static-cdn.jtvnw.net/cf_vods/d3vd9lfkzbru3h/f234606dcfcc178c17ce_nemesisxdfp_41007232023_1706187960//thumb/thumb0-%{width}x%{height}.jpg
a9b855767b2d432c9f263e3427ff33a6,7953,【APEX】主打一個出門郊遊 好久沒打配 我要成為冷漠槍男 ft.@LancelotL_ST  【埃穆亞Oumua】,2024-02-05T16:18:54Z,https://www.youtube.com/watch?v=rls6-HqBv78,https://i.ytimg.com/vi/rls6-HqBv78/mqdefault.jpg
d797701ab1564b62906f91a341134a9e,7951,【重大告知】我想親口告訴你一件重要的事情，你願意來聽嗎？ #雜談 #台V #台灣Vtuber #Vtuber,2024-01-20T14:30:48Z,https://www.youtube.com/watch?v=lzSRSEZmOXw,https://i.ytimg.com/vi/lzSRSEZmOXw/mqdefault.jpg
6ce5f9e78ea946d8a2fd4191005557aa,7927,「#初配信」愛鈴貝貝 2088 來偷走你的心！壞貓咪aka時間小偷閃亮登場 Debut Stream,2024-01-27T15:19:01Z,https://www.youtube.com/watch?v=J-nX2vZwSss,https://i.ytimg.com/vi/J-nX2vZwSss/mqdefault.jpg
7e81a72484054a5c89f3826ebc8946be,7919,【縱向朝活】吃早餐+健康步道！☀️至於踩多久由你們決定......｜結月莉莉奈Ririna,2024-01-29T05:11:57Z,https://www.youtube.com/watch?v=3uIAgHGn5uw,https://i.ytimg.com/vi/3uIAgHGn5uw/mqdefault.jpg
626750f4e7a745619c171c44fb1efcc0,7918,吐幣機ASMR 跟大家分享夾娃娃機 真第一桶金 常聽祝福發財【天使Vtuber小雪Yukichan】#台灣Vtuber #Vtuber #shorts,2024-01-17T14:41:01Z,https://www.youtube.com/watch?v=BeUuPqZCH_A,https://i.ytimg.com/vi/BeUuPqZCH_A/mqdefault.jpg
a7145a6e0ede44dfbef984d9dc22534f,7895,【諾諾貓】乾隆的爸爸是誰???   #布雷諾 #renewlive #shorts,2024-01-30T02:10:40Z,https://www.youtube.com/watch?v=gI4oqpVoVqU,https://i.ytimg.com/vi/gI4oqpVoVqU/mqdefault.jpg
a000aa1d3ea7489c993277d33ab2457e,7891,【懲罰台】Nothing!謝謝大家~開到被懲罰了~ 下次會收斂一點點啦 !不會再玩那麼久了#阿月觀察日 ⌇幻月Moondogs,2024-02-06T03:19:53Z,https://www.youtube.com/watch?v=Ovk7dbWVhaE,https://i.ytimg.com/vi/Ovk7dbWVhaE/mqdefault.jpg
b126053a1356460ebf85a874a6a55aca,7885,韓江配拿下立院龍頭！唯一廢票陳昭姿｜游錫堃辭立委，周玉蔻很得意 🍓20240201 #高雄林小姐 #Vtuber​​​​ #台灣Vtuber​​​ #台V,2024-02-01T13:18:12Z,https://www.youtube.com/watch?v=a9ypKYEkOCE,https://i.ytimg.com/vi/a9ypKYEkOCE/mqdefault.jpg
0641a9c8b9a94994aaa33e0c86fef75b,7871,【庫雜談】陪你當薪水小偷!【庫洛姆Kuromu】#台灣Vtuber #庫洛姆,2024-01-26T11:40:59Z,https://www.youtube.com/watch?v=-HVtFfy3YaE,https://i.ytimg.com/vi/-HVtFfy3YaE/mqdefault.jpg
8402646577b24bd5918bda8690e790b4,7869,"覺得只是抓來拔羊毛的我，真是太天真了 | 露娜莉亞 @Twitch,#幻獸帕魯",2024-01-27T06:21:23Z,https://www.youtube.com/watch?v=scNr1WcyImM,https://i.ytimg.com/vi/scNr1WcyImM/mqdefault.jpg
36f4fa8dbd7740c3ae5ac02b890fa502,7857,你的名字會顯示你命中缺什麼  #月上零韻 #vtuber #vtuberclip #vtuber中文 #台v精華 #零cut可樂,2024-01-17T14:30:03Z,https://www.youtube.com/watch?v=AqvTdTpkqPQ,https://i.ytimg.com/vi/AqvTdTpkqPQ/mqdefault.jpg
c40c5082434e4b1ca8e19f82d54f83b2,7852,【Shorts】反擊親戚‼️ #Shorts #vtuber中文 #中文vtuber #台v,2024-02-01T15:30:10Z,https://www.youtube.com/watch?v=KovlTc3pxhk,https://i.ytimg.com/vi/KovlTc3pxhk/mqdefault.jpg
8bf35c3b9a9e461d825a9170555b71c2,7839,【畫圖】春節的定番是畫春聯！讓澪薯的家都是我畫的春聯！｜澪Rei,2024-01-30T17:31:39Z,https://www.youtube.com/watch?v=nNUF7eHim_g,https://i.ytimg.com/vi/nNUF7eHim_g/mqdefault.jpg
e78cffa246c24a1c88031151cad8c385,7838,滿足你們這群抖M,2024-01-28T15:34:52Z,https://www.youtube.com/watch?v=GDDels03OzA,https://i.ytimg.com/vi/GDDels03OzA/mqdefault.jpg
824c0c36956f4a73bb3ec479dd8e4da8,7830,【精華】觀眾一言不合就開車.. #shorts #台灣Vtuber​​​​​​ #Vtuber #搞笑 #迷因,2024-02-03T02:30:04Z,https://www.youtube.com/watch?v=8DddVMLm5wA,https://i.ytimg.com/vi/8DddVMLm5wA/mqdefault.jpg
b126053a1356460ebf85a874a6a55aca,7827,國民黨尾牙〉葛如鈞《我的未來不是夢》🍓20240205 #新科立委 #葛如鈞 #寶博士 #韓國瑜,2024-02-06T01:56:17Z,https://www.youtube.com/watch?v=W5arZo8jvIE,https://i.ytimg.com/vi/W5arZo8jvIE/mqdefault.jpg
0641a9c8b9a94994aaa33e0c86fef75b,7822,【苦水投稿】最近有不開心ㄉ事情ㄇ?告訴我ㄅ! 讓我幫你分擔【庫洛姆Kuromu】#台灣Vtuber #庫洛姆,2024-01-27T11:23:01Z,https://www.youtube.com/watch?v=1wWrBZDLpg8,https://i.ytimg.com/vi/1wWrBZDLpg8/mqdefault.jpg
5d00575c06d74f588238857d7dec1b02,7821,【#縦型配信】15000訂閱衝衝衝！午後輕鬆歌雜❤️#歌回 #歌枠 #shorts #vtuber,2024-02-02T09:45:28Z,https://www.youtube.com/watch?v=Bfd9z3r-xZU,https://i.ytimg.com/vi/Bfd9z3r-xZU/mqdefault.jpg
1a95bb88e451498ca3491b69af964588,7820,1/17 加油! | !紅包 !加班 !周邊 !台規 !音量 | @hsuanhsuandesu,2024-01-17T03:54:01Z,https://www.twitch.tv/videos/2034982549,https://static-cdn.jtvnw.net/cf_vods/d3vd9lfkzbru3h/aa2a4d4288de5d7aa9ce_hsuanhsuandesu_40981598823_1705463635//thumb/thumb0-%{width}x%{height}.jpg
2694a505a0e0441bb99b49e8ce1f7473,7808,【雜談】和失戀大明神 @HoMETE.Vtuber 一起看看你們的青春戀愛故事【神無月鹿比🦌】,2024-01-19T16:10:37Z,https://www.youtube.com/watch?v=qgAm6e7tTLs,https://i.ytimg.com/vi/qgAm6e7tTLs/mqdefault.jpg
e93bd1102e214cbaa71cc5b2e4a53595,7801,SL箱伺服器啟動！花好月圓蓋新家！ ░ @earendelxdfp !指令 !隊友,2024-01-25T06:05:09Z,https://www.twitch.tv/videos/2042958032,https://static-cdn.jtvnw.net/cf_vods/d3vd9lfkzbru3h/18bd6297d9f34373c53f_earendelxdfp_41006016567_1706162702//thumb/thumb0-%{width}x%{height}.jpg
5f12df329c6144e1a6c596f4fbcb9e81,7800,Taiwan Street 台灣飲料街 #shorts #vtuber,2024-02-08T04:00:00Z,https://www.youtube.com/watch?v=0wRVq5fwYRg,https://i.ytimg.com/vi/0wRVq5fwYRg/mqdefault.jpg
15c9a54b946a40c38c07ea2f9efddfa5,7800,【就是要唱豹】解鎖地點1：歡迎來到阿基酒吧！｜煌Kirali,2024-01-31T15:22:43Z,https://www.youtube.com/watch?v=WNO4xcgaMog,https://i.ytimg.com/vi/WNO4xcgaMog/mqdefault.jpg
4b6b055ada4d4f0ab63b7ad02a3fa3ef,7798,【縦型歌粹】請告訴我大家喜歡的歌曲✨｜Rumi/懶貓子,2024-02-04T15:50:45Z,https://www.youtube.com/watch?v=e_DRWHhctwk,https://i.ytimg.com/vi/e_DRWHhctwk/mqdefault.jpg
cd42e06c40534d9eac7e30a434e47d43,7791,【突擊歌回】早安 現在說早安應該剛剛好! ♡  嗷嗚~ #vtuber,2024-01-31T20:22:18Z,https://www.youtube.com/watch?v=9KjzB-790z0,https://i.ytimg.com/vi/9KjzB-790z0/mqdefault.jpg
a000aa1d3ea7489c993277d33ab2457e,7784,【午餐配月】早安!新年快樂!!今天提早開~~做周表跟大家聊聊天⌇幻月Moondogs,2024-02-12T04:12:57Z,https://www.youtube.com/watch?v=1iixqHYMuO0,https://i.ytimg.com/vi/1iixqHYMuO0/mqdefault.jpg
911d3403c8e84dc3b0c4a2f6017698b6,7779,這個V吃完超甲組海鮮丼飯後決定說出實話 #Shorts,2024-02-06T11:00:50Z,https://www.youtube.com/watch?v=wmo08JhU_sE,https://i.ytimg.com/vi/wmo08JhU_sE/mqdefault.jpg
a000aa1d3ea7489c993277d33ab2457e,7773,【突發】霧鎖王國/ Enshrouded~猜猜今天幾點睡呢?我肯定會.. ft.很多人⌇幻月Moondogs,2024-01-30T19:56:40Z,https://www.youtube.com/watch?v=lkoBIiCRKEM,https://i.ytimg.com/vi/lkoBIiCRKEM/mqdefault.jpg
0bf0ec441dc6489583f7218e02ab6a89,7769,🔴【美食評測】01/31 21:00 超大超彈！鏡頭開啟！現場直接吃生魚片醋飯給你看～❤️【香草奈若】ft.希靈 @HealingCh,2024-01-31T18:43:56Z,https://www.youtube.com/watch?v=YuNN2zdkeiE,https://i.ytimg.com/vi/YuNN2zdkeiE/mqdefault.jpg
8b027d3a3f374c9c8398b6dd751e5018,7768,01/27｜紅包活動回饋記得填表單 !回饋 | !VPN !好玩遊戲 !人設 !GG !BOOBA !貼圖,2024-01-27T06:34:55Z,https://www.twitch.tv/videos/2044940009,https://static-cdn.jtvnw.net/cf_vods/d3vd9lfkzbru3h/f8a9da48cf860e4004a6_lisheng_tw_41012295783_1706337288//thumb/thumb0-%{width}x%{height}.jpg
afa3e309e41044c5bffe17466607d481,7755,雪雪๐•ᴗ•๐ 2/2 主線跑完要開農了嗎 晚上有探險團就探險 @yukkkkiouo 紫勾勾申請中 ♡初配信準備中♡,2024-02-02T12:23:10Z,https://www.twitch.tv/videos/2050855753,https://static-cdn.jtvnw.net/cf_vods/d3vd9lfkzbru3h/ee5dc63727247b777df0_yukkkkiouo_41030734935_1706876585//thumb/thumb0-%{width}x%{height}.jpg
334133534368487780dfa99b7c9f5949,7717,一分鐘學會小黃瓜拌味噌（きゅうりの味噌和え）🥒 #cooking #lifestyle #vtuber,2024-01-26T07:15:40Z,https://www.youtube.com/watch?v=2WB5A0qInUM,https://i.ytimg.com/vi/2WB5A0qInUM/mqdefault.jpg
15c9a54b946a40c38c07ea2f9efddfa5,7710,【推銷基】這位客人，請問你有興趣買東西嗎？｜煌Kirali,2024-01-29T13:18:56Z,https://www.youtube.com/watch?v=5O3j0uzgu6k,https://i.ytimg.com/vi/5O3j0uzgu6k/mqdefault.jpg
9d9c6477329245cbb2557895f4f15686,7696,登 登 登 登 ! 一天的好運就分享給你了 | 特戰英豪 | 稻乙緹,2024-02-03T09:00:32Z,https://www.youtube.com/watch?v=RhMCQjrVDRQ,https://i.ytimg.com/vi/RhMCQjrVDRQ/mqdefault.jpg
1b63d89e0b1a4b579de6d99e25eaff8f,7690,【貓祭】雜談｜縱型直播初嘗試！！！ #vtuber #貓祭 #shorts,2024-02-10T17:45:15Z,https://www.youtube.com/watch?v=tvP3pTeeCEE,https://i.ytimg.com/vi/tvP3pTeeCEE/mqdefault.jpg
265a18972d244affae35711cfd1f9931,7687,哇！雞欸！等等怎麼會這樣 等等！！ #palworld,2024-01-24T11:09:54Z,https://www.youtube.com/watch?v=IpJPL70BhPo,https://i.ytimg.com/vi/IpJPL70BhPo/mqdefault.jpg
8b027d3a3f374c9c8398b6dd751e5018,7684,02/03｜好臭 | !VPN !人設 !GG !BOOBA !貼圖,2024-02-03T05:11:15Z,https://www.twitch.tv/videos/2051693917,https://static-cdn.jtvnw.net/cf_vods/d3vd9lfkzbru3h/d89aebde855573cbefb1_lisheng_tw_41032761031_1706937068//thumb/thumb0-%{width}x%{height}.jpg
4c3cae772e974f8fb8e04f4cc9c8cd8d,7681,✞  製造 : 白白幣  ꙳ ✞   新春造白白幣 : 請不要拿去揮霍 *.  ┊Square Live 白白虹,2024-02-12T16:19:28Z,https://www.youtube.com/watch?v=bYoMN6u3FoY,https://i.ytimg.com/vi/bYoMN6u3FoY/mqdefault.jpg
49bb221fc77f440cae0c007a73f99aab,7680,狗才開加班台 Day7 ⋮ !加班 !尼魯貼圖 !DC !綠界,2024-01-16T20:09:21Z,https://www.twitch.tv/videos/2034560268,https://static-cdn.jtvnw.net/cf_vods/d3vd9lfkzbru3h/8576d09bc606ddf68cc1_ukuruniru_40981055431_1705435754//thumb/thumb0-%{width}x%{height}.jpg
7c06b9e316ce4ac18ce836cd72442bbe,7679,【3D演唱會直拍版】ガロウ 完整版於會限公開！ #shorts #MizukiBV3D,2024-01-31T07:12:11Z,https://www.youtube.com/watch?v=eZCPkkMZYJ8,https://i.ytimg.com/vi/eZCPkkMZYJ8/mqdefault.jpg
a000aa1d3ea7489c993277d33ab2457e,7678,【氣象女友】過年不再害怕長輩的問候！加入會員看更多💜⌇幻月Moondogs,2024-01-16T09:00:22Z,https://www.youtube.com/watch?v=d-HKeE5tg0M,https://i.ytimg.com/vi/d-HKeE5tg0M/mqdefault.jpg
2694a505a0e0441bb99b49e8ce1f7473,7664,【神無月鹿比🦌｜官方精華】你說誰吵死了(#`Д´)ﾉ,2024-02-03T11:00:10Z,https://www.youtube.com/watch?v=EOdZFfaT9Pc,https://i.ytimg.com/vi/EOdZFfaT9Pc/mqdefault.jpg
2694a505a0e0441bb99b49e8ce1f7473,7650,【神無月鹿比🦌｜官方精華】我直接在你面前出軌,2024-01-25T11:00:07Z,https://www.youtube.com/watch?v=7cLio4UUKAI,https://i.ytimg.com/vi/7cLio4UUKAI/mqdefault.jpg
2694a505a0e0441bb99b49e8ce1f7473,7650,【神無月鹿比🦌｜官方精華】為什麼萌寵改名字了,2024-02-01T11:00:26Z,https://www.youtube.com/watch?v=OMarpPEgpRM,https://i.ytimg.com/vi/OMarpPEgpRM/mqdefault.jpg
9cec24b011ee45648eb404066c997f49,7647,【幻獸帕魯】明天沒有早八，今天一邊偷偷練歌一邊玩到喪心病狂啦 ヽ( ° ▽°)ノ(沒有)█熙歌Cygnus,2024-01-24T17:51:05Z,https://www.youtube.com/watch?v=TclCh5XPcnU,https://i.ytimg.com/vi/TclCh5XPcnU/mqdefault.jpg
afa3e309e41044c5bffe17466607d481,7643,雪雪๐•ᴗ•๐ 2/1 玩個新遊戲 晚上想要探險 @yukkkkiouo 紫勾勾申請中 ♡初配信準備中♡,2024-02-01T09:29:16Z,https://www.twitch.tv/videos/2049843145,https://static-cdn.jtvnw.net/cf_vods/d3vd9lfkzbru3h/5897017ab9e0c867c328_yukkkkiouo_41027200967_1706779749//thumb/thumb0-%{width}x%{height}.jpg
e069724ddab54dd690d6c3425574effd,7617,學測國文頂標的方法 #vtuber  #台灣vtuber #新人vtuber #shorts #short #台v #vtuber,2024-01-19T12:01:01Z,https://www.youtube.com/watch?v=zNOlrz5c7Yc,https://i.ytimg.com/vi/zNOlrz5c7Yc/mqdefault.jpg
334133534368487780dfa99b7c9f5949,7615,一分鐘學會雞蛋雜炊（玉子の雑炊）🥚 #cooking #lifestyle #vtuber,2024-01-18T06:00:22Z,https://www.youtube.com/watch?v=TwY0dBUCNZM,https://i.ytimg.com/vi/TwY0dBUCNZM/mqdefault.jpg
7ead9e2cac544a7cb00444ef6b4698d1,7612,【琴雜】拆封Final Fantasy 琴譜 應該不會太難吧…｜響Hibiki,2024-01-30T17:01:21Z,https://www.youtube.com/watch?v=rU5gRBjSTZc,https://i.ytimg.com/vi/rU5gRBjSTZc/mqdefault.jpg
4b6655120fbd4431a8f7894cac4a4d49,7611,ASMR｜心音陪伴耳朵清潔滿點舒眠放鬆❤️｜Ear cleaning Ear massage｜ 耳かき オイルマッサージ【白/黑3DIO KU100】,2024-01-25T17:01:57Z,https://www.youtube.com/watch?v=cscaHyswzU0,https://i.ytimg.com/vi/cscaHyswzU0/mqdefault.jpg
9ca368e73d514656ade48dc946f55956,7594,【睡前通話#4】睡前的一小時通話，果然時間久了人都會變...嗎？【TSMATCH火柴】,2024-02-07T03:13:52Z,https://www.youtube.com/watch?v=aPnCjbVtuW0,https://i.ytimg.com/vi/aPnCjbVtuW0/mqdefault.jpg
c65e7caaf81a43249d5132b9fe312b24,7590,Comfy Campfire Guitar Singalong with the Bloo Ber,2024-02-03T05:51:28Z,https://www.youtube.com/watch?v=4DNWtgyr91w,https://i.ytimg.com/vi/4DNWtgyr91w/mqdefault.jpg
60282d578bb747b8b232dba81168a5b6,7572,【雜談】阿冰ㄉ早上禿擊DAY2!陪窩吃麥當當選歌單  | 冰霧Eisnebel,2024-02-04T05:10:00Z,https://www.youtube.com/watch?v=99E6rCyJQrk,https://i.ytimg.com/vi/99E6rCyJQrk/mqdefault.jpg
6bd49f94afb144e995247388ca8c42a8,7565,【APEX手把訓練營 DAY 5】最後一天！終於可以解脫啦ヽ(✿ﾟ▽ﾟ)ノ【橙Yuzumi】,2024-01-26T06:55:24Z,https://www.youtube.com/watch?v=phfT7SA4mcM,https://i.ytimg.com/vi/phfT7SA4mcM/mqdefault.jpg
334133534368487780dfa99b7c9f5949,7559,一分鐘學會日式甜味咖哩（カレーライス）🍛 #cooking #lifestyle #vtuber,2024-01-22T06:49:06Z,https://www.youtube.com/watch?v=yIPLxs1xP7A,https://i.ytimg.com/vi/yIPLxs1xP7A/mqdefault.jpg
7f72433f23da4bf8bfbf7ee3904eb7ca,7556,💙朱紫新人訓練家初見太晶化寶可夢，想不到對手竟然是......！？💙 #shorts #寶可夢 #台v,2024-01-29T11:30:32Z,https://www.youtube.com/watch?v=qQByeurYTXE,https://i.ytimg.com/vi/qQByeurYTXE/mqdefault.jpg
a000aa1d3ea7489c993277d33ab2457e,7539,【午餐配月】午安!幻日代班~回答大家IG問題!聊聊天!⌇幻月Moondogs,2024-02-02T05:16:16Z,https://www.youtube.com/watch?v=0lVU3j3-23E,https://i.ytimg.com/vi/0lVU3j3-23E/mqdefault.jpg
a6a4e83ae23140e6bd1f7c817af8f864,7535,【企劃】用書法寫一些吉祥話！筆文字で賀年状を書きます！【露熙妲 Luxida】,2024-02-04T14:44:07Z,https://www.youtube.com/watch?v=5utMhN9Q8YQ,https://i.ytimg.com/vi/5utMhN9Q8YQ/mqdefault.jpg
5f12df329c6144e1a6c596f4fbcb9e81,7528,日本3人娘在台灣春節畫奇怪的東西 ft.Gabu、Kagura 【TorakoLive 大合虎子】,2024-02-12T13:35:59Z,https://www.youtube.com/watch?v=7M2DBIwwUOo,https://i.ytimg.com/vi/7M2DBIwwUOo/mqdefault.jpg
4b6b055ada4d4f0ab63b7ad02a3fa3ef,7522,【縦型歌粹】第一次的縦型配信✨｜Rumi/懶貓子,2024-01-21T15:45:01Z,https://www.youtube.com/watch?v=oQn7ldhNwBA,https://i.ytimg.com/vi/oQn7ldhNwBA/mqdefault.jpg
5535c9524eb046c38e172ebfa06b302f,7507,🔴AR60 ASIA【#原神 / Genshin】掉寶啟動，和閒雲約會中(作業台)  ▹ @ruroroisme ◃,2024-01-31T16:12:42Z,https://www.twitch.tv/videos/2049093146,https://static-cdn.jtvnw.net/cf_vods/d3vd9lfkzbru3h/cc5dbd7c119ee83b9716_ruroroisme_41025639639_1706717549//thumb/thumb0-%{width}x%{height}.jpg
ebe5c5f9d67f44f3bc5e70b413ce9df7,7506,【直式雜談】要了解世界大事，就一起來看看D卡跟PTT文章吧！【依可露】,2024-02-01T06:42:14Z,https://www.youtube.com/watch?v=ALfjTasRi50,https://i.ytimg.com/vi/ALfjTasRi50/mqdefault.jpg
36f4fa8dbd7740c3ae5ac02b890fa502,7500,靠這一招消滅家裡蟑螂，還不傷及毛小孩  #月上零韻 #vtuber #vtuberclip #vtuber中文 #台v精華 #零cut可樂,2024-01-24T14:30:07Z,https://www.youtube.com/watch?v=Kg0fH2F49co,https://i.ytimg.com/vi/Kg0fH2F49co/mqdefault.jpg
15c9a54b946a40c38c07ea2f9efddfa5,7497,【為霓寫歌】這首歌要送給誰呢？｜煌Kirali,2024-01-27T13:07:59Z,https://www.youtube.com/watch?v=s54kbGLFF90,https://i.ytimg.com/vi/s54kbGLFF90/mqdefault.jpg
cd42e06c40534d9eac7e30a434e47d43,7480,醫院靈異事件 阿豹差點整個被拖走! 你們有遇過類似的嗎? #vtuber #shorts #vtuber中文 #帕豹pabo #台灣vtuber #vtuber精華 #vtuberclip,2024-01-16T00:00:25Z,https://www.youtube.com/watch?v=zx4S9h9JWGM,https://i.ytimg.com/vi/zx4S9h9JWGM/mqdefault.jpg
6dc75ab227e34c928598bde8f2d324bf,7469,【shorts】你的孩子不是你的孩子！🦁 #shorts #vtuber #vtuberclip #vtuber精華 #海克莉絲 #hercules,2024-01-18T06:59:59Z,https://www.youtube.com/watch?v=TlxpVyeBLsc,https://i.ytimg.com/vi/TlxpVyeBLsc/mqdefault.jpg
0f595c5e48be4f29befb358388a61f8b,7464,【查勤必備紫外線燈】歡迎紫外線燈廠商洽詢!!!!!#vtuber #shorts #台V #vtuberclip #vtuber中文 #新人vtuber #irisadaily #irisalive,2024-01-31T12:00:26Z,https://www.youtube.com/watch?v=G7MyExRsRMI,https://i.ytimg.com/vi/G7MyExRsRMI/mqdefault.jpg
0bf0ec441dc6489583f7218e02ab6a89,7463,🔴【3Dio/舔耳ASMR】02/02 22:30 深入舌壓❤完美包覆❤曖昧戀愛吐息❤3Dio❤近距離陪睡【香草奈若】,2024-02-02T19:15:20Z,https://www.youtube.com/watch?v=AC_R-gEy-ng,https://i.ytimg.com/vi/AC_R-gEy-ng/mqdefault.jpg
512b64ec20174d018540516e9edf2b2f,7447,😤Ku100，asmr？🥺直式直播,2024-02-10T03:21:12Z,https://www.youtube.com/watch?v=2cI4RVeGQgo,https://i.ytimg.com/vi/2cI4RVeGQgo/mqdefault.jpg
b126053a1356460ebf85a874a6a55aca,7445,立法院議場外韓國瑜泛藍大合唱《我們都是一家人》 🍓20240201　#韓國瑜 #高金素梅,2024-02-01T13:24:19Z,https://www.youtube.com/watch?v=kd2cigcX1HE,https://i.ytimg.com/vi/kd2cigcX1HE/mqdefault.jpg
b126053a1356460ebf85a874a6a55aca,7437,國民黨7年沒年終，民眾黨滿3月發1.5月｜新竹棒球場案含前首長6人移送監院審理 🍓20240127 #高雄林小姐 #Vtuber​​​​ #台灣Vtuber​​​ #台V,2024-01-27T13:23:16Z,https://www.youtube.com/watch?v=hggswonEmZ0,https://i.ytimg.com/vi/hggswonEmZ0/mqdefault.jpg
9cec24b011ee45648eb404066c997f49,7436,【02/01】霧鎖王國！跟建築師NEMO一起玩，我會讓他中風嗎...,2024-02-01T06:04:11Z,https://www.twitch.tv/videos/2049771696,https://static-cdn.jtvnw.net/cf_vods/d3vd9lfkzbru3h/593a794ab33921225afe_cygxdfp_41026760999_1706767444//thumb/thumb0-%{width}x%{height}.jpg
936b23e5e87144108c5d3f09f194c8b8,7403,你知道日語裡面去s吧怎麼說嗎？ 最可愛的西內 #vtuber #台灣vtuber #雜談 #蔥鴨嘎嘎live #台v,2024-02-03T01:00:33Z,https://www.youtube.com/watch?v=ux7fRWmQgcA,https://i.ytimg.com/vi/ux7fRWmQgcA/mqdefault.jpg
6dc75ab227e34c928598bde8f2d324bf,7399,【歌雜】縱型配信 - 經典英文歌曲：初見歡迎！沒辦法開放點歌唷~!! 好久沒唱歌的感覺w~~🦁️,2024-02-02T16:18:39Z,https://www.youtube.com/watch?v=OBgJBc_mo0o,https://i.ytimg.com/vi/OBgJBc_mo0o/mqdefault.jpg
15c9a54b946a40c38c07ea2f9efddfa5,7392,【觀眾募集】來跟我說說你的疑難雜症吧，邏基豹豹給你完全不對的建議！ ｜煌Kirali,2024-01-18T14:25:55Z,https://www.youtube.com/watch?v=MB2qFkJvwro,https://i.ytimg.com/vi/MB2qFkJvwro/mqdefault.jpg
ea4c1a67c2e445ad8028768616ceb659,7387,【🥞直式深夜雜談！】跟各位破防的妳各位聊一聊，突然離開果然還是會覺得很寂寞R【洛可洛斯特 / VTUBER】#shorts #直式直播,2024-01-17T17:57:39Z,https://www.youtube.com/watch?v=iCGNpuNvBgs,https://i.ytimg.com/vi/iCGNpuNvBgs/mqdefault.jpg
265a18972d244affae35711cfd1f9931,7382,TAKOASMR：不舒眠向  實景 鏡頭開啟 我們來聽聽這是甚麼聲音呢 新麥克風測試 【MiroLive/塔芭絲可】,2024-02-11T16:23:53Z,https://www.youtube.com/watch?v=mkZtZs3TtBg,https://i.ytimg.com/vi/mkZtZs3TtBg/mqdefault.jpg
bafb134fd2f849898d6242d1f5f683cc,7376,【這是一種原創曲嗎】真的好想早起 Shorts ver.2⌇涅默Nemesis,2024-01-21T05:00:07Z,https://www.youtube.com/watch?v=FRgDJxCaRw8,https://i.ytimg.com/vi/FRgDJxCaRw8/mqdefault.jpg
8b027d3a3f374c9c8398b6dd751e5018,7372,01/29｜紅包活動回饋記得填表單 !回饋 | !VPN !好玩遊戲 !人設 !GG !BOOBA !貼圖,2024-01-29T05:36:06Z,https://www.twitch.tv/videos/2046940428,https://static-cdn.jtvnw.net/cf_vods/d3vd9lfkzbru3h/45acdef77d832c982b8d_lisheng_tw_41018231783_1706506560//thumb/thumb0-%{width}x%{height}.jpg
b0fa9fc53f99425db4cca93d2d48a91f,7361,【歌雑/歌雜】午間歌回！跟300人說上班/上課辛苦了 #縦型配信 #shorts 【RiRA 梨菈】,2024-01-26T09:31:40Z,https://www.youtube.com/watch?v=FiWAJJL7EcU,https://i.ytimg.com/vi/FiWAJJL7EcU/mqdefault.jpg
73b97b1a35c84579aa8ffcd6534efad3,7359,【金音時刻】縱型直播唱聊回✨ 初二就是要⋯刮刮刮刮樂！！ #初見安安,2024-02-11T15:49:22Z,https://www.youtube.com/watch?v=VmPCKIdg8fs,https://i.ytimg.com/vi/VmPCKIdg8fs/mqdefault.jpg
e93bd1102e214cbaa71cc5b2e4a53595,7338,【雜談】閒話家常！還要一邊回回Ｘ！不能再拖下去惹，SNS苦手人努力回推特！  ░  雜談｜Chatting Stream,2024-02-02T16:02:18Z,https://www.youtube.com/watch?v=GE6rBZNypwM,https://i.ytimg.com/vi/GE6rBZNypwM/mqdefault.jpg
ee0763f3339d45b493bf45488a8e7701,7335,【梓芊🐰】 @pandora0407 🤍 2/8  Arena Breakout暗區突圍 新年活動紅包來啦! (๑´ㅂ`๑ )🤍 !7tv YT過收益化了!!,2024-02-08T01:45:58Z,https://www.twitch.tv/videos/2056409155,https://static-cdn.jtvnw.net/cf_vods/d3vd9lfkzbru3h/fafb4d9980c9024c879c_pandora0407_41047351991_1707356748//thumb/thumb0-%{width}x%{height}.jpg
6bd49f94afb144e995247388ca8c42a8,7333,【現場互動】前進台北國際動漫節！顧攤zumi上線ヾ(•ω•`)o Day 1【橙Yuzumi】,2024-02-03T06:17:36Z,https://www.youtube.com/watch?v=Rlzj3kfHQKA,https://i.ytimg.com/vi/Rlzj3kfHQKA/mqdefault.jpg
5d00575c06d74f588238857d7dec1b02,7331,【#縦型配信】親戚問Vtuber是什麼，該如何解釋？午餐聊天❤️‍🔥妮卡沃爾 #shorts #Vtuber #talkingstream #台V,2024-02-09T09:48:04Z,https://www.youtube.com/watch?v=Y0aSr78tfhg,https://i.ytimg.com/vi/Y0aSr78tfhg/mqdefault.jpg
8bf35c3b9a9e461d825a9170555b71c2,7317,【哄睡】英文冷笑話輕聲細語台，不要600我拜託｜澪Rei,2024-02-02T16:36:38Z,https://www.youtube.com/watch?v=fd40aRfVqJA,https://i.ytimg.com/vi/fd40aRfVqJA/mqdefault.jpg
c04f006e69e04000a68cd0c41f888eb2,7314,【ARK | 方舟】背著大家偷偷養恐龍❓❗我也有自己的恐龍啦 ❗ | Rluo Ch. 阿洛【方舟：生存進化】,2024-01-15T17:44:34Z,https://www.youtube.com/watch?v=hD-kXAtRrV4,https://i.ytimg.com/vi/hD-kXAtRrV4/mqdefault.jpg
470d1cb40a5e460e8cdc1414c5fd1a34,7310,【雜談】MBTI是什麼？朝活一起來性格測試！跟上時事、不跟世界脫節、擺脫邊緣人｜縦型配信、初見歡迎 #shorts｜Libbi Rico 莉比莉可🦆,2024-01-14T04:53:27Z,https://www.youtube.com/watch?v=d84UVsNNRr0,https://i.ytimg.com/vi/d84UVsNNRr0/mqdefault.jpg
98e3a5838fec4a6caa936ae35485de23,7309,【💙Lulu配信中💙】第一次直播就工商...？讓Lulu帶你各位一起來看看這次春魚的商品有哪些吧！🍻【露恰露恰．Vtuber】,2024-02-01T16:54:03Z,https://www.youtube.com/watch?v=W9eX-q2_xJo,https://i.ytimg.com/vi/W9eX-q2_xJo/mqdefault.jpg
936b23e5e87144108c5d3f09f194c8b8,7308,主播喝過的水瓶⋯太讚了 #vtuber #台灣vtuber #雜談 #台v #蔥鴨嘎嘎live #memes #迷因,2024-01-23T01:00:05Z,https://www.youtube.com/watch?v=Bg7tc4CWqEM,https://i.ytimg.com/vi/Bg7tc4CWqEM/mqdefault.jpg
7c06b9e316ce4ac18ce836cd72442bbe,7300,【帕魯】來自期末深淵的聲音 螃蟹回歸抓他來當帕...我是說一起玩帕魯 ft. @loda3393【浠Mizuki Game】!周邊、!dc、!斗內、!YT、!推特、!點歌、!新歌、!募集、!IG,2024-01-26T10:07:38Z,https://www.twitch.tv/videos/2043996131,https://static-cdn.jtvnw.net/cf_vods/d3vd9lfkzbru3h/08a451830533bb1bdb68_mizukimilk723_41009599543_1706263654//thumb/thumb0-%{width}x%{height}.jpg
b126053a1356460ebf85a874a6a55aca,7297,謝龍介 新科立委歡唱趴 2024.1.25 #謝龍介 #葉元之,2024-02-01T16:13:22Z,https://www.youtube.com/watch?v=E3yzMVaJIzI,https://i.ytimg.com/vi/E3yzMVaJIzI/mqdefault.jpg
3681a0b4e4bd48888473b1884f6ee420,7282,我是危險ㄉ女人⚠️台灣Vtuber麥塊好笑片段 #台v #shorts #台灣vtuber #vtuber精華,2024-01-14T10:00:08Z,https://www.youtube.com/watch?v=1grP2B33Dr0,https://i.ytimg.com/vi/1grP2B33Dr0/mqdefault.jpg
f6a4e7aa8d0c4e5cb39d199845ec4d02,7258,5ma之歌Challenge #5machallenge #shorts #杏仁ミル,2024-02-10T13:40:05Z,https://www.youtube.com/watch?v=gTKLzTaj7g4,https://i.ytimg.com/vi/gTKLzTaj7g4/mqdefault.jpg
f6a4e7aa8d0c4e5cb39d199845ec4d02,7256,【3D LIVE映像】ハートビート・フロムユー - Cover by 杏仁ミル【#杏仁ミル 5周年LIVE影像】,2024-01-14T11:00:18Z,https://www.youtube.com/watch?v=4cnekD1wk30,https://i.ytimg.com/vi/4cnekD1wk30/mqdefault.jpg
b4a1791208fd4d85b7b08ee2bad0c236,7253,【直式直播鎮魂曲】用溫暖的嗓音帶你進入夢鄉🌼 #shorts #瑪格麗特諾爾絲 #vtuber #箱箱thebox,2024-01-22T16:08:55Z,https://www.youtube.com/watch?v=wej79p2UglU,https://i.ytimg.com/vi/wej79p2UglU/mqdefault.jpg