VTuber ID,View Count,Title,Publish Time,URL,Thumbnail URL
f99b7c49c1c8472681987ac2d1ff87bc,328592,【ALGS中文毒奶台】勝者組半決賽 · 有問題請先打指令 ➡ !懶人包 !請問 !尊重 !VPN*,2022-07-09T16:58:45Z,https://www.twitch.tv/videos/1526978979,https://static-cdn.jtvnw.net/cf_vods/d3vd9lfkzbru3h/288ec31bd6660820b937_restiafps_39474860455_1657385918//thumb/thumb0-%{width}x%{height}.jpg
f99b7c49c1c8472681987ac2d1ff87bc,320010,【中/Eng/日本語】ALGS中文毒奶台 !請問 !懶人包 !尊重 !VPN,2022-07-07T16:48:50Z,https://www.twitch.tv/videos/1525060383,https://static-cdn.jtvnw.net/cf_vods/d3vd9lfkzbru3h/273c49522a3a3408c284_restiafps_39469560567_1657212525//thumb/thumb0-%{width}x%{height}.jpg
f99b7c49c1c8472681987ac2d1ff87bc,282072,【台灣最強SOLO決定戰 單人大逃殺大賽!】指令: !參賽名單 !計分表 !獎金 !規則 !地圖,2022-07-26T09:44:45Z,https://www.twitch.tv/videos/1543153411,https://static-cdn.jtvnw.net/cf_vods/d3vd9lfkzbru3h/76d5239fd77e45219d47_restiafps_39518885319_1658828678//thumb/thumb0-%{width}x%{height}.jpg
21428cae24af4607bffe25cb2746daa6,232340,【畢業典禮】致我的哇賽棒棒風鈴草🐺啟程LA！｜Linglan Lily’s graduation ceremony #李李鈴蘭,2022-07-10T13:20:39Z,https://www.youtube.com/watch?v=rvkMbydTrU0,https://i.ytimg.com/vi/rvkMbydTrU0/mqdefault.jpg
f99b7c49c1c8472681987ac2d1ff87bc,195006,【ALGS世界大賽中文毒奶台】頂上決賽! · 有問題請先打指令 ➡ !懶人包 !請問 !DF !尊重 !VPN,2022-07-10T20:34:29Z,https://www.twitch.tv/videos/1528110349,https://static-cdn.jtvnw.net/cf_vods/d3vd9lfkzbru3h/3e534a03ef66d98c64ba_restiafps_39477703831_1657485262//thumb/thumb0-%{width}x%{height}.jpg
f99b7c49c1c8472681987ac2d1ff87bc,177030,【ALGS中文毒奶台】 有問題請先打指令 ➡ !懶人包 !請問 !尊重 !VPN,2022-07-08T17:02:56Z,https://www.twitch.tv/videos/1526019781,https://static-cdn.jtvnw.net/cf_vods/d3vd9lfkzbru3h/e19740c4ee257f951f6c_restiafps_39472119799_1657299771//thumb/thumb0-%{width}x%{height}.jpg
f99b7c49c1c8472681987ac2d1ff87bc,136909,【中/Eng/日】17:00 重大發表!! !VPN,2022-07-16T07:34:42Z,https://www.twitch.tv/videos/1533325940,https://static-cdn.jtvnw.net/cf_vods/d3vd9lfkzbru3h/7e7a25fac694b6d22f1f_restiafps_39492045991_1657956876//thumb/thumb0-%{width}x%{height}.jpg
f99b7c49c1c8472681987ac2d1ff87bc,135869,【中/Eng/日】看看比賽 悠閒的過週日 !SOLO比賽 !SZ !VPN,2022-07-24T10:10:08Z,https://www.twitch.tv/videos/1541229967,https://static-cdn.jtvnw.net/cf_vods/d3vd9lfkzbru3h/f0c9263b03257648ac43_restiafps_39513862071_1658657401//thumb/thumb0-%{width}x%{height}.jpg
5535c9524eb046c38e172ebfa06b302f,133822,🔴AR60 ASIA【#原神 / Genshin】2.8前瞻直播一起看! 葉天帝恭迎回歸! 誰敢再說你是小砂糖? ▹璐洛洛◃,2022-07-02T14:19:48Z,https://www.youtube.com/watch?v=UDP5YLt9heg,https://i.ytimg.com/vi/UDP5YLt9heg/mqdefault.jpg
f99b7c49c1c8472681987ac2d1ff87bc,123195,【中/Eng/日】Apex Rank with Astel、Dtto  !SOLO比賽 !SZ !VPN,2022-07-25T10:10:05Z,https://www.twitch.tv/videos/1542174928,https://static-cdn.jtvnw.net/cf_vods/d3vd9lfkzbru3h/2099bd0e2c527bb498c5_restiafps_39516388039_1658743800//thumb/thumb0-%{width}x%{height}.jpg
f99b7c49c1c8472681987ac2d1ff87bc,116963,【中/Eng/日】看鬥魚杯 !SZ !SOLO比賽 !VPN,2022-07-22T10:00:33Z,https://www.twitch.tv/videos/1539244849,https://static-cdn.jtvnw.net/cf_vods/d3vd9lfkzbru3h/7c28cae5ba494117585f_restiafps_39508610903_1658484026//thumb/thumb0-%{width}x%{height}.jpg
5535c9524eb046c38e172ebfa06b302f,115462,【原神】2.8版本前瞻懶人包🎯萬葉 & 宵宮 & 可莉復刻! 近戰法師鹿野院平藏登場! 新手該怎麼抽? 金蘋果群島回來啦! 活動超多還有須彌彩蛋! 更新前必看！新衣裝/新劇情/新活動 ▹璐洛洛◃,2022-07-04T13:45:12Z,https://www.youtube.com/watch?v=s5oFbqpkQ2Y,https://i.ytimg.com/vi/s5oFbqpkQ2Y/mqdefault.jpg
f99b7c49c1c8472681987ac2d1ff87bc,115386,【中/Eng/日】【中/Eng/日本語】・Live2Dお披露目!・V-Model Debut!・V-Type出道!,2022-07-07T10:55:46Z,https://www.twitch.tv/videos/1524846783,https://static-cdn.jtvnw.net/cf_vods/d3vd9lfkzbru3h/3f587a0808b862ca0f4c_restiafps_39468482455_1657191339//thumb/thumb0-%{width}x%{height}.jpg
f18407d79b4b43ffa6adf629d1723a8f,112410,【初配信】All in！賭王即將誕生！【不夜皇FuyaSumeragi・VTuber】,2022-07-01T14:22:33Z,https://www.youtube.com/watch?v=AgtgHvh9ihI,https://i.ytimg.com/vi/AgtgHvh9ihI/mqdefault.jpg
f99b7c49c1c8472681987ac2d1ff87bc,100906,【中/Eng/日】WuweiCub 3mins delay !SZ !VPN,2022-07-17T09:53:31Z,https://www.twitch.tv/videos/1534329442,https://static-cdn.jtvnw.net/cf_vods/d3vd9lfkzbru3h/f5c4a98d8d5943cd6d36_restiafps_39495307319_1658051605//thumb/thumb0-%{width}x%{height}.jpg
5535c9524eb046c38e172ebfa06b302f,95465,【原神】⭐️沒有高規電腦或是想用低CPU使用率玩各種遊戲嗎？手把手教你用GeForce NOW當最潮的雲玩家啦！ ▹璐洛洛◃,2022-07-09T04:00:12Z,https://www.youtube.com/watch?v=4f1lZAtnDhY,https://i.ytimg.com/vi/4f1lZAtnDhY/mqdefault.jpg
f99b7c49c1c8472681987ac2d1ff87bc,91576,【中/Eng/日】累累病發作 先來當盤子 !SZ !VPN,2022-07-20T12:48:46Z,https://www.twitch.tv/videos/1537326565,https://static-cdn.jtvnw.net/cf_vods/d3vd9lfkzbru3h/a77b695a6437b49ed45c_restiafps_39503850119_1658321318//thumb/thumb0-%{width}x%{height}.jpg
5535c9524eb046c38e172ebfa06b302f,90033,【原神研究室】2.8萬葉復刻Q&A(基礎篇)🍁▸為什麼葉天帝是人權卡？比擬七神人人必抽的地位？和溫迪/砂糖的區別？可以配魈嗎？可以用妖刀嗎？抽到幾命最適合？畢業面板怎麼看？ ▹璐洛洛◃,2022-07-15T15:30:13Z,https://www.youtube.com/watch?v=TChk4iWGkZY,https://i.ytimg.com/vi/TChk4iWGkZY/mqdefault.jpg
f99b7c49c1c8472681987ac2d1ff87bc,87745,【中/Eng/日】7月7日晚上7點Live2D出道 !v皮 !vpn,2022-07-02T11:56:27Z,https://www.twitch.tv/videos/1520265318,https://static-cdn.jtvnw.net/cf_vods/d3vd9lfkzbru3h/8acc8960d9489b4e69c5_restiafps_39455705783_1656762980//thumb/thumb0-%{width}x%{height}.jpg
30114f720b104e7f89d9dc0399a00dd4,85484,[畢業典禮]呱呱們再見了🌸要信狐喔🌸#神稻櫻火,2022-07-05T15:17:54Z,https://www.youtube.com/watch?v=NHReT2XrZmM,https://i.ytimg.com/vi/NHReT2XrZmM/mqdefault.jpg
4b6b055ada4d4f0ab63b7ad02a3fa3ef,85466,【自己紹介】#Vtuber一問一答自己紹介 ｜Rumi/懶貓子,2022-07-03T10:33:49Z,https://www.youtube.com/watch?v=ajyjec2Cq4E,https://i.ytimg.com/vi/ajyjec2Cq4E/mqdefault.jpg
a02bb0332f5942ec892c932d6a089014,85047,我的隱私呢？我是不是要沒收Tina我家的鑰匙？【貝莉莓】,2022-07-19T09:00:11Z,https://www.youtube.com/watch?v=MsDX8tG6dy0,https://i.ytimg.com/vi/MsDX8tG6dy0/mqdefault.jpg
f99b7c49c1c8472681987ac2d1ff87bc,83628,【中/Eng/日】休息兩天復活了 !VPN,2022-07-14T05:48:28Z,https://www.twitch.tv/videos/1531356953,https://static-cdn.jtvnw.net/cf_vods/d3vd9lfkzbru3h/86fcdf6e6cd47d302878_restiafps_39486120599_1657777701//thumb/thumb0-%{width}x%{height}.jpg
f99b7c49c1c8472681987ac2d1ff87bc,81176,【中/Eng/日】看隊友打鬥魚杯 !SZ !VPN,2022-07-21T10:22:46Z,https://www.twitch.tv/videos/1538259468,https://static-cdn.jtvnw.net/cf_vods/d3vd9lfkzbru3h/419e171f91908ea8e4b0_restiafps_39506033479_1658398961//thumb/thumb0-%{width}x%{height}.jpg
a02bb0332f5942ec892c932d6a089014,80191,什麼叫我會吹嗎？是不是想被我告啊！【貝莉莓】,2022-07-22T09:30:14Z,https://www.youtube.com/watch?v=ekH3EqI_bnM,https://i.ytimg.com/vi/ekH3EqI_bnM/mqdefault.jpg
5535c9524eb046c38e172ebfa06b302f,78801,【原神研究室】鹿野院平藏👊全分析▸近戰法師一拳小鹿，萌新&平民用起來超快樂的速切輸出位！聖遺物/命座/天賦/武器推薦 ▹璐洛洛◃,2022-07-17T11:15:13Z,https://www.youtube.com/watch?v=S_PzSYVu7Ko,https://i.ytimg.com/vi/S_PzSYVu7Ko/mqdefault.jpg
9e64bba43928414884503de36f805c48,73671,7/24  |  6/19~7/24 生日加班台 !加班 !紋紋證交所 !股票 !YT,2022-07-25T02:54:01Z,https://www.twitch.tv/videos/1541985404,https://static-cdn.jtvnw.net/cf_vods/d3vd9lfkzbru3h/02295304744358366f6e_wen620_39515608967_1658717634//thumb/thumb0-%{width}x%{height}.jpg
7c06b9e316ce4ac18ce836cd72442bbe,71501,【浠Mizuki 2.0✨】新衣裝發布會！也要一起看大家的預測~！【新衣装お披露目】,2022-07-02T15:14:34Z,https://www.youtube.com/watch?v=Aq5DF-8tZk0,https://i.ytimg.com/vi/Aq5DF-8tZk0/mqdefault.jpg
5535c9524eb046c38e172ebfa06b302f,70873,🟠AR60 ASIA【#原神 / Genshin】滿命萬葉&可莉來我家! 競猜抽月卡! 滿命平藏全新角色開始快樂風男~ ▹璐洛洛◃,2022-07-13T16:50:18Z,https://www.youtube.com/watch?v=U8juEoCANIA,https://i.ytimg.com/vi/U8juEoCANIA/mqdefault.jpg
5535c9524eb046c38e172ebfa06b302f,65493,【原神研究室】24個旋曜玉帛全蒐集路線🥯▸你知道這個年輪蛋糕，可以在塵歌壺裡面播放音樂嗎？ ▹璐洛洛◃,2022-07-08T13:30:14Z,https://www.youtube.com/watch?v=extIOYgXucc,https://i.ytimg.com/vi/extIOYgXucc/mqdefault.jpg
f99b7c49c1c8472681987ac2d1ff87bc,61451,【中/Eng/日】17:00 Rakuten Esports Cup !比賽 !SZ !VPN,2022-07-23T08:44:56Z,https://www.twitch.tv/videos/1540223082,https://static-cdn.jtvnw.net/cf_vods/d3vd9lfkzbru3h/013883e019e4ffb78aac_restiafps_39511086119_1658565890//thumb/thumb0-%{width}x%{height}.jpg
f110fd69b66941bab04de9ada563c6ac,58142,【3Dio FS XLR/舔耳】 成人向 ♡暴力御姉｜灌注滿滿的愛意到深處｜舔耳耐久♡｜把握機會聆聽因為可能會被BAN (?)【舔耳ASMR】,2022-07-19T16:15:41Z,https://www.youtube.com/watch?v=XVkM4St7A3M,https://i.ytimg.com/vi/XVkM4St7A3M/mqdefault.jpg
f99b7c49c1c8472681987ac2d1ff87bc,56635,跟Mafuyu媽媽打Rank!,2022-07-27T09:55:24Z,https://www.twitch.tv/videos/1544159012,https://static-cdn.jtvnw.net/cf_vods/d3vd9lfkzbru3h/b2f7abc745a224534226_restiafps_39521504791_1658915716//thumb/thumb0-%{width}x%{height}.jpg
521fb650b9534787b19c8762957fb5d2,55425,【#瑪格麗特的茶會】啟程🌼踏上旅程的那天【瑪格麗特Vtuber】#瑪格麗特溫特斯,2022-07-09T14:58:02Z,https://www.youtube.com/watch?v=D_mhJlWgAsY,https://i.ytimg.com/vi/D_mhJlWgAsY/mqdefault.jpg
5535c9524eb046c38e172ebfa06b302f,54757,【原神研究室】2.8萬葉復刻Q&A(進階篇)🍁▸擴散反應的必知重點？染色順序&觸發機制？如何使用正確雙擴散？強勢主流隊伍操作手法👉雷九萬班/萬達國際/神鶴萬心/可莉純火/感電! ▹璐洛洛◃,2022-07-20T15:30:14Z,https://www.youtube.com/watch?v=BudJ6vk2ZlM,https://i.ytimg.com/vi/BudJ6vk2ZlM/mqdefault.jpg
f99b7c49c1c8472681987ac2d1ff87bc,53399,跟小千·Selen·Petit·小千弟弟一起Overwatch2 !VPN,2022-07-09T06:03:22Z,https://www.twitch.tv/videos/1526645172,https://static-cdn.jtvnw.net/cf_vods/d3vd9lfkzbru3h/a94f7a69ad35447b8d64_restiafps_39473093143_1657346595//thumb/thumb0-%{width}x%{height}.jpg
664e1b310cf343b78623f99b31e40fae,52993,迪鹿日常9 - 騎馬驚魂🐎,2022-07-06T10:30:08Z,https://www.youtube.com/watch?v=RcyppXv9Hnk,https://i.ytimg.com/vi/RcyppXv9Hnk/mqdefault.jpg
4b6b055ada4d4f0ab63b7ad02a3fa3ef,51064,【#FF39】LIVE生中継📸✨- 第一天 -｜Rumi/懶貓子,2022-07-16T09:47:36Z,https://www.youtube.com/watch?v=lhA4ep7ABow,https://i.ytimg.com/vi/lhA4ep7ABow/mqdefault.jpg
fd6a0236861940389e15ef85b16c6069,49567,【zZZ】744小時倒數減班挑戰 - ̗̀♡ ̖́- |  !減班 !七月活動 | 7/4 | 烟花,2022-07-03T16:37:51Z,https://www.twitch.tv/videos/1521358884,https://static-cdn.jtvnw.net/cf_vods/d3vd9lfkzbru3h/ce580c85a8464f9c6de7_hennie2001_39459334103_1656866264//thumb/thumb0-%{width}x%{height}.jpg
c82ab1b4f8f64d1f84cae4ce09aa0dea,49260,CH4NGE - Giga / 汐Seki【Cover 初投稿】,2022-07-09T12:00:16Z,https://www.youtube.com/watch?v=QPEDztVZNQ8,https://i.ytimg.com/vi/QPEDztVZNQ8/mqdefault.jpg
01f26342ae4e419280bcfd6ec6e86db1,47207,【永遠的7日：無盡開端x十五號】繁中限定曲——「7日之約」,2022-07-09T04:30:12Z,https://www.youtube.com/watch?v=HGkA0ePbYWQ,https://i.ytimg.com/vi/HGkA0ePbYWQ/mqdefault.jpg
5535c9524eb046c38e172ebfa06b302f,46880,🔴AR60 ASIA【#原神 / Genshin】滿命萬葉&可莉來我家Part 2! 每週日滷肉幫到你家&健檢帳號! ▹璐洛洛◃,2022-07-17T19:31:58Z,https://www.youtube.com/watch?v=rfzSwlcOiA0,https://i.ytimg.com/vi/rfzSwlcOiA0/mqdefault.jpg
fd6a0236861940389e15ef85b16c6069,46784,【烟花】744小時倒數減班挑戰 - ̗̀♡ ̖́- |  !減班 !七月活動 | 7/2,2022-07-02T05:01:30Z,https://www.twitch.tv/videos/1520091457,https://static-cdn.jtvnw.net/cf_vods/d3vd9lfkzbru3h/9c16afb3776fa48bd439_hennie2001_39454711879_1656738083//thumb/thumb0-%{width}x%{height}.jpg
4b6b055ada4d4f0ab63b7ad02a3fa3ef,46741,【#FF39】LIVE生中継📸✨- 第二天 -｜Rumi/懶貓子｜Rumi/懶貓子,2022-07-17T09:25:39Z,https://www.youtube.com/watch?v=Ylm5IcgW8Kw,https://i.ytimg.com/vi/Ylm5IcgW8Kw/mqdefault.jpg
fd6a0236861940389e15ef85b16c6069,46585,【Phasmophobia】744小時減班台挑戰🔔｜!減班 !七月活動｜7/9｜烟花,2022-07-09T13:06:47Z,https://www.twitch.tv/videos/1526826043,https://static-cdn.jtvnw.net/cf_vods/d3vd9lfkzbru3h/bd0fa91fbb9eab8da9f6_hennie2001_39474206215_1657372000//thumb/thumb0-%{width}x%{height}.jpg
fd6a0236861940389e15ef85b16c6069,45801,【7點Twitch活動】744小時倒數減班挑戰 - ̗̀♡ ̖́- | !減班 !七月活動 | 7/7 | 烟花,2022-07-07T12:13:38Z,https://www.twitch.tv/videos/1524884682,https://static-cdn.jtvnw.net/cf_vods/d3vd9lfkzbru3h/3215201fb03ffe162c68_hennie2001_39468761159_1657196011//thumb/thumb0-%{width}x%{height}.jpg
a3ce195c0069494c99849d0b1a10a7fd,45331,【#悠姊姊ASMR 8 -red-】空蕩蕩的電影院，悠姊姊想和你……❤️｜ #悠白 #Ubye #悠姊姊 #中文音聲 #ASMR #音聲,2022-07-17T15:02:05Z,https://www.youtube.com/watch?v=QACxqa1IDN4,https://i.ytimg.com/vi/QACxqa1IDN4/mqdefault.jpg
f99b7c49c1c8472681987ac2d1ff87bc,44731,【中/Eng/日】無為杯冠軍 !SZ !VPN,2022-07-17T13:34:38Z,https://www.twitch.tv/videos/1534440356,https://static-cdn.jtvnw.net/cf_vods/d3vd9lfkzbru3h/94b5e0f04508a8945b27_restiafps_39496015559_1658064871//thumb/thumb0-%{width}x%{height}.jpg
f18407d79b4b43ffa6adf629d1723a8f,44694,【今天我生日ㄛ】來唱點歌還有生日小發表！【不夜皇FuyaSumeragi・VTuber】,2022-07-07T14:47:35Z,https://www.youtube.com/watch?v=DBoANnZV_TA,https://i.ytimg.com/vi/DBoANnZV_TA/mqdefault.jpg
5535c9524eb046c38e172ebfa06b302f,44473,🔴AR60 ASIA【#原神 / Genshin】2.8前瞻直播懶人包周一上，每週日滷肉幫到你家&健檢帳號! ▹璐洛洛◃,2022-07-03T18:18:01Z,https://www.youtube.com/watch?v=-IYwJz9UXBQ,https://i.ytimg.com/vi/-IYwJz9UXBQ/mqdefault.jpg
fd6a0236861940389e15ef85b16c6069,44152,【大富翁10】744小時倒數減班挑戰 - ̗̀♡ ̖́- | !減班 !七月活動 | 7/5 | 烟花,2022-07-05T13:01:11Z,https://www.twitch.tv/videos/1523001889,https://static-cdn.jtvnw.net/cf_vods/d3vd9lfkzbru3h/f55346844a18a38ffa13_hennie2001_39463861591_1657026066//thumb/thumb0-%{width}x%{height}.jpg
ea4c1a67c2e445ad8028768616ceb659,42175,【與李李鈴蘭的問答時間！】驗證！把蘭蘭唱過的歌調成100倍真的認得出來？【洛可洛斯特 / VTUBER】FT. @李李鈴蘭 / Linglan Lily 【Cloud Horizon所屬】,2022-07-07T16:22:32Z,https://www.youtube.com/watch?v=7-YZUnjgE6o,https://i.ytimg.com/vi/7-YZUnjgE6o/mqdefault.jpg
118c05e7f751446abee5fc827fda0215,41917,[Cover] チキチキバンバン (廣東話版) 【香港Vtuber 獅子山りお】,2022-07-11T00:00:06Z,https://www.youtube.com/watch?v=QSfFpTlzZek,https://i.ytimg.com/vi/QSfFpTlzZek/mqdefault.jpg
9e64bba43928414884503de36f805c48,40163,7/2  |  6/19~7/2 生日加班台 !加班 !紋紋證交所 !股票 | !YT 不定時更新新片,2022-07-02T01:26:18Z,https://www.twitch.tv/videos/1519930110,https://static-cdn.jtvnw.net/cf_vods/d3vd9lfkzbru3h/a447fdee7d4495b115a0_wen620_39454315271_1656725171//thumb/thumb0-%{width}x%{height}.jpg
5535c9524eb046c38e172ebfa06b302f,39123,【原神】歐洛拉⭐滿命滿精夜蘭代抽精華▸這是蝦毀？雙蛋黃一直來的嗎？當某蝦出現就知道要戴上耳機了吧？ Ft.  @蝦拉拉 Shalala   ▹璐洛洛◃,2022-07-14T14:00:13Z,https://www.youtube.com/watch?v=xOIYDoT321A,https://i.ytimg.com/vi/xOIYDoT321A/mqdefault.jpg
5c164e07f385482181bf3289b030d748,38458,Studio Sailing APAC Invitational Mario Kart 8 DX #SSINV,2022-07-02T05:45:11Z,https://www.twitch.tv/videos/1520114237,https://static-cdn.jtvnw.net/cf_vods/d3vd9lfkzbru3h/8d50363548b85fdfe1aa_hatsuki_vt_39454806439_1656740704//thumb/thumb0-%{width}x%{height}.jpg
f99b7c49c1c8472681987ac2d1ff87bc,38347,週六好像要開台誒,2022-07-30T11:00:49Z,https://www.twitch.tv/videos/1547161146,https://static-cdn.jtvnw.net/cf_vods/d3vd9lfkzbru3h/42b6e74aa53ec91d3074_restiafps_39529730423_1659178842//thumb/thumb0-%{width}x%{height}.jpg
5535c9524eb046c38e172ebfa06b302f,38331,🔴AR60 ASIA【#原神 / Genshin】萬葉&可莉代抽預約中，每週日滷肉幫到你家&健檢帳號! ▹璐洛洛◃,2022-07-10T18:23:28Z,https://www.youtube.com/watch?v=QJ-L5dJoib4,https://i.ytimg.com/vi/QJ-L5dJoib4/mqdefault.jpg
21428cae24af4607bffe25cb2746daa6,38296,【雜談LA】喔喔喔喔 #李李鈴蘭,2022-07-08T13:53:18Z,https://www.youtube.com/watch?v=9lqeSZgrVJU,https://i.ytimg.com/vi/9lqeSZgrVJU/mqdefault.jpg
9d9c6477329245cbb2557895f4f15686,37927,7/26 我跟BB不合 !乙T (•ᴥ•)♡,2022-07-26T08:01:51Z,https://www.twitch.tv/videos/1543117474,https://static-cdn.jtvnw.net/cf_vods/d3vd9lfkzbru3h/8cddb94df8e9b2355a3a_iitifox_39518680439_1658822503//thumb/thumb0-%{width}x%{height}.jpg
9d9c6477329245cbb2557895f4f15686,37750,7/22 YT萬訂！感謝！今天開始加班台>< !乙T (•ᴥ•)♡,2022-07-22T11:06:11Z,https://www.twitch.tv/videos/1539271555,https://static-cdn.jtvnw.net/cf_vods/d3vd9lfkzbru3h/675ddfc5055e3df56ff8_iitifox_39508787943_1658487964//thumb/thumb0-%{width}x%{height}.jpg
7c06b9e316ce4ac18ce836cd72442bbe,37238,畫地為牢 / 十五號 & 浠Mizuki【翻唱】​,2022-07-07T12:00:11Z,https://www.youtube.com/watch?v=sb7Un1ny5u4,https://i.ytimg.com/vi/sb7Un1ny5u4/mqdefault.jpg
1c5619a4ece046dd8ba68ed343489ca3,37048,關於直播上嘴「百萬Youtuber」，我有話想對巧克力說。,2022-07-06T11:36:20Z,https://www.youtube.com/watch?v=cFqq1QoM3_M,https://i.ytimg.com/vi/cFqq1QoM3_M/mqdefault.jpg
9d9c6477329245cbb2557895f4f15686,36893,7/23 麻雀一番街！打敗我吧？你行？ | 狠狠加班台  !乙T (•ᴥ•)♡,2022-07-24T11:06:36Z,https://www.twitch.tv/videos/1541253893,https://static-cdn.jtvnw.net/cf_vods/d3vd9lfkzbru3h/11b521caca667009d938_iitifox_39514013799_1658660791//thumb/thumb0-%{width}x%{height}.jpg
5535c9524eb046c38e172ebfa06b302f,36377,🔴AR60 ASIA【#原神 / Genshin】3.0等不及啦! 下周要來海島馬拉松啦! 每週日滷肉幫到你家&健檢帳號! ▹璐洛洛◃,2022-07-24T18:51:33Z,https://www.youtube.com/watch?v=PPy7JSxIrvs,https://i.ytimg.com/vi/PPy7JSxIrvs/mqdefault.jpg
7c06b9e316ce4ac18ce836cd72442bbe,36266,【緊急連線！】FF39攤位現場直擊！來跟小浠互動吧！DAY1【浠Mizuki】,2022-07-16T07:54:48Z,https://www.youtube.com/watch?v=VxufbO_uVgM,https://i.ytimg.com/vi/VxufbO_uVgM/mqdefault.jpg
5535c9524eb046c38e172ebfa06b302f,35941,【賽馬娘】🐴３個台服新手必收藏的實用工具▸不求人資料最齊全的網站、快速幫你的馬娘找適合的爸媽、大幅縮短育成時間的事件辨識工具! ▹璐洛洛◃,2022-07-01T14:30:13Z,https://www.youtube.com/watch?v=ejhLSzO8n2Y,https://i.ytimg.com/vi/ejhLSzO8n2Y/mqdefault.jpg
f18407d79b4b43ffa6adf629d1723a8f,35756,【突發歌回】我只是健身完很想唱歌【不夜皇FuyaSumeragi・VTuber】,2022-07-16T17:06:12Z,https://www.youtube.com/watch?v=3QP0t_U68a0,https://i.ytimg.com/vi/3QP0t_U68a0/mqdefault.jpg
21428cae24af4607bffe25cb2746daa6,34732,【狼要來】翻開鈴蘭的寫生繪本LA🐺✨ #李李鈴蘭 #2,2022-07-06T13:52:08Z,https://www.youtube.com/watch?v=uI_a8k0zte8,https://i.ytimg.com/vi/uI_a8k0zte8/mqdefault.jpg
7a88afc5eb644d76b35ed4ca968259bb,34631,"🔴【ASMR💛突發】哄哄看唄....? do you want to sleep ? 蘆薈膠，後半段舔耳..💓 耳舐め aloe vera gel, Ear Licking",2022-07-11T19:22:50Z,https://www.youtube.com/watch?v=EGclXAMSs4U,https://i.ytimg.com/vi/EGclXAMSs4U/mqdefault.jpg
6c88799c6f45407faf0f9ea007b0dcab,34151,【賽馬娘】入坑前必看，開服玩家一年經驗懶人包，帶你了解自選角色、機制玩法、體驗…還有坑多深《鷲峰良》,2022-07-03T05:15:54Z,https://www.youtube.com/watch?v=PETmW0GoReo,https://i.ytimg.com/vi/PETmW0GoReo/mqdefault.jpg
f99b7c49c1c8472681987ac2d1ff87bc,33986,初見宇宙神遊 Undertale !SZ !VPN,2022-07-30T13:39:29Z,https://www.twitch.tv/videos/1547246506,https://static-cdn.jtvnw.net/cf_vods/d3vd9lfkzbru3h/731b3053109de7bbfc08_restiafps_39530286791_1659188364//thumb/thumb0-%{width}x%{height}.jpg
4b6b055ada4d4f0ab63b7ad02a3fa3ef,33960,【#加班】簽名畫完之前不會結束的耐久配信！！！！#2｜Rumi/懶貓子,2022-07-09T14:12:48Z,https://www.youtube.com/watch?v=PmyhrRSEadk,https://i.ytimg.com/vi/PmyhrRSEadk/mqdefault.jpg
f99b7c49c1c8472681987ac2d1ff87bc,33622,【中/Eng/日】生日快樂! 生日雜談時間 !Live2D出道 !v皮 !vpn,2022-07-03T12:16:22Z,https://www.twitch.tv/videos/1521193786,https://static-cdn.jtvnw.net/cf_vods/d3vd9lfkzbru3h/6b7b9e6fa7c080a2ff76_restiafps_39458609895_1656850576//thumb/thumb0-%{width}x%{height}.jpg
fd6a0236861940389e15ef85b16c6069,33499,【聊聊】744小時減班台挑戰🔔｜!減班 !加倍 !睡眠｜7/15｜烟花,2022-07-15T03:19:23Z,https://www.twitch.tv/videos/1532224647,https://static-cdn.jtvnw.net/cf_vods/d3vd9lfkzbru3h/8fa1147bb9edae421019_hennie2001_39488583431_1657855158//thumb/thumb0-%{width}x%{height}.jpg
fd6a0236861940389e15ef85b16c6069,33110,【zzz】744小時減班台挑戰🔔｜!減班 !加倍 !睡眠｜7/16｜,2022-07-16T19:42:41Z,https://www.twitch.tv/videos/1533767790,https://static-cdn.jtvnw.net/cf_vods/d3vd9lfkzbru3h/88fa89b6bd1f28ecce56_hennie2001_39493883927_1658000554//thumb/thumb0-%{width}x%{height}.jpg
7c06b9e316ce4ac18ce836cd72442bbe,32573,不要講出來啦...！#shorts,2022-07-08T12:30:24Z,https://www.youtube.com/watch?v=fviLsNN-8ig,https://i.ytimg.com/vi/fviLsNN-8ig/mqdefault.jpg
f18407d79b4b43ffa6adf629d1723a8f,32505,【官方精華剪輯】吃的鰻魚飯都能卡魚刺的雖小賭徒【不夜皇FuyaSumeragi・VTuber】,2022-07-05T12:30:05Z,https://www.youtube.com/watch?v=M2wXTqAVv7E,https://i.ytimg.com/vi/M2wXTqAVv7E/mqdefault.jpg
5535c9524eb046c38e172ebfa06b302f,31568,🔴AR60 ASIA【#原神 / Genshin】Happy Friday抽滿命一斗！周末有什麼活動竟然有40%回饋？ ▹璐洛洛◃,2022-07-08T14:56:38Z,https://www.youtube.com/watch?v=uO7eYwVc_lY,https://i.ytimg.com/vi/uO7eYwVc_lY/mqdefault.jpg
1c5619a4ece046dd8ba68ed343489ca3,30897,兩個受，在床上會有結果嗎❓〈極度BL、腐女警告、男性Vtuber嬌喘劇場、ASMR〉,2022-07-13T13:29:08Z,https://www.youtube.com/watch?v=Tl-E9uhRDDk,https://i.ytimg.com/vi/Tl-E9uhRDDk/mqdefault.jpg
f6a4e7aa8d0c4e5cb39d199845ec4d02,30682,阿八八八阿阿阿八八八八八八阿,2022-07-16T16:51:00Z,https://www.youtube.com/watch?v=1rPaf5zEr8k,https://i.ytimg.com/vi/1rPaf5zEr8k/mqdefault.jpg
7c06b9e316ce4ac18ce836cd72442bbe,30530,【歌枠】甜甜情歌限定歌回 甘いラブソング縛り歌枠♪【浠Mizuki Karaoke】,2022-07-09T15:50:40Z,https://www.youtube.com/watch?v=KT3SK97h8Ts,https://i.ytimg.com/vi/KT3SK97h8Ts/mqdefault.jpg
f18407d79b4b43ffa6adf629d1723a8f,29922,【雜談】棉花糖雜談，今天要烤到手軟!【不夜皇FuyaSumeragi・VTuber】,2022-07-09T15:09:13Z,https://www.youtube.com/watch?v=frMc-FnrJGg,https://i.ytimg.com/vi/frMc-FnrJGg/mqdefault.jpg
f99b7c49c1c8472681987ac2d1ff87bc,29299,半夜聊天打麻將 ft.米姬、KSP、春日,2022-07-29T16:41:29Z,https://www.twitch.tv/videos/1546374295,https://static-cdn.jtvnw.net/cf_vods/d3vd9lfkzbru3h/1586b72c534831688112_restiafps_39527977991_1659112879//thumb/thumb0-%{width}x%{height}.jpg
f18407d79b4b43ffa6adf629d1723a8f,29219,【第一賭】來場雀魂試試手氣！順便來決定粉絲名！【不夜皇FuyaSumeragi・VTuber】,2022-07-06T15:18:59Z,https://www.youtube.com/watch?v=0nye4bz7UQY,https://i.ytimg.com/vi/0nye4bz7UQY/mqdefault.jpg
f6a4e7aa8d0c4e5cb39d199845ec4d02,29151,音癡無情開唱！唱日文歌！,2022-07-17T09:27:16Z,https://www.youtube.com/watch?v=mMGIq02pTQE,https://i.ytimg.com/vi/mMGIq02pTQE/mqdefault.jpg
5535c9524eb046c38e172ebfa06b302f,29045,【原神】一拳小鹿👊🏻72萬傷害秒殺恆常機關陣列,2022-07-15T16:50:08Z,https://www.youtube.com/watch?v=UjQhOcbk58M,https://i.ytimg.com/vi/UjQhOcbk58M/mqdefault.jpg
a3ce195c0069494c99849d0b1a10a7fd,28892,你知道這是什麼嗎？,2022-07-15T11:31:08Z,https://www.youtube.com/watch?v=BeZggfUO6fE,https://i.ytimg.com/vi/BeZggfUO6fE/mqdefault.jpg
7c06b9e316ce4ac18ce836cd72442bbe,28654,【歌枠】V家歌曲限定歌回【浠Mizuki Karaoke】,2022-07-16T15:43:32Z,https://www.youtube.com/watch?v=3ICn-_0B_wo,https://i.ytimg.com/vi/3ICn-_0B_wo/mqdefault.jpg
7c06b9e316ce4ac18ce836cd72442bbe,27705,【誕生日歌枠】生日演唱會風歌回 ライブっぽくしてみた🎵【浠Mizuki Karaoke / 浠Mizuki Birthday 2022】,2022-07-23T16:22:17Z,https://www.youtube.com/watch?v=SUobUl7Am6Y,https://i.ytimg.com/vi/SUobUl7Am6Y/mqdefault.jpg
fd6a0236861940389e15ef85b16c6069,27377,【Phasmophobia】744小時減班台挑戰🔔｜!減班 !加倍 !睡眠｜7/13｜烟花,2022-07-13T15:17:17Z,https://www.twitch.tv/videos/1530655574,https://static-cdn.jtvnw.net/cf_vods/d3vd9lfkzbru3h/9cff5a6807de360152a2_hennie2001_39485057559_1657725430//thumb/thumb0-%{width}x%{height}.jpg
be6c475c291d45a0a7349abdb70be20d,27367,【GTA5實況】第一時間玩夏季更新！犯罪企業 The Criminal Enterprises,2022-07-26T18:19:54Z,https://www.youtube.com/watch?v=3GzUCY1ZyQ0,https://i.ytimg.com/vi/3GzUCY1ZyQ0/mqdefault.jpg
4b6b055ada4d4f0ab63b7ad02a3fa3ef,27173,【#加班】簽名畫完之前不會結束的耐久配信！！！！#4｜Rumi/懶貓子,2022-07-10T14:12:28Z,https://www.youtube.com/watch?v=ZZT_1Re0cxA,https://i.ytimg.com/vi/ZZT_1Re0cxA/mqdefault.jpg
f6a4e7aa8d0c4e5cb39d199845ec4d02,26945,【第二屆手手鑑定委員會】杏仁ミル性癖披露(n*´ω`*n) 幫大家的手手打分數💯PART.2,2022-07-09T14:01:02Z,https://www.youtube.com/watch?v=pFQ-9qyVawA,https://i.ytimg.com/vi/pFQ-9qyVawA/mqdefault.jpg
4b6b055ada4d4f0ab63b7ad02a3fa3ef,26813,【#加班】簽名畫完之前不會結束的耐久配信！！！！#1｜Rumi/懶貓子,2022-07-08T23:08:03Z,https://www.youtube.com/watch?v=IWetU18N0Jw,https://i.ytimg.com/vi/IWetU18N0Jw/mqdefault.jpg
f18407d79b4b43ffa6adf629d1723a8f,26515,【官方精華剪輯】渣渣的歌，別の人の彼女になったよ【不夜皇FuyaSumeragi・VTuber】,2022-07-04T12:30:19Z,https://www.youtube.com/watch?v=z54-Gwmtl4I,https://i.ytimg.com/vi/z54-Gwmtl4I/mqdefault.jpg
f99b7c49c1c8472681987ac2d1ff87bc,26308,【中/Eng/日】6:00 跟STB無為杯 !SZ !VPN,2022-07-17T08:15:19Z,https://www.twitch.tv/videos/1534292108,https://static-cdn.jtvnw.net/cf_vods/d3vd9lfkzbru3h/43241389899a5124e8ad_restiafps_39495076103_1658045713//thumb/thumb0-%{width}x%{height}.jpg
f6a4e7aa8d0c4e5cb39d199845ec4d02,26137,【Stray浪貓】失業後的咪嚕開始流浪,2022-07-20T17:52:14Z,https://www.youtube.com/watch?v=c0qHxJvMaq8,https://i.ytimg.com/vi/c0qHxJvMaq8/mqdefault.jpg
7c06b9e316ce4ac18ce836cd72442bbe,24970,【初酒雑】飲酒雜談 邊補開生日禮物！【浠Mizuki Free Talk】,2022-07-25T17:56:20Z,https://www.youtube.com/watch?v=Y1mcTDFx3rg,https://i.ytimg.com/vi/Y1mcTDFx3rg/mqdefault.jpg
5535c9524eb046c38e172ebfa06b302f,24815,【原神】大佬來開秀25🔥▸T0滿命火系雙姝『胡桃🌺+宵宮🎯』SOLO滿星，火焰核爆&加特林火槍，勇闖2.8版本深境螺旋12層！聖遺物面板&武器展示 ▹璐洛洛◃,2022-07-28T13:30:14Z,https://www.youtube.com/watch?v=_jAoz4uZYYI,https://i.ytimg.com/vi/_jAoz4uZYYI/mqdefault.jpg
5535c9524eb046c38e172ebfa06b302f,23575,【原神】大佬來開秀24🍁▸快樂風男雙滿命！萬葉の一刀 + 小鹿の一拳！遺跡巨蛇 & 恆常機關陣列瞬間秒殺！武器面板與聖遺物展示 ▹璐洛洛◃,2022-07-18T16:00:13Z,https://www.youtube.com/watch?v=TAAomp8vn1Q,https://i.ytimg.com/vi/TAAomp8vn1Q/mqdefault.jpg
f6a4e7aa8d0c4e5cb39d199845ec4d02,23295,うまぴょい伝説 Cover by 杏仁ミル,2022-07-15T09:00:13Z,https://www.youtube.com/watch?v=EaFjx8hkShs,https://i.ytimg.com/vi/EaFjx8hkShs/mqdefault.jpg
5535c9524eb046c38e172ebfa06b302f,23231,🔴AR60 ASIA【#原神 / Genshin】金蘋果群島開肝! 不小心又變深夜台了😰圖奇掛台2小時可領30原石! ▹璐洛洛◃,2022-07-25T21:44:21Z,https://www.youtube.com/watch?v=LhX7EdlG_KM,https://i.ytimg.com/vi/LhX7EdlG_KM/mqdefault.jpg
5535c9524eb046c38e172ebfa06b302f,22624,🔴AR60 ASIA【#原神 / Genshin】金蘋果群島開肝Part2! 一次解菲謝爾+莫娜秘境💦圖奇掛台2小時可領30原石! ▹璐洛洛◃,2022-07-26T15:36:06Z,https://www.youtube.com/watch?v=UQFrc80hl1A,https://i.ytimg.com/vi/UQFrc80hl1A/mqdefault.jpg
4b6b055ada4d4f0ab63b7ad02a3fa3ef,22342,【#歌粹】生日前一個月！好耶ーー！！！｜Rumi/懶貓子,2022-07-13T14:28:46Z,https://www.youtube.com/watch?v=yv-5uRil3Hk,https://i.ytimg.com/vi/yv-5uRil3Hk/mqdefault.jpg
5535c9524eb046c38e172ebfa06b302f,22200,【原神】雙馬尾歐洛拉⭐滿命夜蘭代抽精華▸辣麼多芭芭拉？只好祭出無心流抽卡！還出現阿莫斯假扮成間諜若水😡 Ft. @蝦拉拉 Shalala  ▹璐洛洛◃,2022-07-26T13:30:12Z,https://www.youtube.com/watch?v=ZAQ30S1MIQo,https://i.ytimg.com/vi/ZAQ30S1MIQo/mqdefault.jpg
265a18972d244affae35711cfd1f9931,21712,TAKOASMR: ASMR-長時間💓記得戴耳機唷~讓我努力的鑽研出作品代替我陪伴你們吧【MiroLive/塔芭絲可】,2022-07-27T07:17:06Z,https://www.youtube.com/watch?v=Qs9m-BHDS6o,https://i.ytimg.com/vi/Qs9m-BHDS6o/mqdefault_live.jpg
4b6b055ada4d4f0ab63b7ad02a3fa3ef,21580,【#加班】簽名畫完之前不會結束的耐久配信！！！！#3｜Rumi/懶貓子,2022-07-10T02:28:43Z,https://www.youtube.com/watch?v=h3APyfirDiY,https://i.ytimg.com/vi/h3APyfirDiY/mqdefault.jpg
7c06b9e316ce4ac18ce836cd72442bbe,21558,派對咖孔明OST - I’m still alive today (EIKO starring 96猫) / 浠Mizuki Cover【日常唱歌練習 #12】,2022-07-22T13:00:12Z,https://www.youtube.com/watch?v=DyOFv2MEh4s,https://i.ytimg.com/vi/DyOFv2MEh4s/mqdefault.jpg
7c06b9e316ce4ac18ce836cd72442bbe,21544,【辛苦了！】FF39後日談 一起來回顧【浠Mizuki Free Talk】,2022-07-18T15:05:43Z,https://www.youtube.com/watch?v=gAnh6Mz31gk,https://i.ytimg.com/vi/gAnh6Mz31gk/mqdefault.jpg
ea4c1a67c2e445ad8028768616ceb659,21502,【3.8萬耐久卡拉OK！？】地獄耐久歌回！今天如果可以3.8萬就不用睡包廂了！【洛可洛斯特 / VTUBER】,2022-07-01T20:12:20Z,https://www.youtube.com/watch?v=N-ZiREoTpk8,https://i.ytimg.com/vi/N-ZiREoTpk8/mqdefault.jpg
be6c475c291d45a0a7349abdb70be20d,21317,【GTA5】夏季更新體驗改善詳細內容！犯罪企業 The Criminal Enterprises,2022-07-24T02:00:00Z,https://www.youtube.com/watch?v=-QtRmWJiiew,https://i.ytimg.com/vi/-QtRmWJiiew/mqdefault.jpg
ba59bb31bbcd4cf3a481c4cf72918fb0,21120,米亞 MYA《7日之約》 (Official Music Video),2022-07-09T04:00:16Z,https://www.youtube.com/watch?v=rteG8NIZcmo,https://i.ytimg.com/vi/rteG8NIZcmo/mqdefault.jpg
5535c9524eb046c38e172ebfa06b302f,21085,🔴LIVE【18萬訂閱感謝 & 延期的生日演唱會】全3D直播！練了一堆作死的歌...只想把自己最努力準備的回饋給你們！ ▹璐洛洛◃,2022-07-30T14:54:22Z,https://www.youtube.com/watch?v=yT766wLUKIs,https://i.ytimg.com/vi/yT766wLUKIs/mqdefault.jpg
f99b7c49c1c8472681987ac2d1ff87bc,21023,【中/Eng/日】累累病發作完了 先來當盤子 !SZ !VPN,2022-07-20T11:33:03Z,https://www.twitch.tv/videos/1537285676,https://static-cdn.jtvnw.net/cf_vods/d3vd9lfkzbru3h/19121593564a36f5815c_restiafps_39503553223_1658316777//thumb/thumb0-%{width}x%{height}.jpg
7c06b9e316ce4ac18ce836cd72442bbe,20939,硬糖少女303 - 別怕，未來會來(BonBon Voyage) / 浠Mizuki Cover【日常唱歌練習 #11】,2022-07-04T12:50:36Z,https://www.youtube.com/watch?v=l9ThxOaDic8,https://i.ytimg.com/vi/l9ThxOaDic8/mqdefault.jpg
ea4c1a67c2e445ad8028768616ceb659,20771,【與瑪格麗特的約會！】為了瑪麗做了一個淑女特訓的遊戲！？【洛可洛斯特 / VTUBER】FT.@瑪格麗特．溫特斯 / Margaret．Winters 【CloudHorizon所屬】,2022-07-04T16:45:39Z,https://www.youtube.com/watch?v=n0WSUFiSdbQ,https://i.ytimg.com/vi/n0WSUFiSdbQ/mqdefault.jpg
7c06b9e316ce4ac18ce836cd72442bbe,20647,【誕生日歌枠】生日演唱會風歌回 ライブっぽくしてみた🎵【浠Mizuki Karaoke / 浠Mizuki Birthday 2022】 !dc、!周邊、!斗內、!YT、!推特、!點歌,2022-07-23T12:59:26Z,https://www.twitch.tv/videos/1540340517,https://static-cdn.jtvnw.net/cf_vods/d3vd9lfkzbru3h/966e2c23028fc77f399a_mizukimilk723_39511649031_1658581161//thumb/thumb0-%{width}x%{height}.jpg
7c06b9e316ce4ac18ce836cd72442bbe,20622,【深夜歌枠】祝・夏夜好眠【浠Mizuki Karaoke】#睡眠導入,2022-07-30T16:23:28Z,https://www.youtube.com/watch?v=u_ErKN52zmI,https://i.ytimg.com/vi/u_ErKN52zmI/mqdefault.jpg
7c06b9e316ce4ac18ce836cd72442bbe,20001,【誕生日前夜祭】一起倒數迎接生日吧！一緒にカウントダウン❤【浠Mizuki Birthday 2022】,2022-07-22T17:23:48Z,https://www.youtube.com/watch?v=7F7svYogo3I,https://i.ytimg.com/vi/7F7svYogo3I/mqdefault.jpg
f18407d79b4b43ffa6adf629d1723a8f,19975,【APEX】#1 教練...這季我想上大師!【不夜皇FuyaSumeragi・VTuber】,2022-07-12T17:17:27Z,https://www.youtube.com/watch?v=yOWeeptr9-U,https://i.ytimg.com/vi/yOWeeptr9-U/mqdefault.jpg
a3ce195c0069494c99849d0b1a10a7fd,19914,【#雲際線特企】夏天來了！雙語夏令營語言能力大挑戰！！ft. 瑪格麗特、李李鈴蘭、神稻櫻火、周默｜ #悠白 #Ubye #雲際線,2022-07-02T13:15:48Z,https://www.youtube.com/watch?v=TDp9A2vLABU,https://i.ytimg.com/vi/TDp9A2vLABU/mqdefault.jpg
7c06b9e316ce4ac18ce836cd72442bbe,19885,【朝活 歌練習🎤】給早起的你 路上小心【浠Mizuki Karaoke】,2022-07-06T01:02:00Z,https://www.youtube.com/watch?v=lyENFKhf9Vk,https://i.ytimg.com/vi/lyENFKhf9Vk/mqdefault.jpg
5535c9524eb046c38e172ebfa06b302f,19790,【什麼都感謝的感謝曲】戀上換裝娃娃 ED -  恋ノ行方 / Covered by ▹璐洛洛◃,2022-07-07T14:30:10Z,https://www.youtube.com/watch?v=W4JvIAHCSZA,https://i.ytimg.com/vi/W4JvIAHCSZA/mqdefault.jpg
9e64bba43928414884503de36f805c48,19742,7/19  |  6/19~7/19 竟然一個月了== 生日加班台 !加班 !紋紋證交所 !股票 | !風聲盃 !賽評 7/23當風聲盃主播 | !YT 不定時更新新片,2022-07-19T07:37:39Z,https://www.twitch.tv/videos/1536180627,https://static-cdn.jtvnw.net/cf_vods/d3vd9lfkzbru3h/770d2c7f644f450bebea_wen620_39500278583_1658216252//thumb/thumb0-%{width}x%{height}.jpg
7c06b9e316ce4ac18ce836cd72442bbe,19405,【回歸雜談】放假都在做什麼？新衣裝發布後日談【浠Mizuki Free Talk】,2022-07-03T15:09:20Z,https://www.youtube.com/watch?v=mmMDuelm7oE,https://i.ytimg.com/vi/mmMDuelm7oE/mqdefault.jpg
1c5619a4ece046dd8ba68ed343489ca3,19028,【BL警告】男人的手，放入男人被窩時💕那表情瞬間就懂了〈色色腐女慎入｜Vtuber｜床上〉,2022-07-11T11:23:10Z,https://www.youtube.com/watch?v=BfJfXuTwagU,https://i.ytimg.com/vi/BfJfXuTwagU/mqdefault.jpg
7c06b9e316ce4ac18ce836cd72442bbe,18727,【開封枠】來拆生日禮物🎁誕生日プレゼント開封していくよ！(カメラあり)【浠Mizuki Birthday 2022】,2022-07-24T16:09:00Z,https://www.youtube.com/watch?v=hmuZ0KzkcvU,https://i.ytimg.com/vi/hmuZ0KzkcvU/mqdefault.jpg
5535c9524eb046c38e172ebfa06b302f,18576,【#賽馬娘】來拚滿突東商試試手氣! 8速小栗帽&突2綠惡魔歡迎加加，和菜雞主播一起養馬 ▹璐洛洛◃,2022-07-04T20:14:06Z,https://www.youtube.com/watch?v=__vw6MWkrJM,https://i.ytimg.com/vi/__vw6MWkrJM/mqdefault.jpg
4b6b055ada4d4f0ab63b7ad02a3fa3ef,18405,【#FF39】後日談📸✨【#雜談】｜Rumi/懶貓子｜Rumi/懶貓子,2022-07-22T18:05:18Z,https://www.youtube.com/watch?v=yZOLlGa58oU,https://i.ytimg.com/vi/yZOLlGa58oU/mqdefault.jpg
00ff650864404d0c9ce155ff4a82d804,18343,【不是影評】我討厭漫威的兩個理由【MARVEL】漫威疲乏？,2022-07-09T10:00:26Z,https://www.youtube.com/watch?v=TYVuL3F53zI,https://i.ytimg.com/vi/TYVuL3F53zI/mqdefault.jpg
4b6b055ada4d4f0ab63b7ad02a3fa3ef,18153,【#親手做菜的比賽🍳】抓住Rumi的胃！｜Rumi/懶貓子,2022-07-24T14:20:15Z,https://www.youtube.com/watch?v=pz8Drygsjrg,https://i.ytimg.com/vi/pz8Drygsjrg/mqdefault.jpg
f146e7f1a1164dbfab960ea34873afb5,18131,唱歌的困擾 【笠真守】,2022-07-20T15:38:44Z,https://www.youtube.com/watch?v=iMYYfWZNzEY,https://i.ytimg.com/vi/iMYYfWZNzEY/mqdefault.jpg
7c06b9e316ce4ac18ce836cd72442bbe,18044,【七夕❤】來一場燒肉晚餐約會🍖🍴【浠Mizuki】,2022-07-07T14:40:21Z,https://www.youtube.com/watch?v=w3SZRZ39FMA,https://i.ytimg.com/vi/w3SZRZ39FMA/mqdefault.jpg
6c88799c6f45407faf0f9ea007b0dcab,17977,【賽馬娘】常見問題攻略集，因子 機率 配卡 馬娘選擇，入坑新手期快問快答QA懶人包都在這了《鷲峰良》,2022-07-08T12:55:30Z,https://www.youtube.com/watch?v=XAorXQq78uc,https://i.ytimg.com/vi/XAorXQq78uc/mqdefault.jpg
265a18972d244affae35711cfd1f9931,17868,TAKOASMR:舒眠向 我知道你喜歡絲襪 但..黏黏的!? 耳朵按摩+氣泡音❤Ear Massage❤【Mirolive/塔芭絲可】,2022-07-09T16:56:52Z,https://www.youtube.com/watch?v=Cd8ZblTdvdc,https://i.ytimg.com/vi/Cd8ZblTdvdc/mqdefault.jpg
7c06b9e316ce4ac18ce836cd72442bbe,17786,Stars are here / 浠Mizuki【歌ってみた】,2022-07-23T11:00:11Z,https://www.youtube.com/watch?v=YgGuufjkUvs,https://i.ytimg.com/vi/YgGuufjkUvs/mqdefault.jpg
9e64bba43928414884503de36f805c48,17676,7/8  |  6/19~7/8 生日加班台 !加班 !紋紋證交所 !股票 | !YT 不定時更新新片,2022-07-09T05:22:29Z,https://www.twitch.tv/videos/1526624549,https://static-cdn.jtvnw.net/cf_vods/d3vd9lfkzbru3h/f1db758284f8267f42e9_wen620_39473001335_1657344142//thumb/thumb0-%{width}x%{height}.jpg
6c88799c6f45407faf0f9ea007b0dcab,17660,【賽馬娘】該怎麼配？新手教學問答回，開局模擬無課金隊伍通關挑戰《鷲峰良》,2022-07-04T17:02:13Z,https://www.youtube.com/watch?v=A_pHVBSlg5w,https://i.ytimg.com/vi/A_pHVBSlg5w/mqdefault.jpg
4b6b055ada4d4f0ab63b7ad02a3fa3ef,17281,【中文學習#２３】可以在 #FF39 用的中文！【#配信100次之後變得會說中文的VTuber】｜Rumi/懶貓子,2022-07-06T13:29:31Z,https://www.youtube.com/watch?v=7A7hZRhFxzA,https://i.ytimg.com/vi/7A7hZRhFxzA/mqdefault.jpg
f6a4e7aa8d0c4e5cb39d199845ec4d02,17000,COME BACK!!,2022-07-01T15:21:23Z,https://www.youtube.com/watch?v=g237UrAMeZk,https://i.ytimg.com/vi/g237UrAMeZk/mqdefault.jpg
4b6655120fbd4431a8f7894cac4a4d49,16935,ASMR 助眠｜愛上溫柔姐姐耳部護理｜Ear picking｜鼓膜掃除 吐息 心音【Healing希靈/VTuber】,2022-07-01T16:34:53Z,https://www.youtube.com/watch?v=-UuZhL_KF0g,https://i.ytimg.com/vi/-UuZhL_KF0g/mqdefault.jpg
f18407d79b4b43ffa6adf629d1723a8f,16918,【SC感謝回】深夜SC大感謝，唸到你睡～【不夜皇FuyaSumeragi・VTuber】,2022-07-21T17:18:25Z,https://www.youtube.com/watch?v=9MgmESEXdOw,https://i.ytimg.com/vi/9MgmESEXdOw/mqdefault.jpg
f6a4e7aa8d0c4e5cb39d199845ec4d02,16897,【糖豆人觀眾同樂會】跟壞朋友一起久違的糖豆人!不要拍打不要拉扯💦💦💦,2022-07-08T14:45:40Z,https://www.youtube.com/watch?v=SIQI7IVBH-g,https://i.ytimg.com/vi/SIQI7IVBH-g/mqdefault.jpg
9e64bba43928414884503de36f805c48,16884,7/16  |  6/19~7/16 生日加班台 !加班 !紋紋證交所 !股票 | !YT 不定時更新新片,2022-07-15T22:57:54Z,https://www.twitch.tv/videos/1532948531,https://static-cdn.jtvnw.net/cf_vods/d3vd9lfkzbru3h/39dfc91a6bf53107eb10_wen620_39491095063_1657925868//thumb/thumb0-%{width}x%{height}.jpg
f6a4e7aa8d0c4e5cb39d199845ec4d02,16824,"【生日禮物開箱】杏眾們的心意咪嚕收到啦!!!!!!!!!!! 大開特開( 'ω'  و( و""♪",2022-07-05T14:20:32Z,https://www.youtube.com/watch?v=g_A2-8UFVuk,https://i.ytimg.com/vi/g_A2-8UFVuk/mqdefault.jpg
f18407d79b4b43ffa6adf629d1723a8f,16806,【Minecarft】PTSD數位挖礦，困難模式直接來 ? feat.@烏庫魯尼魯 UkuruNiru Ch. 【不夜皇FuyaSumeragi・VTuber】,2022-07-19T14:41:20Z,https://www.youtube.com/watch?v=YYZsHM0e2SY,https://i.ytimg.com/vi/YYZsHM0e2SY/mqdefault.jpg
7c06b9e316ce4ac18ce836cd72442bbe,16790,【誕生日前夜祭】一起倒數迎接生日吧！一緒にカウントダウン❤【浠Mizuki Birthday 2022】 !dc、!周邊、!斗內、!YT、!推特、!點歌,2022-07-22T14:28:37Z,https://www.twitch.tv/videos/1539388949,https://static-cdn.jtvnw.net/cf_vods/d3vd9lfkzbru3h/65f8abee16c23fec8ee9_mizukimilk723_39509548007_1658500110//thumb/thumb0-%{width}x%{height}.jpg
49bb221fc77f440cae0c007a73f99aab,16738,【賀出道雜談】賀不夜出道，既然都出道了那就可以大爆料一番了吧！【烏庫魯尼魯UkuruNiru・VTuber】,2022-07-02T14:33:27Z,https://www.youtube.com/watch?v=Ee6CsTCObxg,https://i.ytimg.com/vi/Ee6CsTCObxg/mqdefault.jpg
9e64bba43928414884503de36f805c48,16717,7/7  | 6/19~7/7 生日加班台 !加班 !紋紋證交所 !股票 | !YT 不定時更新新片,2022-07-06T16:09:26Z,https://www.twitch.tv/videos/1524072532,https://static-cdn.jtvnw.net/cf_vods/d3vd9lfkzbru3h/64a0f8ebc285c8e2282a_wen620_39466950423_1657123759//thumb/thumb0-%{width}x%{height}.jpg
a02bb0332f5942ec892c932d6a089014,16676,什麼我在耍白癡！我是在練習談舌！@安安邊緣子  @恩熙俊 aka MC Jeng  【貝莉莓】,2022-07-06T09:00:29Z,https://www.youtube.com/watch?v=vgji3sDSzpE,https://i.ytimg.com/vi/vgji3sDSzpE/mqdefault.jpg
9e64bba43928414884503de36f805c48,16626,7/27 | 6/19~7/27 生日加班台 !加班 !紋紋證交所 !股票 !YT,2022-07-27T02:54:40Z,https://www.twitch.tv/videos/1543961700,https://static-cdn.jtvnw.net/cf_vods/d3vd9lfkzbru3h/9bd606f23de69ac720be_wen620_39520742295_1658890472//thumb/thumb0-%{width}x%{height}.jpg
f18407d79b4b43ffa6adf629d1723a8f,16599,【雜談】冷笑話鑑賞大會！炎炎夏日幫你省冷氣費！【不夜皇FuyaSumeragi・VTuber】,2022-07-29T14:35:32Z,https://www.youtube.com/watch?v=V_l2WhU5TkM,https://i.ytimg.com/vi/V_l2WhU5TkM/mqdefault.jpg
6c88799c6f45407faf0f9ea007b0dcab,16559,【賽馬娘】杯賽將近我還練不出來，真的好想一發收工啊 / 新手繁中服問題也可以問，但今天會卯起來養帽喔《鷲峰良》,2022-07-11T16:29:31Z,https://www.youtube.com/watch?v=FQaYgngf1Ek,https://i.ytimg.com/vi/FQaYgngf1Ek/mqdefault.jpg
265a18972d244affae35711cfd1f9931,16537,🐙酒雜睡覺台🐙陪我喝酒睡覺!!明天是周末餒(✪ω✪) 直播完轉3階會限 【MiroLive/塔芭絲可】,2022-07-02T05:51:38Z,https://www.youtube.com/watch?v=cOhX2lQGpXc,https://i.ytimg.com/vi/cOhX2lQGpXc/mqdefault.jpg
4b6b055ada4d4f0ab63b7ad02a3fa3ef,16503,【#加班】簽名畫完之前不會結束的耐久配信！！！！#5｜Rumi/懶貓子,2022-07-10T16:09:33Z,https://www.youtube.com/watch?v=OT9Evj-5Sbs,https://i.ytimg.com/vi/OT9Evj-5Sbs/mqdefault.jpg
7c06b9e316ce4ac18ce836cd72442bbe,16445,【第四回】#MizukiMEME 小浠迷因鑑賞會【浠Mizuki MEME】,2022-07-26T15:20:43Z,https://www.youtube.com/watch?v=2h-Jqvsv8jQ,https://i.ytimg.com/vi/2h-Jqvsv8jQ/mqdefault.jpg
4b6b055ada4d4f0ab63b7ad02a3fa3ef,16408,【#stray】是時候展示貓的力量了！｜Rumi/懶貓子,2022-07-25T13:52:41Z,https://www.youtube.com/watch?v=pFrOUfYHeQk,https://i.ytimg.com/vi/pFrOUfYHeQk/mqdefault.jpg
7c06b9e316ce4ac18ce836cd72442bbe,16270,【運動】女子四人の運動会！ #NintendoSwitchSports【浠Mizuki Game】,2022-07-12T14:37:09Z,https://www.youtube.com/watch?v=gAEq52kqHXU,https://i.ytimg.com/vi/gAEq52kqHXU/mqdefault.jpg
7c06b9e316ce4ac18ce836cd72442bbe,16210,【第三回】小浠迷因鑑賞回 看看奇怪的北極星做的奇怪迷因【浠Mizuki MEME】,2022-07-19T14:28:32Z,https://www.youtube.com/watch?v=nQLXrFcX3ro,https://i.ytimg.com/vi/nQLXrFcX3ro/mqdefault.jpg
4b6b055ada4d4f0ab63b7ad02a3fa3ef,16204,【#NintendoSwitchSports】運動連動！！！｜Rumi/懶貓子,2022-07-12T14:55:42Z,https://www.youtube.com/watch?v=xnKlOdL5UOU,https://i.ytimg.com/vi/xnKlOdL5UOU/mqdefault.jpg
be6c475c291d45a0a7349abdb70be20d,16128,【GTA5】2022年夏季更新到來！犯罪企業 The Criminal Enterprises,2022-07-22T14:32:49Z,https://www.youtube.com/watch?v=_nOedmkTkzE,https://i.ytimg.com/vi/_nOedmkTkzE/mqdefault.jpg
f6a4e7aa8d0c4e5cb39d199845ec4d02,15962,【Stray浪貓】失業後的咪嚕開始流浪PART.2,2022-07-22T18:15:46Z,https://www.youtube.com/watch?v=CoUygYxBDME,https://i.ytimg.com/vi/CoUygYxBDME/mqdefault.jpg
9e64bba43928414884503de36f805c48,15933,7/21  |  6/19~7/21 生日加班台 !加班 !紋紋證交所 !股票 | !風聲盃 !賽評 7/23當風聲盃主播 !YT,2022-07-21T20:36:08Z,https://www.twitch.tv/videos/1538698824,https://static-cdn.jtvnw.net/cf_vods/d3vd9lfkzbru3h/3419f167e1186075dc17_wen620_39507461671_1658435761//thumb/thumb0-%{width}x%{height}.jpg
f146e7f1a1164dbfab960ea34873afb5,15904,flos / 笠真守 KasaMamoru 【歌ってみた/ Cover】,2022-07-13T12:00:13Z,https://www.youtube.com/watch?v=SGd6iGyTYOo,https://i.ytimg.com/vi/SGd6iGyTYOo/mqdefault.jpg
f6a4e7aa8d0c4e5cb39d199845ec4d02,15896,【Holocure】吸血鬼倖存者HOLO版本?! 聊天室雲齁粉是不是能夠存活呢?,2022-07-07T14:33:35Z,https://www.youtube.com/watch?v=bK9qTNzcgDo,https://i.ytimg.com/vi/bK9qTNzcgDo/mqdefault.jpg
e73551cd98ec47388899522353fc89e3,15836,【FF39】現場直播互動！Day2 - ( 2/2 ) 【KITSUNEKON】,2022-07-17T05:32:43Z,https://www.youtube.com/watch?v=i12azP5eFgA,https://i.ytimg.com/vi/i12azP5eFgA/mqdefault.jpg
3f4650e05ceb41008bd16869780b7af1,15809,【貓咪研究室】最強角色集合！特級貓咪祭限定角色 藍眼睛系列 黑藍眼轉蛋介紹《水羽 ほむら》【貓咪大戰爭】,2022-07-14T06:00:12Z,https://www.youtube.com/watch?v=EC7x_0AGlgk,https://i.ytimg.com/vi/EC7x_0AGlgk/mqdefault.jpg
4b6b055ada4d4f0ab63b7ad02a3fa3ef,15731,【#原神】新角色 #鹿野院平蔵 登場！抽卡PK！！！ft.BOSS #１７｜Rumi/懶貓子,2022-07-15T19:59:06Z,https://www.youtube.com/watch?v=gQxdNh-0-xk,https://i.ytimg.com/vi/gQxdNh-0-xk/mqdefault.jpg
01f26342ae4e419280bcfd6ec6e86db1,15582,【歌枠/歌回】甜甜的情歌歌回【十五號．Vtuber】,2022-07-08T15:31:51Z,https://www.youtube.com/watch?v=nB4w2jpit-Q,https://i.ytimg.com/vi/nB4w2jpit-Q/mqdefault.jpg
521fb650b9534787b19c8762957fb5d2,15498,【#瑪格麗特的茶會】與瑪麗談談心吧 【瑪格麗特Vtuber】#瑪格麗特溫特斯,2022-07-07T15:02:41Z,https://www.youtube.com/watch?v=1d2BJoerj3Q,https://i.ytimg.com/vi/1d2BJoerj3Q/mqdefault.jpg
7c06b9e316ce4ac18ce836cd72442bbe,15498,【Mizuki王】第一屆子午計畫Staff通靈大戰！誰最了解小浠？【浠Mizuki】,2022-07-06T14:34:58Z,https://www.youtube.com/watch?v=nKmPwgigfgE,https://i.ytimg.com/vi/nKmPwgigfgE/mqdefault.jpg
7c06b9e316ce4ac18ce836cd72442bbe,15441,【健身環Day01】最近壽司吃太多了【浠Mizuki Game】,2022-07-09T03:03:16Z,https://www.youtube.com/watch?v=75ThAH9EPhk,https://i.ytimg.com/vi/75ThAH9EPhk/mqdefault.jpg
f5ff982730f54cd4826ff0530a4288c2,15357,🍜 【KING】歌ってみた丨Cover by【白湯】,2022-07-08T12:00:11Z,https://www.youtube.com/watch?v=O52G-qq1H1Y,https://i.ytimg.com/vi/O52G-qq1H1Y/mqdefault.jpg
f18407d79b4b43ffa6adf629d1723a8f,15336,【SC感謝回】來感謝SC&綠界！唸到大家睡覺～【不夜皇FuyaSumeragi・VTuber】,2022-07-15T18:22:09Z,https://www.youtube.com/watch?v=KK8bmsY8390,https://i.ytimg.com/vi/KK8bmsY8390/mqdefault.jpg
9e64bba43928414884503de36f805c48,14960,7/14  |  6/19~7/14 生日加班台 !加班 !紋紋證交所 !股票 | !YT 不定時更新新片,2022-07-13T23:45:59Z,https://www.twitch.tv/videos/1531079359,https://static-cdn.jtvnw.net/cf_vods/d3vd9lfkzbru3h/9d64ba589cc428b4d665_wen620_39485629607_1657755952//thumb/thumb0-%{width}x%{height}.jpg
7c06b9e316ce4ac18ce836cd72442bbe,14958,【雑談】整理房間邊聊天【浠Mizuki】,2022-07-08T13:16:09Z,https://www.youtube.com/watch?v=vf1mR0TmwZk,https://i.ytimg.com/vi/vf1mR0TmwZk/mqdefault.jpg
f18407d79b4b43ffa6adf629d1723a8f,14847,【APEX】#2 暴言我直接高歌一曲【不夜皇FuyaSumeragi・VTuber】,2022-07-13T08:24:46Z,https://www.youtube.com/watch?v=YTEuQH9muQM,https://i.ytimg.com/vi/YTEuQH9muQM/mqdefault.jpg
84a911e2b05f4919a32e0c1618e32a7d,14741,【吉他自彈自唱】今天好像可以點歌欸【光逸 幸 / Kouitu Sin】,2022-07-01T15:00:22Z,https://www.youtube.com/watch?v=o5XbM6wZZaQ,https://i.ytimg.com/vi/o5XbM6wZZaQ/mqdefault.jpg
8a4988902b5640e6ae1829285307c636,14531,【新衣裝發表】隊長我也有這一天嗎！？快來看看我的新衣超可愛！新衣装お披露目【歐貝爾．Vtuber】,2022-07-13T15:21:44Z,https://www.youtube.com/watch?v=AioAIMH4mKs,https://i.ytimg.com/vi/AioAIMH4mKs/mqdefault.jpg
664e1b310cf343b78623f99b31e40fae,14150,🔴LIVE【突發Uno】牌桌上血流成河! ft. 喵哈、蜘豬、小光,2022-07-09T17:13:52Z,https://www.youtube.com/watch?v=EydaMLazrcw,https://i.ytimg.com/vi/EydaMLazrcw/mqdefault.jpg
5535c9524eb046c38e172ebfa06b302f,14144,【原神】大佬來開秀26🔥▸滿命八重神子 & 2命可莉！鬼之操作& 鬼之面板！無傷SOLO通關深境12層滿星！聖遺物面板&武器展示 ▹璐洛洛◃,2022-07-29T13:30:14Z,https://www.youtube.com/watch?v=Mw-M4UjjFm8,https://i.ytimg.com/vi/Mw-M4UjjFm8/mqdefault.jpg
5535c9524eb046c38e172ebfa06b302f,14080,【賽馬娘】🐴還不能快速跑完URA？短距離馬娘都能適用的培育邏輯，8個培育階段所有要注意的眉眉角角！看完阿嬤也會養馬！ ▹璐洛洛◃,2022-07-12T15:45:15Z,https://www.youtube.com/watch?v=qfTWXeAOdYM,https://i.ytimg.com/vi/qfTWXeAOdYM/mqdefault.jpg
9e64bba43928414884503de36f805c48,13926,7/12  |  6/19~7/12 生日加班台 !加班 !紋紋證交所 !股票 | !YT 不定時更新新片,2022-07-12T06:09:26Z,https://www.twitch.tv/videos/1529446368,https://static-cdn.jtvnw.net/cf_vods/d3vd9lfkzbru3h/3c28ae21afe966a46503_wen620_39480923799_1657606160//thumb/thumb0-%{width}x%{height}.jpg
be6c475c291d45a0a7349abdb70be20d,13898,【GTA5】體驗改善功能實測！帶你了解夏季更新實用性！犯罪企業 The Criminal Enterprises,2022-07-29T12:55:20Z,https://www.youtube.com/watch?v=tU6dF1UaBUw,https://i.ytimg.com/vi/tU6dF1UaBUw/mqdefault.jpg
4b6655120fbd4431a8f7894cac4a4d49,13883,ASMR 不助眠｜腦汁舌尖融化暈頭轉向 只能乖乖被吸取靈魂｜Microphone eating sound｜耳奥の音圧 吐息 耳はむ【Healing希靈/VTuber】,2022-07-03T16:22:22Z,https://www.youtube.com/watch?v=_hwPxbKgvtc,https://i.ytimg.com/vi/_hwPxbKgvtc/mqdefault.jpg
7c06b9e316ce4ac18ce836cd72442bbe,13707,【官方精華】新衣裝好浠嗎？10分鐘帶你了解小浠全套新衣！【浠Mizuki 新衣裝2.0】,2022-07-05T11:00:02Z,https://www.youtube.com/watch?v=6D6tX4sLzVE,https://i.ytimg.com/vi/6D6tX4sLzVE/mqdefault.jpg
7c06b9e316ce4ac18ce836cd72442bbe,13675,【官方精華】邊緣系Vtuber 一個人Blessing【浠Mizuki】中文CC字幕,2022-07-28T12:00:30Z,https://www.youtube.com/watch?v=YGqFt78st5A,https://i.ytimg.com/vi/YGqFt78st5A/mqdefault.jpg
e17f42aa104040deae2ee3f3b1e85ed8,13663,【肉肉薔蒔】 0729 復健,2022-07-29T13:46:19Z,https://www.twitch.tv/videos/1546254368,https://static-cdn.jtvnw.net/cf_vods/d3vd9lfkzbru3h/cd737d066a97578be6a7_aishakumo_39527493463_1659102372//thumb/thumb0-%{width}x%{height}.jpg
4b6b055ada4d4f0ab63b7ad02a3fa3ef,13662,【#健身環】增強體力！！！｜Rumi/懶貓子,2022-07-20T18:37:22Z,https://www.youtube.com/watch?v=DPBirLdI6f8,https://i.ytimg.com/vi/DPBirLdI6f8/mqdefault.jpg
9e64bba43928414884503de36f805c48,13652,7/4  |  6/19~7/4 生日加班台 !加班 !紋紋證交所 !股票 | !YT 不定時更新新片,2022-07-03T17:42:39Z,https://www.twitch.tv/videos/1521410387,https://static-cdn.jtvnw.net/cf_vods/d3vd9lfkzbru3h/5d35e59337924e397e30_wen620_39459420535_1656870154//thumb/thumb0-%{width}x%{height}.jpg
9e64bba43928414884503de36f805c48,13509,7/5  | 6/19~7/5 生日加班台 !加班 !紋紋證交所 !股票 | !YT 不定時更新新片,2022-07-05T08:38:14Z,https://www.twitch.tv/videos/1522890419,https://static-cdn.jtvnw.net/cf_vods/d3vd9lfkzbru3h/08d09ec0ecb565b017c6_wen620_39463085399_1657010287//thumb/thumb0-%{width}x%{height}.jpg
49bb221fc77f440cae0c007a73f99aab,13418,【FF39特別企劃】當tomocora箱一起去KTV會變成什麼樣子？ft.@不夜皇 Fuyasumeragi Ch. @閻鈴 YangLing Ch. 【烏庫魯尼魯UkuruNiru・VTuber】,2022-07-17T09:19:08Z,https://www.youtube.com/watch?v=FXT8PRBnOqs,https://i.ytimg.com/vi/FXT8PRBnOqs/mqdefault.jpg
3f4650e05ceb41008bd16869780b7af1,13380,【貓咪研究室】這才是貓咪大戰爭最強的存在！超級貓咪季限定角色一樣看的到抽不到 藍眼睛系列 白藍眼轉蛋介紹 《水羽 ほむら》【貓咪大戰爭】,2022-07-02T06:00:13Z,https://www.youtube.com/watch?v=A6reEJL-9wM,https://i.ytimg.com/vi/A6reEJL-9wM/mqdefault.jpg
9e64bba43928414884503de36f805c48,13377,7/18  |  6/19~7/18 生日加班台 !加班 !紋紋證交所 !股票 | !風聲盃 !賽評 7/23當風聲盃主播 | !YT 不定時更新新片,2022-07-17T21:50:46Z,https://www.twitch.tv/videos/1534832916,https://static-cdn.jtvnw.net/cf_vods/d3vd9lfkzbru3h/ebd4691764e562473b1c_wen620_39496809367_1658094641//thumb/thumb0-%{width}x%{height}.jpg
5535c9524eb046c38e172ebfa06b302f,13323,【三創夏日動漫祭】線上x線下舞台直播活動! 到現場的滷肉幫們還可以領周邊禮物哦! ▹璐洛洛◃,2022-07-23T10:20:22Z,https://www.youtube.com/watch?v=ZiUM66Jqf5c,https://i.ytimg.com/vi/ZiUM66Jqf5c/mqdefault.jpg
5535c9524eb046c38e172ebfa06b302f,13289,【賽馬娘 Pretty Derby】每天的50寶石單抽❤️,2022-07-19T03:14:25Z,https://www.youtube.com/watch?v=z3kmwPIWtck,https://i.ytimg.com/vi/z3kmwPIWtck/mqdefault.jpg
265a18972d244affae35711cfd1f9931,13268,🐙3.3萬慶祝+(假)4萬耐久#2🐙哄睡工作台後直接睡覺 謝謝陪伴讓我心情很好 【MiroLive/塔芭絲可】,2022-07-24T03:54:17Z,https://www.youtube.com/watch?v=e7ONZQ7E1oI,https://i.ytimg.com/vi/e7ONZQ7E1oI/mqdefault.jpg
2be709cdd22f4a63a95504731ba79afd,13243,【初配信】來自地獄！閻王繼承人駕到！！【閻鈴YangLing・VTuber】,2022-07-03T14:21:07Z,https://www.youtube.com/watch?v=Yzt5eHf8VRY,https://i.ytimg.com/vi/Yzt5eHf8VRY/mqdefault.jpg
be6c475c291d45a0a7349abdb70be20d,13144,【GTA5】暴君MKII改弱！改版前後導彈性能對比！犯罪企業 The Criminal Enterprises,2022-07-27T13:35:52Z,https://www.youtube.com/watch?v=7N6w_z2DWSA,https://i.ytimg.com/vi/7N6w_z2DWSA/mqdefault.jpg
1c5619a4ece046dd8ba68ed343489ca3,13054,神燈精靈，竟然猜不到台灣Vtuber第一名❗該不會猜不到hololive的鯊鯊吧❓akinator｜GawrGura,2022-07-01T13:27:33Z,https://www.youtube.com/watch?v=2k3XcaAZZ_s,https://i.ytimg.com/vi/2k3XcaAZZ_s/mqdefault.jpg
521fb650b9534787b19c8762957fb5d2,12647,【#瑪格麗特的茶會】作業北極狐【瑪格麗特Vtuber】#瑪格麗特溫特斯,2022-07-03T11:06:42Z,https://www.youtube.com/watch?v=i9RxTOGI3sc,https://i.ytimg.com/vi/i9RxTOGI3sc/mqdefault.jpg
7c06b9e316ce4ac18ce836cd72442bbe,12589,讓我們超越一個人的距離❤【官方歌回精華】#shorts,2022-07-11T04:30:05Z,https://www.youtube.com/watch?v=A4-XGJNL16o,https://i.ytimg.com/vi/A4-XGJNL16o/mqdefault.jpg
4b6655120fbd4431a8f7894cac4a4d49,12521,ASMR 助眠｜耳部護理給你放鬆感｜Ear picking Oil Massage｜オイルマッサージ 耳かき【Healing希靈/VTuber】,2022-07-22T16:44:27Z,https://www.youtube.com/watch?v=ypj0XZm-qM0,https://i.ytimg.com/vi/ypj0XZm-qM0/mqdefault.jpg
f6a4e7aa8d0c4e5cb39d199845ec4d02,12507,【APEX】哇！勝利或喵喵叫！地獄級APEX廝殺是隊友也是敵人？！ft.萊菈希格娜斯、佩爾戴斯,2022-07-19T14:48:29Z,https://www.youtube.com/watch?v=YL8pvCBwslk,https://i.ytimg.com/vi/YL8pvCBwslk/mqdefault.jpg
ea4c1a67c2e445ad8028768616ceb659,12474,【下午兩點的雜談🥞！】這個禮拜發生了很多事情，一起來聊天吧！【洛可洛斯特 / VTUBER】,2022-07-10T08:48:17Z,https://www.youtube.com/watch?v=RTIIxoShxqo,https://i.ytimg.com/vi/RTIIxoShxqo/mqdefault.jpg
3809ec8a42634d11aa1b7b8f99755c6a,12470,【花花】7/21  (・∀・)つ ✤ !YT ✤ !委託 ✤ !月榜 ✤ !VPN,2022-07-21T12:43:41Z,https://www.twitch.tv/videos/1538327491,https://static-cdn.jtvnw.net/cf_vods/d3vd9lfkzbru3h/b358a9ebec97ca763766_mayberuu_39506517687_1658407415//thumb/thumb0-%{width}x%{height}.jpg
7c06b9e316ce4ac18ce836cd72442bbe,12448,【健身環Day03】跟FF的大家一起消耗熱量！【浠Mizuki Game】,2022-07-16T05:40:04Z,https://www.youtube.com/watch?v=ZLv1rn30U10,https://i.ytimg.com/vi/ZLv1rn30U10/mqdefault.jpg
7c06b9e316ce4ac18ce836cd72442bbe,12387,【小浠真愛問卷】自己玩自己的問卷應該可以滿分吧【浠Mizuki Free Talk】,2022-07-21T14:17:21Z,https://www.youtube.com/watch?v=iVg4lz-ETBU,https://i.ytimg.com/vi/iVg4lz-ETBU/mqdefault.jpg
84a911e2b05f4919a32e0c1618e32a7d,12335,海の幽霊 / 光逸 幸 【官方歌回剪輯】,2022-07-05T09:04:44Z,https://www.youtube.com/watch?v=nxWrnq7JFaw,https://i.ytimg.com/vi/nxWrnq7JFaw/mqdefault.jpg
fd6a0236861940389e15ef85b16c6069,12328,喵,2022-07-20T09:48:57Z,https://www.twitch.tv/videos/1537240891,https://static-cdn.jtvnw.net/cf_vods/d3vd9lfkzbru3h/41106af5551f5b7180bb_hennie2001_39503242791_1658310530//thumb/thumb0-%{width}x%{height}.jpg
9d9c6477329245cbb2557895f4f15686,12237,7/21 !乙T 偷偷蒐集點(•ᴥ•)♡,2022-07-21T02:53:40Z,https://www.twitch.tv/videos/1538045106,https://static-cdn.jtvnw.net/cf_vods/d3vd9lfkzbru3h/d9541c9d4e741296f34f_iitifox_39505171175_1658372013//thumb/thumb0-%{width}x%{height}.jpg
4b6b055ada4d4f0ab63b7ad02a3fa3ef,12159,【#瑪利歐賽車8DX】比賽！！！天才視点👀｜Rumi/懶貓子,2022-07-02T07:12:09Z,https://www.youtube.com/watch?v=eVDS7grjqqU,https://i.ytimg.com/vi/eVDS7grjqqU/mqdefault.jpg
7c06b9e316ce4ac18ce836cd72442bbe,12140,【官方精華】Mizuki王精華 小浠理想型公開【浠Mizuki Game】,2022-07-10T11:00:12Z,https://www.youtube.com/watch?v=THx7OXyGmRs,https://i.ytimg.com/vi/THx7OXyGmRs/mqdefault.jpg
3f4650e05ceb41008bd16869780b7af1,11971,【貓咪研究室】全新轉蛋系列 最強季節角色!? 祝福神克羅諾絲 完美新娘轉蛋介紹《水羽 ほむら》【貓咪大戰爭】,2022-07-19T11:15:14Z,https://www.youtube.com/watch?v=GS7iYyr3feM,https://i.ytimg.com/vi/GS7iYyr3feM/mqdefault.jpg
7c06b9e316ce4ac18ce836cd72442bbe,11961,【互動場】一起玩Gartic Show！北極星們來猜猜✍【浠Mizuki Game】,2022-07-05T14:44:09Z,https://www.youtube.com/watch?v=bQH9jVN6iU8,https://i.ytimg.com/vi/bQH9jVN6iU8/mqdefault.jpg
f6a4e7aa8d0c4e5cb39d199845ec4d02,11947,不眠症ですががんばります。えぺかじゅ！ft.伶さん、樋口裕太さん,2022-07-25T11:27:11Z,https://www.twitch.tv/videos/1542206670,https://static-cdn.jtvnw.net/cf_vods/d3vd9lfkzbru3h/4c11abff7be83593534d_vtuber_amiru_39516598615_1658748426//thumb/thumb0-%{width}x%{height}.jpg
626750f4e7a745619c171c44fb1efcc0,11883,【日版】麥昆&黃金船泳裝抽抽 丸善速卡新人權? 賽馬娘Pretty Derby  #16【天使Vtuber小雪Yukichan】,2022-07-29T09:34:25Z,https://www.youtube.com/watch?v=uGrnD-0nk24,https://i.ytimg.com/vi/uGrnD-0nk24/mqdefault.jpg
7c06b9e316ce4ac18ce836cd72442bbe,11819,【健身環Day02】完全燃燒！【浠Mizuki Game】,2022-07-10T04:58:10Z,https://www.youtube.com/watch?v=WX8OI6XpBac,https://i.ytimg.com/vi/WX8OI6XpBac/mqdefault.jpg
6c88799c6f45407faf0f9ea007b0dcab,11777,【活動後日談】 FF39道歉大會｜收到了很多愛與熱情，心頭暖暖的(《鷲峰良》,2022-07-18T16:40:42Z,https://www.youtube.com/watch?v=D40uE8dnoXE,https://i.ytimg.com/vi/D40uE8dnoXE/mqdefault.jpg
9e351b7cdabd45c49c64074bc7d947ce,11769,【3D LIVE】 久等了、嗚夫沃夫的3D化演唱會！#嗚夫沃夫3D,2022-07-17T13:06:15Z,https://www.youtube.com/watch?v=7QvkiD_BmqI,https://i.ytimg.com/vi/7QvkiD_BmqI/mqdefault.jpg
4b6b055ada4d4f0ab63b7ad02a3fa3ef,11681,【官方烤肉#20】Rumi醬請說出今天的感想吧！！！ #shorts  ｜Rumi/懶貓子,2022-07-15T04:30:04Z,https://www.youtube.com/watch?v=Ap3b0R4iCuo,https://i.ytimg.com/vi/Ap3b0R4iCuo/mqdefault.jpg
4b6b055ada4d4f0ab63b7ad02a3fa3ef,11590,【#勇者鬥惡龍Ⅲ】#8 瞄準火山入口！！！｜Rumi/懶貓子,2022-07-22T11:15:58Z,https://www.youtube.com/watch?v=rGL9qhswLuk,https://i.ytimg.com/vi/rGL9qhswLuk/mqdefault.jpg
b42416c629e64c948f75aff4ff5c9a8a,11539,【健康雜談】你知道女孩子的胸部嗎？你認識她多少呢？健康沒有R18家長最放心！,2022-07-26T15:20:47Z,https://www.youtube.com/watch?v=7vywdatCcsU,https://i.ytimg.com/vi/7vywdatCcsU/mqdefault.jpg
be6c475c291d45a0a7349abdb70be20d,11476,【GTA5實況】來試打改版後金毛看看！犯罪企業 The Criminal Enterprises,2022-07-27T16:34:34Z,https://www.youtube.com/watch?v=vzf28BiPKHM,https://i.ytimg.com/vi/vzf28BiPKHM/mqdefault.jpg
664e1b310cf343b78623f99b31e40fae,11447,🔴LIVE《快樂遊戲》恐怖迷幻糖衣【迪鹿DeluCat】⚠光敏性癲癇警告⚠,2022-07-11T16:16:57Z,https://www.youtube.com/watch?v=iUJ0yy9mJKA,https://i.ytimg.com/vi/iUJ0yy9mJKA/mqdefault.jpg
f6a4e7aa8d0c4e5cb39d199845ec4d02,11441,【魔物獵人崛起:破曉】已經忘記怎麼操作了:(´◦ω◦｀):　挑戰新武器!!!!!!!!!! ft.壞朋友,2022-07-04T16:15:10Z,https://www.youtube.com/watch?v=7W4car03f7Q,https://i.ytimg.com/vi/7W4car03f7Q/mqdefault.jpg
4b6b055ada4d4f0ab63b7ad02a3fa3ef,11415,【#親手做菜的比賽🍳(手料理選手権🍳)】抓住Rumi的胃！(Rumiちゃんの胃袋をつかめ！)｜Rumi/懶貓子,2022-07-24T10:56:30Z,https://www.twitch.tv/videos/1541248550,https://static-cdn.jtvnw.net/cf_vods/d3vd9lfkzbru3h/c9e4b2546053cc6f1de3_rumi0813_39513975655_1658660181//thumb/thumb0-%{width}x%{height}.jpg
f110fd69b66941bab04de9ada563c6ac,11396,【ASMR】 深夜的3Dio雜談💖｜在深夜工作的你是不是缺少一個聲音的陪伴呢【舔耳ASMR】,2022-07-28T16:22:57Z,https://www.youtube.com/watch?v=FlJmR6sl51c,https://i.ytimg.com/vi/FlJmR6sl51c/mqdefault.jpg
e17f42aa104040deae2ee3f3b1e85ed8,11357,【肉肉薔蒔】 0717 偷打,2022-07-17T14:36:13Z,https://www.twitch.tv/videos/1534479889,https://static-cdn.jtvnw.net/cf_vods/d3vd9lfkzbru3h/7512db01ab9dd4146675_aishakumo_39496215495_1658068568//thumb/thumb0-%{width}x%{height}.jpg
e7fd5d01e57c42658be2bf1e3ad5d696,11335,【初配信】關於我多次轉生後成為了尼特勇者那檔事🍼【繆・索緹絲 / Myo Sotis (NKshoujo)】,2022-07-05T13:19:07Z,https://www.youtube.com/watch?v=ya5lC2iYqgE,https://i.ytimg.com/vi/ya5lC2iYqgE/mqdefault.jpg
04d2ff1dde6b4bb68503a734274f4b7e,11210,【初配信】今晚就為你解開......面紗下隱藏的秘密,2022-07-08T14:22:39Z,https://www.youtube.com/watch?v=mVMWNS1QEh0,https://i.ytimg.com/vi/mVMWNS1QEh0/mqdefault.jpg
f6a4e7aa8d0c4e5cb39d199845ec4d02,11209,"40萬訂閱倒數同樂會( 'ω'  و( و""♪ 　達標即下播不演的請讓主播快點下播",2022-07-25T11:30:44Z,https://www.youtube.com/watch?v=CjLquwydFRE,https://i.ytimg.com/vi/CjLquwydFRE/mqdefault.jpg
7a88afc5eb644d76b35ed4ca968259bb,11199,[ 中文Asmr ] - 前洗頭/後舔耳 shampoo/Ear Licking💛 最溫柔的舔耳，覆著身心...❤️,2022-07-20T16:46:48Z,https://www.youtube.com/watch?v=EtG6rNARYtQ,https://i.ytimg.com/vi/EtG6rNARYtQ/mqdefault.jpg
f18407d79b4b43ffa6adf629d1723a8f,11102,【官方精華剪輯】不夜性轉 - 不夜姬登場【不夜皇FuyaSumeragi・VTuber】,2022-07-26T14:15:03Z,https://www.youtube.com/watch?v=Jo3bK_g_9OE,https://i.ytimg.com/vi/Jo3bK_g_9OE/mqdefault.jpg
9e64bba43928414884503de36f805c48,10996,7/28 | 6/19~7/28 生日加班台 !加班 !紋紋證交所 !股票 !YT,2022-07-28T15:23:56Z,https://www.twitch.tv/videos/1545334075,https://static-cdn.jtvnw.net/cf_vods/d3vd9lfkzbru3h/29863c291d822121dd92_wen620_39525197735_1659021829//thumb/thumb0-%{width}x%{height}.jpg
5c7beefaa54444e3b0443d7abd93c1f7,10907,去睡了，能幫我看看泳池裡的橡膠鴨讓他們不要亂跑嗎？,2022-07-10T09:21:29Z,https://www.youtube.com/watch?v=bc3RF7ZFsXo,https://i.ytimg.com/vi/bc3RF7ZFsXo/mqdefault.jpg
0bf0ec441dc6489583f7218e02ab6a89,10885,🔴【健身環大冒險】07/11 20:00 健身環大冒險！網襪蠑螈斗內可唱歌❤詳情請看資訊欄,2022-07-11T16:22:16Z,https://www.youtube.com/watch?v=JyDEMYBZFds,https://i.ytimg.com/vi/JyDEMYBZFds/mqdefault.jpg
7c06b9e316ce4ac18ce836cd72442bbe,10850,【前進FF39】行前說明會/現場Q&A【浠Mizuki】,2022-07-13T14:33:07Z,https://www.youtube.com/watch?v=cOycToOkD6g,https://i.ytimg.com/vi/cOycToOkD6g/mqdefault.jpg
e17f42aa104040deae2ee3f3b1e85ed8,10691,【肉肉薔蒔】 0719 開一小就關,2022-07-19T13:09:16Z,https://www.twitch.tv/videos/1536321862,https://static-cdn.jtvnw.net/cf_vods/d3vd9lfkzbru3h/081f28ea39435b6b6163_aishakumo_39501224183_1658236149//thumb/thumb0-%{width}x%{height}.jpg
265a18972d244affae35711cfd1f9931,10663,TAKOASMR:福利向 給乖乖等我回來的寶貝 一點獎勵  耳朵按摩+舔耳 ❤Ear Massage+Ear Licking❤【Mirolive/塔芭絲可】,2022-07-23T03:21:08Z,https://www.youtube.com/watch?v=yKYtjhxl9Ys,https://i.ytimg.com/vi/yKYtjhxl9Ys/mqdefault.jpg
6c88799c6f45407faf0f9ea007b0dcab,10660,【賽馬娘】巨蟹杯決賽!! 再度忘記報名....加菜多少就看表現了？給繁中服新手看看日服有多鬼畜！キャンサー杯決勝/ウマ娘《鷲峰良》,2022-07-19T15:52:30Z,https://www.youtube.com/watch?v=Dqpdatxu0bA,https://i.ytimg.com/vi/Dqpdatxu0bA/mqdefault.jpg
9d9c6477329245cbb2557895f4f15686,10580,7/8 明晚八點迷你世界！一起征服沙漠沙蟲 (⁰▿⁰)♥,2022-07-09T01:17:06Z,https://www.twitch.tv/videos/1526437627,https://static-cdn.jtvnw.net/cf_vods/d3vd9lfkzbru3h/0f174a9724ff68fd84b8_iitifox_39472585639_1657329419//thumb/thumb0-%{width}x%{height}.jpg
7081557634db487fa467b0bd2f939f66,10575,【ONE HAND CLAPPING】Imma Turn Into a Frog if I Have To【🥃Collin Palladio/柯林•派🦌】#64,2022-07-15T18:12:46Z,https://www.youtube.com/watch?v=V9kTTzfKsk0,https://i.ytimg.com/vi/V9kTTzfKsk0/mqdefault.jpg
8a4988902b5640e6ae1829285307c636,10555,【特殊企劃】熊寶貝們的調教企劃，歐貝爾隊長罵倒中【歐貝爾．Vtuber】,2022-07-18T16:01:04Z,https://www.youtube.com/watch?v=kNVY8xhWCAU,https://i.ytimg.com/vi/kNVY8xhWCAU/mqdefault.jpg
494d2c5daf9f4a8a8e4538687e6be14c,10535,【誕生日】姬友凸待｜ 特別來賓辣個男人 ｜新消息宣布【兔姬UsagiHime | 惡兔重工】,2022-07-09T16:14:00Z,https://www.youtube.com/watch?v=gwb3SjjJSJI,https://i.ytimg.com/vi/gwb3SjjJSJI/mqdefault.jpg
4b6655120fbd4431a8f7894cac4a4d49,10431,ASMR 不助眠｜輕聲耳語療癒寂寞｜mouth sound eating sound whisper｜耳奥の音圧 吐息 囁き【Healing希靈/VTuber】,2022-07-05T16:32:48Z,https://www.youtube.com/watch?v=6w_GTKH4QDo,https://i.ytimg.com/vi/6w_GTKH4QDo/mqdefault.jpg
4fc5a770272a43f1bb0a1d12aa3a9b46,10431,【TRASH🦝PANDA】 Villain Vibes - Metal Cover | #VillainDeezVibez,2022-07-27T01:30:12Z,https://www.youtube.com/watch?v=fxw9uyQoVY4,https://i.ytimg.com/vi/fxw9uyQoVY4/mqdefault.jpg
01f26342ae4e419280bcfd6ec6e86db1,10423,【歌枠/歌回】六萬訂閱感謝！聊天＆隨便唱唱【十五號．Vtuber】,2022-07-29T15:49:27Z,https://www.youtube.com/watch?v=wy8bgN2OpPs,https://i.ytimg.com/vi/wy8bgN2OpPs/mqdefault.jpg
7c06b9e316ce4ac18ce836cd72442bbe,10377,【健身環Day04】星期五的早安【浠Mizuki Game】,2022-07-29T01:28:13Z,https://www.youtube.com/watch?v=ZnP7Yxe7mbI,https://i.ytimg.com/vi/ZnP7Yxe7mbI/mqdefault.jpg
4b6b055ada4d4f0ab63b7ad02a3fa3ef,10345,【#VALORANT 】女女女女！！！ ft.東 雪蓮、水城 碧、綱樹桜子  ｜Rumi/懶貓子,2022-07-27T20:48:42Z,https://www.youtube.com/watch?v=sfavu7Qz9BY,https://i.ytimg.com/vi/sfavu7Qz9BY/mqdefault.jpg
f18407d79b4b43ffa6adf629d1723a8f,10270,【官方精華剪輯】屁孩雞馬ㄜㄋㄋㄋ【不夜皇FuyaSumeragi・VTuber】,2022-07-08T11:45:02Z,https://www.youtube.com/watch?v=RrK6MU5uqms,https://i.ytimg.com/vi/RrK6MU5uqms/mqdefault.jpg
7a88afc5eb644d76b35ed4ca968259bb,10240,🔴【VALORANT💛ASMR】舔耳了今天 Ear Licking 耳舐め .,2022-07-14T05:34:49Z,https://www.youtube.com/watch?v=ogB6a0da4HM,https://i.ytimg.com/vi/ogB6a0da4HM/mqdefault.jpg
95de1fe6727944e68404aec425d09170,10214,【FF39開箱】開拓動漫同人場荷包君吃土中，錢錢只是變成喜歡的形狀拉！！✟【海唧/惡獸時代】,2022-07-17T16:40:37Z,https://www.youtube.com/watch?v=lOplMR5t6nY,https://i.ytimg.com/vi/lOplMR5t6nY/mqdefault.jpg
49bb221fc77f440cae0c007a73f99aab,10182,【繪圖台】慶祝我兄弟不夜皇生日大突發畫生日賀圖！！能趕得上嗎？？【烏庫魯尼魯UkuruNiru・VTuber】,2022-07-07T13:53:38Z,https://www.youtube.com/watch?v=TybGeksxN3E,https://i.ytimg.com/vi/TybGeksxN3E/mqdefault.jpg
95de1fe6727944e68404aec425d09170,10176,【災難公關】迷因創作大賽，今晚的神秘高手是誰？破壞三觀的遊戲即將來臨！！@Lutralutra Ch. 露恰露恰 @鷲峰良 - Washimineryo @Tabasuko Ch. 塔芭絲可 【海唧】,2022-07-03T10:03:41Z,https://www.youtube.com/watch?v=0KKnZGXXE90,https://i.ytimg.com/vi/0KKnZGXXE90/mqdefault.jpg
7c06b9e316ce4ac18ce836cd72442bbe,10173,【誕生日大感謝】SC朗讀 & 生日回顧【浠Mizuki Birthday 2022】,2022-07-23T19:05:40Z,https://www.youtube.com/watch?v=U2fKHUUCJHs,https://i.ytimg.com/vi/U2fKHUUCJHs/mqdefault.jpg
664e1b310cf343b78623f99b31e40fae,10151,【ASMR】情境劇 / 梅雨季🌧️(試聽版)【迪鹿DeluCat】,2022-07-04T11:00:01Z,https://www.youtube.com/watch?v=aiefGaR9T48,https://i.ytimg.com/vi/aiefGaR9T48/mqdefault.jpg
7c06b9e316ce4ac18ce836cd72442bbe,10098,【深夜歌枠】祝・夏夜好眠【浠Mizuki Karaoke】 !dc、!周邊、!斗內、!YT、!推特、!點歌、!投票,2022-07-30T14:00:46Z,https://www.twitch.tv/videos/1547260199,https://static-cdn.jtvnw.net/cf_vods/d3vd9lfkzbru3h/e138d643f9cb9ecf6e09_mizukimilk723_39530359175_1659189641//thumb/thumb0-%{width}x%{height}.jpg
2e266a71aa3d4a67bb8d9a2a0b573319,10066,０７０２(六)  新貼圖上市   | !YT !加班,2022-07-02T02:43:58Z,https://www.twitch.tv/videos/1519995079,https://static-cdn.jtvnw.net/cf_vods/d3vd9lfkzbru3h/b6f8d6331ac39bf2c931_ziifish_39454429063_1656729831//thumb/thumb0-%{width}x%{height}.jpg
7c06b9e316ce4ac18ce836cd72442bbe,10049,【七星傳SevenSphere】與美少女們共度夜晚！【浠Mizuki Game】,2022-07-14T14:27:55Z,https://www.youtube.com/watch?v=GQ_FzxExiec,https://i.ytimg.com/vi/GQ_FzxExiec/mqdefault.jpg
265a18972d244affae35711cfd1f9931,10047,【塔芭絲可TABASUKO】中文Vtuber一問一答自我介紹！,2022-07-15T11:00:15Z,https://www.youtube.com/watch?v=H9rldj9igXY,https://i.ytimg.com/vi/H9rldj9igXY/mqdefault.jpg
7c06b9e316ce4ac18ce836cd72442bbe,9996,【Mizuki王】小浠回答篇,2022-07-07T04:00:01Z,https://www.youtube.com/watch?v=4-QZOWlU4L0,https://i.ytimg.com/vi/4-QZOWlU4L0/mqdefault.jpg
e17f42aa104040deae2ee3f3b1e85ed8,9947,【肉肉薔蒔】 0722 明天開始放假4天>< 回ㄍ老家養老,2022-07-22T15:55:33Z,https://www.twitch.tv/videos/1539447236,https://static-cdn.jtvnw.net/cf_vods/d3vd9lfkzbru3h/3a876e5dceee2fcf78a8_aishakumo_39509792903_1658505328//thumb/thumb0-%{width}x%{height}.jpg
a51be890a1f443ea87bee45c9d8acf13,9935,【Na J】今天不開久 |  ^ↀᴥↀ^,2022-07-24T13:43:17Z,https://www.twitch.tv/videos/1541340119,https://static-cdn.jtvnw.net/cf_vods/d3vd9lfkzbru3h/f0c90f879e893e995f2a_kankona0616_39514561015_1658670192//thumb/thumb0-%{width}x%{height}.jpg
4b6b055ada4d4f0ab63b7ad02a3fa3ef,9882,【#瑪利歐賽車8DX】第五天練習！大會前的最後一次特訓！｜Rumi/懶貓子,2022-07-01T09:44:57Z,https://www.youtube.com/watch?v=8kYuxvi9JAM,https://i.ytimg.com/vi/8kYuxvi9JAM/mqdefault.jpg
4b6b055ada4d4f0ab63b7ad02a3fa3ef,9835,【#親手做菜的比賽🍳】抓住Rumi的胃！※後半！｜Rumi/懶貓子,2022-07-31T06:38:31Z,https://www.youtube.com/watch?v=XUcj1yNFKaA,https://i.ytimg.com/vi/XUcj1yNFKaA/mqdefault.jpg
265a18972d244affae35711cfd1f9931,9763,🐙增加會員數計畫!!🐙初見桑大歡迎!!詳細幫我看資訊欄!!【MiroLive/塔芭絲可 】,2022-07-10T10:43:14Z,https://www.youtube.com/watch?v=1-Ie39r2UfE,https://i.ytimg.com/vi/1-Ie39r2UfE/mqdefault.jpg
494d2c5daf9f4a8a8e4538687e6be14c,9751,【求強大的男人】強大的男人就是要照顧可愛的兔兔餵養兔兔沒錯吧【兔姬UsagiHime | 惡兔重工】,2022-07-14T17:30:53Z,https://www.youtube.com/watch?v=yiRcYs_5rwo,https://i.ytimg.com/vi/yiRcYs_5rwo/mqdefault.jpg
494d2c5daf9f4a8a8e4538687e6be14c,9695,【FF39】預告!!! 【兔姬UsagiHime | 惡兔重工】,2022-07-03T08:24:13Z,https://www.youtube.com/watch?v=vJyMo0F1HGM,https://i.ytimg.com/vi/vJyMo0F1HGM/mqdefault.jpg
8a4988902b5640e6ae1829285307c636,9616,【Placid Plastic Duck Simulator】耐久挑戰！挑戰開一整天會收集到幾隻鴨鴨【歐貝爾．Vtuber】,2022-07-12T09:40:08Z,https://www.youtube.com/watch?v=Jc2M4G3DU-A,https://i.ytimg.com/vi/Jc2M4G3DU-A/mqdefault.jpg
84a911e2b05f4919a32e0c1618e32a7d,9575,【吉他自彈自唱】會員開了！跟謝謝萬訂【光逸 幸 / Kouitu Sin】,2022-07-19T13:17:35Z,https://www.youtube.com/watch?v=KyZgTyH7D_Q,https://i.ytimg.com/vi/KyZgTyH7D_Q/mqdefault.jpg
01f26342ae4e419280bcfd6ec6e86db1,9564,【遊戲實況】Ｂｏｏｙａｈ！（Free Fire 我要活下去）【十五號．Vtuber】,2022-07-15T16:53:41Z,https://www.youtube.com/watch?v=1MvsbUVR4-k,https://i.ytimg.com/vi/1MvsbUVR4-k/mqdefault.jpg
f6a4e7aa8d0c4e5cb39d199845ec4d02,9460,【APEX】不可能的任務之雞同鴨講🦆咪嚕的英文柯林扛的住嗎？ft.Collin Palladio,2022-07-27T14:30:28Z,https://www.youtube.com/watch?v=SAXacHoFmzQ,https://i.ytimg.com/vi/SAXacHoFmzQ/mqdefault.jpg
5535c9524eb046c38e172ebfa06b302f,9416,【新瑪奇】⛵全新改版「大貿易時代」！重磅資訊懶人包一次看！跑船、貿易、新賽季的時代到來啦！ ▹璐洛洛◃,2022-07-14T12:00:12Z,https://www.youtube.com/watch?v=-HGzZ-u-Dyw,https://i.ytimg.com/vi/-HGzZ-u-Dyw/mqdefault.jpg
de0e98c9266449b7874a942cbbb63a0d,9411,【歌回】線下連動與歐妲的歌唱時間！陪你度過一個充滿音樂的下午【阿爾姿/惡獸時代】,2022-07-18T11:59:06Z,https://www.youtube.com/watch?v=Z52FNzJgaRg,https://i.ytimg.com/vi/Z52FNzJgaRg/mqdefault.jpg
2ce2f9977d4a4dc0844e518369e11e6b,9405,【睡覺台】.°ʚ 一起睡覺天使 ɞ°.【HKVTuber/如月瑠美】,2022-07-27T04:08:10Z,https://www.youtube.com/watch?v=Ck_ZTyLrm1w,https://i.ytimg.com/vi/Ck_ZTyLrm1w/mqdefault.jpg
265a18972d244affae35711cfd1f9931,9372,🐙3.3萬慶祝+(假)4萬耐久🐙就是很日常 打掃工作 玩個遊戲 但有你在就會不一樣  #PLANET9商城 #PLANET9白夏電玩節【MiroLive/塔芭絲可】,2022-07-23T17:05:54Z,https://www.youtube.com/watch?v=CHVaheC50X8,https://i.ytimg.com/vi/CHVaheC50X8/mqdefault.jpg
4b6b055ada4d4f0ab63b7ad02a3fa3ef,9301,【#歌】マイクテストと録音前の声出し｜Rumi/懶貓子,2022-07-19T07:19:40Z,https://www.twitch.tv/videos/1536174393,https://static-cdn.jtvnw.net/cf_vods/d3vd9lfkzbru3h/bdab72862cbe55d341df_rumi0813_39500244551_1658215170//thumb/thumb0-%{width}x%{height}.jpg
5535c9524eb046c38e172ebfa06b302f,9259,🔴AR60 ASIA【#原神 / Genshin】3.0等不及啦! 下周要來海島馬拉松啦! 每週日滷肉幫到你家&健檢帳號! ▹璐洛洛◃,2022-07-24T10:58:08Z,https://www.twitch.tv/videos/1541249360,https://static-cdn.jtvnw.net/cf_vods/d3vd9lfkzbru3h/4a422dced03f0d624e84_ruroroisme_39513980183_1658660279//thumb/thumb0-%{width}x%{height}.jpg
7c06b9e316ce4ac18ce836cd72442bbe,9255,與北極星的遊樂園約會【七月生日曲預告】,2022-07-20T11:00:13Z,https://www.youtube.com/watch?v=iqLhdugK2pw,https://i.ytimg.com/vi/iqLhdugK2pw/mqdefault.jpg
f6a4e7aa8d0c4e5cb39d199845ec4d02,9226,"Rakuten esports cup ft.芦澤サキ,Restia",2022-07-23T08:57:09Z,https://www.twitch.tv/videos/1540227576,https://static-cdn.jtvnw.net/cf_vods/d3vd9lfkzbru3h/2dff7458b49df14c0689_vtuber_amiru_39511105831_1658566622//thumb/thumb0-%{width}x%{height}.jpg
04d2ff1dde6b4bb68503a734274f4b7e,9211,【情境式ASMR 2】🎧辛苦了一個星期，讓姊姊來幫你紓壓吧 !!,2022-07-16T03:09:52Z,https://www.youtube.com/watch?v=HiRKeaQbw2E,https://i.ytimg.com/vi/HiRKeaQbw2E/mqdefault.jpg
2741a90689f342548daad7f760b0a8f7,9196,【就挺突然的】練歌工作台！唱唱Aimer不太會的歌【希翁／Chion】,2022-07-14T19:35:52Z,https://www.youtube.com/watch?v=5_U4MkR7dNI,https://i.ytimg.com/vi/5_U4MkR7dNI/mqdefault.jpg
7c06b9e316ce4ac18ce836cd72442bbe,9180,想知道北極狐最愛吃甚麼嗎?! 臺中伴手禮伴隨你 ft.旅禾泡芙,2022-07-27T06:00:02Z,https://www.youtube.com/watch?v=3fo4mRXKZ00,https://i.ytimg.com/vi/3fo4mRXKZ00/mqdefault.jpg
1c5619a4ece046dd8ba68ed343489ca3,9176,【光、聽】真正搞基の吃雞遊戲💟極度BL太害羞了😊｜Vtuber｜(knightfall),2022-07-12T18:02:24Z,https://www.youtube.com/watch?v=Eb3ZmBhzBQs,https://i.ytimg.com/vi/Eb3ZmBhzBQs/mqdefault.jpg
664e1b310cf343b78623f99b31e40fae,9090,🔴LIVE《夜詛》GOHOME作者新作!【迪鹿DeluCat】,2022-07-12T16:13:32Z,https://www.youtube.com/watch?v=Vk0ctwzhQMQ,https://i.ytimg.com/vi/Vk0ctwzhQMQ/mqdefault.jpg
5535c9524eb046c38e172ebfa06b302f,9033,🔴AR60 ASIA【#原神 / Genshin】金蘋果群島開肝Part2! 一次解菲謝爾+莫娜秘境💦圖奇掛台2小時可領30原石! ▹璐洛洛◃,2022-07-26T09:56:16Z,https://www.twitch.tv/videos/1543157712,https://static-cdn.jtvnw.net/cf_vods/d3vd9lfkzbru3h/26107d398f92c08f396d_ruroroisme_39518909239_1658829367//thumb/thumb0-%{width}x%{height}.jpg
2be709cdd22f4a63a95504731ba79afd,9013,【tomocora初次聯動】該來驗證同箱之間的友情是不是塑膠了ft.烏庫魯尼魯、不夜皇【閻鈴YangLing・VTuber】,2022-07-04T14:30:29Z,https://www.youtube.com/watch?v=QDegzVyEkxI,https://i.ytimg.com/vi/QDegzVyEkxI/mqdefault.jpg
5535c9524eb046c38e172ebfa06b302f,8956,🔴【FF39-行前說明】新周邊介紹⭐簡短快速的聊聊天&分享這個月行程! ▹璐洛洛◃,2022-07-12T15:07:04Z,https://www.youtube.com/watch?v=CUQkPr-VMXI,https://i.ytimg.com/vi/CUQkPr-VMXI/mqdefault.jpg
f110fd69b66941bab04de9ada563c6ac,8936,【午間雜談】ASMR後的感謝&雜談｜偉大的幕後 ゆい老師＆MACHI老師【AoiHinamori​​​​】,2022-07-20T06:49:56Z,https://www.youtube.com/watch?v=bnNwUBCNIOw,https://i.ytimg.com/vi/bnNwUBCNIOw/mqdefault.jpg
7c06b9e316ce4ac18ce836cd72442bbe,8915,【誕生日大感謝】SC朗讀 & 生日回顧【浠Mizuki Birthday 2022】 !dc、!周邊、!斗內、!YT、!推特、!點歌,2022-07-23T16:30:38Z,https://www.twitch.tv/videos/1540484945,https://static-cdn.jtvnw.net/cf_vods/d3vd9lfkzbru3h/bddefbc1bcd075f8a0ed_mizukimilk723_39512156167_1658593831//thumb/thumb0-%{width}x%{height}.jpg
ea4c1a67c2e445ad8028768616ceb659,8866,【#hololiveERROR】HOLO恐怖遊戲完成版！我只是想看空媽的結局真的不愛玩恐怖遊戲啊！【洛可洛斯特 / VTUBER】,2022-07-20T16:00:50Z,https://www.youtube.com/watch?v=ZSNaavWCcsY,https://i.ytimg.com/vi/ZSNaavWCcsY/mqdefault.jpg
ae4eaef845fc4daaa8106a51a590e145,8818,【初配信】女☆神☆降☆臨☆！在此獻上你的忠誠！【史黛菈 埃蕾諾亞 / Stella Eleanor】,2022-07-07T14:38:18Z,https://www.youtube.com/watch?v=2-2nRIoB_B0,https://i.ytimg.com/vi/2-2nRIoB_B0/mqdefault.jpg
423dd7da92be47f4af7273c5f74efb27,8798,Fei. 累死  ·͜·♡ | !YT !VPN | 7/4,2022-07-04T02:04:48Z,https://www.twitch.tv/videos/1521800484,https://static-cdn.jtvnw.net/cf_vods/d3vd9lfkzbru3h/ab59aa44f7018f049de9_fei_z_39459887111_1656900278//thumb/thumb0-%{width}x%{height}.jpg
521fb650b9534787b19c8762957fb5d2,8763,【#瑪格麗特的茶會】睡吧 睡吧🌼瑪麗 一直都在【瑪格麗特Vtuber】#瑪格麗特溫特斯,2022-07-01T16:18:04Z,https://www.youtube.com/watch?v=GE9Ug22vwPo,https://i.ytimg.com/vi/GE9Ug22vwPo/mqdefault.jpg
6fb8c6dea7404638a9d78d4b0d84f64c,8746,【生日派對！】一年一度吃垮闆闆！開箱大家的生日禮物！【祈菈．貝希毛絲】,2022-07-06T17:53:48Z,https://www.youtube.com/watch?v=Lm-CGKAEClM,https://i.ytimg.com/vi/Lm-CGKAEClM/mqdefault.jpg
f18407d79b4b43ffa6adf629d1723a8f,8744,【ARK】在奶哥的ARK伺服器跟大家一起遊玩!【不夜皇FuyaSumeragi・VTuber】,2022-07-30T21:26:16Z,https://www.youtube.com/watch?v=UfS9Mx42r8w,https://i.ytimg.com/vi/UfS9Mx42r8w/mqdefault.jpg
423dd7da92be47f4af7273c5f74efb27,8726,Fei. 台中遊 Day2 ·͜·♡ !who | !YT !VPN | 7/2,2022-07-03T04:39:29Z,https://www.twitch.tv/videos/1520995711,https://static-cdn.jtvnw.net/cf_vods/d3vd9lfkzbru3h/1f20db1a2b81d6ac1678_fei_z_39457493655_1656823163//thumb/thumb0-%{width}x%{height}.jpg
f18407d79b4b43ffa6adf629d1723a8f,8662,【APEX】#3 教練...這季我想上大師!【不夜皇FuyaSumeragi・VTuber】,2022-07-27T16:18:00Z,https://www.youtube.com/watch?v=SMiCLnwQJec,https://i.ytimg.com/vi/SMiCLnwQJec/mqdefault.jpg
a8ce4642418b4fe8ba1471a32097f4c4,8593,【深夜小酒館】本公主的花式調酒與鳥鳥的手做料理 ! 不進來坐一下嗎 ? ft.阿爾姿【歐妲/惡獸時代】,2022-07-20T11:26:37Z,https://www.youtube.com/watch?v=6e2q7m_04b8,https://i.ytimg.com/vi/6e2q7m_04b8/mqdefault.jpg
ea4c1a67c2e445ad8028768616ceb659,8544,【SWITCH SPORTS！】🥞跟可愛的女孩子們的激烈碰撞！（物理）FT. 杏仁ミル、浠Mizuki、RUMI懶貓子【洛可洛斯特】,2022-07-12T14:59:37Z,https://www.youtube.com/watch?v=Z5f0h2Hhis8,https://i.ytimg.com/vi/Z5f0h2Hhis8/mqdefault.jpg
265a18972d244affae35711cfd1f9931,8514,🐙哄睡工作台🐙1到40000 那麼不可思議的旅程 謝謝有你 你真的很重要 【MiroLive/塔芭絲可】,2022-07-24T17:30:17Z,https://www.youtube.com/watch?v=vbPUv_uxQEc,https://i.ytimg.com/vi/vbPUv_uxQEc/mqdefault.jpg
1c5619a4ece046dd8ba68ed343489ca3,8493,【病嬌警告🚫】你愛我，只好綁你回家了。〈你的醫生是神經病、BL男性Vtuber聲優劇場、ASMR〉,2022-07-19T12:16:52Z,https://www.youtube.com/watch?v=cLoiZbAcM74,https://i.ytimg.com/vi/cLoiZbAcM74/mqdefault.jpg
658e63bebdca421ca934b0bf6aa2bcd8,8484,【教你三角函數 / 哄睡台】一睡覺就要苦茶伺候 ? 試圖學會基礎數學【灰妲 FT. 梓凜】#台灣Vtuber​​​ #reliveproject,2022-07-06T18:23:25Z,https://www.youtube.com/watch?v=Qv6Ieb8Sh74,https://i.ytimg.com/vi/Qv6Ieb8Sh74/mqdefault.jpg
ea4c1a67c2e445ad8028768616ceb659,8483,【抓娃娃時間！】とるものういママ！最喜歡的羽衣媽媽聯名的合作夾娃娃！希望三款筆座都可以抓到！【洛可洛斯特 / VTUBER】,2022-07-25T16:47:59Z,https://www.youtube.com/watch?v=aAJftsMnBfE,https://i.ytimg.com/vi/aAJftsMnBfE/mqdefault.jpg
01f26342ae4e419280bcfd6ec6e86db1,8469,【遊戲實況】賽博龐克石虎不是貓咪（Stray）【十五號．Vtuber】,2022-07-20T15:51:35Z,https://www.youtube.com/watch?v=dbyKmqIkEjE,https://i.ytimg.com/vi/dbyKmqIkEjE/mqdefault.jpg
9d9c6477329245cbb2557895f4f15686,8353,7/7 今晚7點一起參加77實況節˙吧！ (⁰▿⁰)♥,2022-07-07T09:15:31Z,https://www.twitch.tv/videos/1524810011,https://static-cdn.jtvnw.net/cf_vods/d3vd9lfkzbru3h/163a968091bb0a5821bb_iitifox_39468251127_1657185326//thumb/thumb0-%{width}x%{height}.jpg
590a2bca0051444fb98915e5d761d47c,8302,【AirLife】聊天喝酒吃飯 !DonDavid !新翻唱｜!精華 !六等星 ｜ #Vtype #小森未央,2022-07-23T13:33:44Z,https://www.twitch.tv/videos/1540362501,https://static-cdn.jtvnw.net/cf_vods/d3vd9lfkzbru3h/20b7bc99f1e43f1565b9_komorimio_39511761079_1658583219//thumb/thumb0-%{width}x%{height}.jpg
f5ff982730f54cd4826ff0530a4288c2,8291,🍜 【ロキ】歌ってみた丨Cover by【白湯丨弦戶帝丹】,2022-07-01T13:00:11Z,https://www.youtube.com/watch?v=EsTFtnQGLvI,https://i.ytimg.com/vi/EsTFtnQGLvI/mqdefault.jpg
98e3a5838fec4a6caa936ae35485de23,8283,【香香的福利？】六萬訂閱的互撩台詞回來啦🍻ft. 香魚【露恰露恰．Vtuber】,2022-07-23T09:32:23Z,https://www.youtube.com/watch?v=dvJGebbGaEY,https://i.ytimg.com/vi/dvJGebbGaEY/mqdefault.jpg
b42416c629e64c948f75aff4ff5c9a8a,8279,【minecraft1.19】聽說有個地底礦坑還沒有逛過！來去探險！,2022-07-02T10:41:03Z,https://www.youtube.com/watch?v=ongAbNvIKOw,https://i.ytimg.com/vi/ongAbNvIKOw/mqdefault.jpg
3809ec8a42634d11aa1b7b8f99755c6a,8245,【花花】7/28  邊玩邊畫(・∀・)つ ✤ !YT ✤ !委託 ✤ !月榜 ✤ !VPN,2022-07-28T01:47:58Z,https://www.twitch.tv/videos/1544897796,https://static-cdn.jtvnw.net/cf_vods/d3vd9lfkzbru3h/a2e1e0991cc92c502f0c_mayberuu_39523256407_1658972871//thumb/thumb0-%{width}x%{height}.jpg
9d9c6477329245cbb2557895f4f15686,8181,7/14 周末，加班台嗎？(⁰▿⁰)♥,2022-07-14T07:54:16Z,https://www.twitch.tv/videos/1531402959,https://static-cdn.jtvnw.net/cf_vods/d3vd9lfkzbru3h/33beec924215b75253fa_iitifox_39486359767_1657785250//thumb/thumb0-%{width}x%{height}.jpg
702c74978d8f4adab79f292cbecb49a4,8149,[原創PV] Ado / 踊 (Odo)┃Cover by 裴妮 Penny,2022-07-15T11:05:11Z,https://www.youtube.com/watch?v=AUm9SMiA0ks,https://i.ytimg.com/vi/AUm9SMiA0ks/mqdefault.jpg
1c5619a4ece046dd8ba68ed343489ca3,8134,李聽糖豆人💟嬌喘慎入❗能力越大，叫聲越大｜Vtuber｜,2022-07-05T15:30:25Z,https://www.youtube.com/watch?v=oUoE8em4tko,https://i.ytimg.com/vi/oUoE8em4tko/mqdefault.jpg
4b6b055ada4d4f0ab63b7ad02a3fa3ef,8134,【#麥當勞】新商品評価！！！！【突撃】｜Rumi/懶貓子,2022-07-29T03:57:04Z,https://www.youtube.com/watch?v=KgQ2zx_0zKE,https://i.ytimg.com/vi/KgQ2zx_0zKE/mqdefault.jpg
f18407d79b4b43ffa6adf629d1723a8f,8126,【APEX】#1 教練...這季我想上大師!（事故）【不夜皇FuyaSumeragi・VTuber】,2022-07-12T13:19:32Z,https://www.youtube.com/watch?v=fMb-_MTYUX8,https://i.ytimg.com/vi/fMb-_MTYUX8/mqdefault.jpg
5535c9524eb046c38e172ebfa06b302f,8093,🔴AR60 ASIA【#原神 / Genshin】金蘋果群島開肝! 不小心又變深夜台了😰圖奇掛台2小時可領30原石! ▹璐洛洛◃,2022-07-25T14:48:25Z,https://www.twitch.tv/videos/1542324455,https://static-cdn.jtvnw.net/cf_vods/d3vd9lfkzbru3h/77a693b519c332afc52d_ruroroisme_39517315927_1658760495//thumb/thumb0-%{width}x%{height}.jpg
9e64bba43928414884503de36f805c48,8092,7/10  |  6/19~7/10 生日加班台 !加班 !紋紋證交所 !股票 | !YT 不定時更新新片,2022-07-11T05:23:06Z,https://www.twitch.tv/videos/1528488422,https://static-cdn.jtvnw.net/cf_vods/d3vd9lfkzbru3h/b74bcdca84dab18ba343_wen620_39478281495_1657516981//thumb/thumb0-%{width}x%{height}.jpg
84a911e2b05f4919a32e0c1618e32a7d,8061,【好耶收益化】請給我黃金【光逸 幸 / Kouitu Sin】,2022-07-08T12:08:05Z,https://www.youtube.com/watch?v=43r16NEMPnE,https://i.ytimg.com/vi/43r16NEMPnE/mqdefault.jpg
84a911e2b05f4919a32e0c1618e32a7d,8048,【貼貼？】來啊互相爆料啊【光逸幸 with @繆・索緹絲 / Sotis Ch. 】,2022-07-16T14:47:18Z,https://www.youtube.com/watch?v=9_wRTngHqEQ,https://i.ytimg.com/vi/9_wRTngHqEQ/mqdefault.jpg
be6c475c291d45a0a7349abdb70be20d,8039,【GTA5實況】歡迎來到謝金宴會場！佩里克島搶劫,2022-07-25T16:52:55Z,https://www.youtube.com/watch?v=iuovxTdR5dY,https://i.ytimg.com/vi/iuovxTdR5dY/mqdefault.jpg
2e266a71aa3d4a67bb8d9a2a0b573319,8006,０７１４(四)  FF39倒數三天  | !YT !加班 !中秋活動 !七月活動 !魚幣比值 !FF39,2022-07-14T01:19:28Z,https://www.twitch.tv/videos/1531168416,https://static-cdn.jtvnw.net/cf_vods/d3vd9lfkzbru3h/5c5825029771c40a5163_ziifish_39485732423_1657761559//thumb/thumb0-%{width}x%{height}.jpg
1cfadb0d2e154a258c3177ff8264336f,8003,【17k訓覺耐久台】溫柔撫慰入唔到心儀大學的毒撚💘,2022-07-20T09:05:34Z,https://www.youtube.com/watch?v=NmHbaVYRRpg,https://i.ytimg.com/vi/NmHbaVYRRpg/mqdefault.jpg
a3ce195c0069494c99849d0b1a10a7fd,7996,【#棉花糖吃吃 EP11】放太久啦！挑戰今天能吃掉多少棉花糖！｜ #悠白 #Ubye,2022-07-18T16:15:40Z,https://www.youtube.com/watch?v=fMsb0kznedk,https://i.ytimg.com/vi/fMsb0kznedk/mqdefault.jpg
7c06b9e316ce4ac18ce836cd72442bbe,7980,【官方精華】在座各位都是通靈王？還是你們都穿OO胖次...【浠Mizuki Game】,2022-07-09T11:00:38Z,https://www.youtube.com/watch?v=yl8R43ahvgQ,https://i.ytimg.com/vi/yl8R43ahvgQ/mqdefault.jpg
01f26342ae4e419280bcfd6ec6e86db1,7970,【作業雜談】一次寫兩個禮拜的作業！【十五號．Vtuber】,2022-07-18T15:49:02Z,https://www.youtube.com/watch?v=eR71qlYSte4,https://i.ytimg.com/vi/eR71qlYSte4/mqdefault.jpg
5535c9524eb046c38e172ebfa06b302f,7967,【原神研究室】2.8海島幻境🍁萬葉篇▸10分鐘看完24個寶箱+1海螺全蒐集！ 3個分支幻境超濃縮懶人包！金蘋果群島Day2 - 『春景庭如舊』 ▹璐洛洛◃,2022-07-27T13:30:15Z,https://www.youtube.com/watch?v=1RDUdF9owFw,https://i.ytimg.com/vi/1RDUdF9owFw/mqdefault.jpg
48fd85a178c24579ac7d8f43f1e5bc39,7962,【COVER】花の唄 - Aimer by 原瀬空 Parase Sora,2022-07-05T12:00:12Z,https://www.youtube.com/watch?v=BP3SzJki9Ls,https://i.ytimg.com/vi/BP3SzJki9Ls/mqdefault.jpg
3197e5649c65405cbbe6e5f1a44cf8e1,7949,白月心宿30秒廣告,2022-07-01T06:55:34Z,https://www.youtube.com/watch?v=WM8uMRIbo-I,https://i.ytimg.com/vi/WM8uMRIbo-I/mqdefault.jpg
6c88799c6f45407faf0f9ea007b0dcab,7916,【健身環】 環啊！我用力的時候你可以安靜點嗎？《鷲峰良》,2022-07-23T15:25:19Z,https://www.youtube.com/watch?v=fuokrgwRmu8,https://i.ytimg.com/vi/fuokrgwRmu8/mqdefault.jpg
e17f42aa104040deae2ee3f3b1e85ed8,7901,【肉肉薔蒔】 0723 睡醒沒車車回家ㄌ><,2022-07-23T14:05:13Z,https://www.twitch.tv/videos/1540383379,https://static-cdn.jtvnw.net/cf_vods/d3vd9lfkzbru3h/7125bf045a6df4682ac6_aishakumo_39511850359_1658585107//thumb/thumb0-%{width}x%{height}.jpg
00ff650864404d0c9ce155ff4a82d804,7882,【影評｜康斯坦汀：驅魔神探 】續集之前先看懂這7個符號【Constantine】,2022-07-16T10:00:13Z,https://www.youtube.com/watch?v=_OqkDsS1EOY,https://i.ytimg.com/vi/_OqkDsS1EOY/mqdefault.jpg
8a4988902b5640e6ae1829285307c636,7843,【台北國際動漫展互動轉播】臨時起意來轉播！熊寶貝們集合～！詞窮的全部打屁屁！不尷尬大挑戰【歐貝爾．Vtuber】,2022-07-30T09:34:21Z,https://www.youtube.com/watch?v=Iml_2sqzuZg,https://i.ytimg.com/vi/Iml_2sqzuZg/mqdefault.jpg
ae4eaef845fc4daaa8106a51a590e145,7830,【姐姐組酒雜】臉紅心跳！？爆醉真心話大冒險【史黛菈埃蕾諾亞 / Stella Eleanor＆  @黑銀夜烏 / Karasu Ch.    &   @希翁 / Chion Ch.    】,2022-07-22T18:50:58Z,https://www.youtube.com/watch?v=VISUWrbEKaY,https://i.ytimg.com/vi/VISUWrbEKaY/mqdefault.jpg
1c2de2bbc8ec43c49a84e3b3e67c8ca9,7816,30秒認識莉莉!哭泣吧人類!,2022-07-06T11:45:01Z,https://www.youtube.com/watch?v=CE4HozYg8NY,https://i.ytimg.com/vi/CE4HozYg8NY/mqdefault.jpg
7a88afc5eb644d76b35ed4ca968259bb,7792,"🔴【ASMR/中文 】 哄 . . . 睡 . . . 嗎 . . .，第一次在YT直播！Fast Aloe based gel sticky Earmassage , , Ear Licking",2022-07-07T06:14:57Z,https://www.youtube.com/watch?v=xi_k1NkPmv8,https://i.ytimg.com/vi/xi_k1NkPmv8/mqdefault.jpg
49bb221fc77f440cae0c007a73f99aab,7787,【FF39特別企劃】和不夜與閻鈴一起來畫FF39的展場賀圖吧！ft. @不夜皇 Fuyasumeragi Ch. @閻鈴 YangLing Ch. 【烏庫魯尼魯UkuruNiru・VTuber】,2022-07-16T09:10:30Z,https://www.youtube.com/watch?v=BIB94zjCAJM,https://i.ytimg.com/vi/BIB94zjCAJM/mqdefault.jpg
9d9c6477329245cbb2557895f4f15686,7767,7/16 通宵 (´•.̫ • `),2022-07-16T16:01:56Z,https://www.twitch.tv/videos/1533586824,https://static-cdn.jtvnw.net/cf_vods/d3vd9lfkzbru3h/7f574506227919dfcf80_iitifox_39493556935_1657987309//thumb/thumb0-%{width}x%{height}.jpg
01f26342ae4e419280bcfd6ec6e86db1,7747,【遊戲實況】老婆貓背包包（Stray）【十五號．Vtuber】,2022-07-21T15:48:33Z,https://www.youtube.com/watch?v=lMGMPuc43nQ,https://i.ytimg.com/vi/lMGMPuc43nQ/mqdefault.jpg
265a18972d244affae35711cfd1f9931,7712,TAKOASMR:雜談向 天氣炎熱 邊工作邊一起吃冰棒吧 建議配戴耳機 鍵盤聲&口腔音❤keyboard & mouth sound❤【Mirolive/塔芭絲可】,2022-07-08T17:39:43Z,https://www.youtube.com/watch?v=nVZSkLU9q2o,https://i.ytimg.com/vi/nVZSkLU9q2o/mqdefault.jpg
4b6b055ada4d4f0ab63b7ad02a3fa3ef,7709,【#瑪利歐賽車8DX】比賽決勝戰！！！天才視点👀｜Rumi/懶貓子,2022-07-02T09:37:17Z,https://www.youtube.com/watch?v=MAnJF9bRNGg,https://i.ytimg.com/vi/MAnJF9bRNGg/mqdefault.jpg
9d9c6477329245cbb2557895f4f15686,7707,07/04 DC有新圖！！ (⁰▿⁰)♥,2022-07-04T08:12:05Z,https://www.twitch.tv/videos/1521982601,https://static-cdn.jtvnw.net/cf_vods/d3vd9lfkzbru3h/4ae777d2f7315d98e6fe_iitifox_39460479175_1656922318//thumb/thumb0-%{width}x%{height}.jpg
9d9c6477329245cbb2557895f4f15686,7701,7/10 晚上好！等等繼續鯊 (⁰▿⁰)♥,2022-07-11T08:21:00Z,https://www.twitch.tv/videos/1528552328,https://static-cdn.jtvnw.net/cf_vods/d3vd9lfkzbru3h/becb25e3a0a6d3f2f3d0_iitifox_39478611639_1657527653//thumb/thumb0-%{width}x%{height}.jpg
f6a4e7aa8d0c4e5cb39d199845ec4d02,7685,和悠白一起上刀山下火海🔥🔥🔥🔥【戰鬥方塊劇場】ep.5,2022-07-14T14:11:43Z,https://www.youtube.com/watch?v=qYojx8Mz004,https://i.ytimg.com/vi/qYojx8Mz004/mqdefault.jpg
22ca620b93c94e5cb48175bbecf8d3af,7651,女性有特權？連登仔厭女？由瑜伽導師案講垃圾連登仔嘅垃圾「女性特權」論 女性主義 女權主義：說仔說故事,2022-07-06T12:00:07Z,https://www.youtube.com/watch?v=Exw5_6dL7T4,https://i.ytimg.com/vi/Exw5_6dL7T4/mqdefault.jpg
f928118054aa4e11aa4ec88504d8b886,7626,【DD半年報】好久不見的企劃🦋！來看看這半年台V們的成長吧！【 #臺灣vtuber / #雲際線】,2022-07-17T10:48:05Z,https://www.youtube.com/watch?v=kXtn2FZrY6A,https://i.ytimg.com/vi/kXtn2FZrY6A/mqdefault.jpg
f6a4e7aa8d0c4e5cb39d199845ec4d02,7624,不眠症ですががんばります。えぺかじゅ！ft.伶さん、樋口裕太さん,2022-07-24T09:25:44Z,https://www.twitch.tv/videos/1541212307,https://static-cdn.jtvnw.net/cf_vods/d3vd9lfkzbru3h/c3773a50ffe7630e6f45_vtuber_amiru_39513756503_1658654739//thumb/thumb0-%{width}x%{height}.jpg
7c06b9e316ce4ac18ce836cd72442bbe,7622,【FF39出展確定】7/16-7/17台北花博爭豔館不見不散！【浠Mizuki】,2022-07-06T11:00:30Z,https://www.youtube.com/watch?v=WbTA_lLop7c,https://i.ytimg.com/vi/WbTA_lLop7c/mqdefault.jpg
ea4c1a67c2e445ad8028768616ceb659,7582,【艾莉卡上任一周年！】上任一周年的破直笛歌回？！好耶！【洛可洛斯特 / VTUBER】,2022-07-08T16:06:45Z,https://www.youtube.com/watch?v=hJurBaz7K0w,https://i.ytimg.com/vi/hJurBaz7K0w/mqdefault.jpg
f18407d79b4b43ffa6adf629d1723a8f,7558,【魔物獵人破曉 - MHSunbreak】一起打魔物！ft.尼魯、小優、くまさん【不夜皇FuyaSumeragi・VTuber】,2022-07-23T17:49:59Z,https://www.youtube.com/watch?v=ieCROZM95os,https://i.ytimg.com/vi/ieCROZM95os/mqdefault.jpg
9d9c6477329245cbb2557895f4f15686,7540,07/02 晚上八點一起玩迷你世界 !工商  (⁰▿⁰)♥,2022-07-02T07:54:38Z,https://www.twitch.tv/videos/1520167043,https://static-cdn.jtvnw.net/cf_vods/d3vd9lfkzbru3h/170e8bf87f167aa197c1_iitifox_39455103959_1656748473//thumb/thumb0-%{width}x%{height}.jpg
8d5345223f364c7d8cc7203ee0ffafd6,7521,用Google表單做成的密室逃脫解謎遊戲？！婆婆有足夠的智慧回家嗎？【撇嘴耳包前滾翻】,2022-07-12T13:50:05Z,https://www.youtube.com/watch?v=i5nCoQkc1vI,https://i.ytimg.com/vi/i5nCoQkc1vI/mqdefault.jpg
265a18972d244affae35711cfd1f9931,7506,🐙4萬耐久🐙讓我們突破天際!!一起衝過去 4萬達成後有好消息跟大家說 先健身環一下【MiroLive/塔芭絲可】,2022-07-24T10:32:36Z,https://www.youtube.com/watch?v=lpNuqY1MusA,https://i.ytimg.com/vi/lpNuqY1MusA/mqdefault.jpg
3809ec8a42634d11aa1b7b8f99755c6a,7502,【花花】7/23  (・∀・)つ ✤ !YT ✤ !委託 ✤ !月榜 ✤ !VPN,2022-07-23T12:05:21Z,https://www.twitch.tv/videos/1540309340,https://static-cdn.jtvnw.net/cf_vods/d3vd9lfkzbru3h/d37f7c5fa70b8ebc7410_mayberuu_39511495127_1658577915//thumb/thumb0-%{width}x%{height}.jpg
ea4c1a67c2e445ad8028768616ceb659,7486,【大富翁4】經典回歸VS.NPC！究竟能不能爆富就看這個了！【洛可洛斯特 / VTUBER】,2022-07-29T15:45:33Z,https://www.youtube.com/watch?v=50Li_JAuaR0,https://i.ytimg.com/vi/50Li_JAuaR0/mqdefault.jpg
9e64bba43928414884503de36f805c48,7459,7/1  |  6/19~7/1 生日加班台 !加班 !紋紋證交所 !股票 | !YT 不定時更新新片,2022-07-01T08:49:55Z,https://www.twitch.tv/videos/1519243067,https://static-cdn.jtvnw.net/cf_vods/d3vd9lfkzbru3h/57bef080ba88c45a3b4d_wen620_39452367735_1656665390//thumb/thumb0-%{width}x%{height}.jpg
494d2c5daf9f4a8a8e4538687e6be14c,7434,【FF39開箱】這麼多色色本本沒有問題嗎? 開箱姬友送兔姬的禮物!!! 【兔姬UsagiHime | 惡兔重工】,2022-07-20T17:12:04Z,https://www.youtube.com/watch?v=0MmTmLN6tU0,https://i.ytimg.com/vi/0MmTmLN6tU0/mqdefault.jpg
ea4c1a67c2e445ad8028768616ceb659,7434,【一周年開禮物PART3！】收到最後一批的禮物了！來開箱！【洛可洛斯特 / VTUBER】,2022-07-14T16:39:20Z,https://www.youtube.com/watch?v=eXioJf7i0_0,https://i.ytimg.com/vi/eXioJf7i0_0/mqdefault.jpg
e113ace92bbe445385bcc4635a9ca570,7433,【Surgeon Simulator 2】User說啊~⚡秘密的腦洞診察時間 ft. 祈菈、歐妲、阿爾姿,2022-07-14T17:11:19Z,https://www.youtube.com/watch?v=sCZCRKyUEWg,https://i.ytimg.com/vi/sCZCRKyUEWg/mqdefault.jpg
7c06b9e316ce4ac18ce836cd72442bbe,7421,【FF39回顧篇(上)】泡麵戰爭！！【浠Mizuki 官方精華】,2022-07-24T11:00:10Z,https://www.youtube.com/watch?v=JAuM6JgjRGw,https://i.ytimg.com/vi/JAuM6JgjRGw/mqdefault.jpg
4b6b055ada4d4f0ab63b7ad02a3fa3ef,7420,【#瑪利歐賽車8DX】第四天練習！｜Rumi/懶貓子,2022-07-01T09:33:16Z,https://www.youtube.com/watch?v=_TdGoLFWeJA,https://i.ytimg.com/vi/_TdGoLFWeJA/mqdefault.jpg
3809ec8a42634d11aa1b7b8f99755c6a,7393,【花花】7/12 早睡早起花✤ !YT ✤ !委託 ✤ !月榜,2022-07-12T02:02:43Z,https://www.twitch.tv/videos/1529292725,https://static-cdn.jtvnw.net/cf_vods/d3vd9lfkzbru3h/2a01fe1b9ebcbf7c7316_mayberuu_39480549831_1657591358//thumb/thumb0-%{width}x%{height}.jpg
4b6655120fbd4431a8f7894cac4a4d49,7372,ASMR 助眠 KU100｜100%療癒滿點的放鬆耳部按摩｜Ear picking Oil Massage｜オイルマッサージ 耳かき 吐息【Healing希靈/VTuber】,2022-07-30T16:44:42Z,https://www.youtube.com/watch?v=Yiq2VvtUx8w,https://i.ytimg.com/vi/Yiq2VvtUx8w/mqdefault.jpg
2741a90689f342548daad7f760b0a8f7,7371,【希翁歌回剪輯】?te壞特 - CAZZO,2022-07-09T01:32:08Z,https://www.youtube.com/watch?v=ZGXpLSOj7v0,https://i.ytimg.com/vi/ZGXpLSOj7v0/mqdefault.jpg
ba562aad440d483e988d3ce7e7217c94,7348,[貓宮香草] 7/21  今天有內定輪迴 掉寶 DROP     !DC,2022-07-21T05:05:25Z,https://www.twitch.tv/videos/1538136160,https://static-cdn.jtvnw.net/cf_vods/d3vd9lfkzbru3h/dbc762d900e04a250472_vanilla_shironeko_39505381943_1658379920//thumb/thumb0-%{width}x%{height}.jpg
494d2c5daf9f4a8a8e4538687e6be14c,7322,【兔姬精華】兔姬H圖大賽徵稿?! 頻道應該不會就這樣啪沒了? 各種情境劇可以吧姬友【兔姬UsagiHime | 惡兔重工】,2022-07-13T04:00:13Z,https://www.youtube.com/watch?v=f3ixNEIDav8,https://i.ytimg.com/vi/f3ixNEIDav8/mqdefault.jpg
a8ce4642418b4fe8ba1471a32097f4c4,7315,【Mario Kart 8 DX】牛比車快~比比看就知道了 ! Studio Sailing 瑪利歐賽車大賽 ! 【歐妲/惡獸時代】,2022-07-02T10:21:38Z,https://www.youtube.com/watch?v=gCEl_LLK32o,https://i.ytimg.com/vi/gCEl_LLK32o/mqdefault.jpg
17c335762a694402b8cb9a96b2865572,7314,主題雜談07 | 男性基礎化妝教學👾,2022-07-27T04:55:59Z,https://www.youtube.com/watch?v=_W2eFeoOxzI,https://i.ytimg.com/vi/_W2eFeoOxzI/mqdefault.jpg
9d9c6477329245cbb2557895f4f15686,7301,7/14 (⁰▿⁰)♥這周末，來加班台嗎？,2022-07-15T09:29:26Z,https://www.twitch.tv/videos/1532391286,https://static-cdn.jtvnw.net/cf_vods/d3vd9lfkzbru3h/8fabc93f91b37e448de6_iitifox_39489315207_1657877361//thumb/thumb0-%{width}x%{height}.jpg
49bb221fc77f440cae0c007a73f99aab,7296,【1萬訂耐久歌回】一邊玩我唱你猜，究竟能不能達成一萬訂呢！？【烏庫魯尼魯UkuruNiru・Vtuber】,2022-07-22T16:50:10Z,https://www.youtube.com/watch?v=JuqinBVspWA,https://i.ytimg.com/vi/JuqinBVspWA/mqdefault.jpg
6c88799c6f45407faf0f9ea007b0dcab,7292,【雜談】買個晚餐來純純的聊聊&近況閒聊《鷲峰良》,2022-07-09T17:04:22Z,https://www.youtube.com/watch?v=S0rtd_Ft_xw,https://i.ytimg.com/vi/S0rtd_Ft_xw/mqdefault.jpg
2741a90689f342548daad7f760b0a8f7,7238,【有人提到突發嗎】夏天到了！用可愛聲線開始現場演唱【希翁／Chion】,2022-07-20T08:58:46Z,https://www.youtube.com/watch?v=FRqSHG35X3s,https://i.ytimg.com/vi/FRqSHG35X3s/mqdefault.jpg
658e63bebdca421ca934b0bf6aa2bcd8,7203,【Gang Start：異世界極道傳說】原創國產 ! 不刷首抽的ME是一種相信動物屁屁的證明 !【灰妲 】#台灣Vtuber​​​ #ReliveProject,2022-07-02T19:57:09Z,https://www.youtube.com/watch?v=g7Xw6iLUMIY,https://i.ytimg.com/vi/g7Xw6iLUMIY/mqdefault.jpg
be6c475c291d45a0a7349abdb70be20d,7201,【GTA5實況】未來有機會得到這台車！犯罪企業 The Criminal Enterprises,2022-07-30T16:43:12Z,https://www.youtube.com/watch?v=Ztj_uhezGyA,https://i.ytimg.com/vi/Ztj_uhezGyA/mqdefault.jpg
04d2ff1dde6b4bb68503a734274f4b7e,7197,【情境式ASMR 3】🎧溫柔姊姊的全肯定耳語♡掏耳&按摩,2022-07-26T15:01:00Z,https://www.youtube.com/watch?v=up4MHHjcI-s,https://i.ytimg.com/vi/up4MHHjcI-s/mqdefault.jpg
664e1b310cf343b78623f99b31e40fae,7194,【ASMR】情境劇 / 海邊與傲嬌天使長女友🌊(試聽版)【迪鹿DeluCat】,2022-07-20T11:00:39Z,https://www.youtube.com/watch?v=qFGBzc-H08k,https://i.ytimg.com/vi/qFGBzc-H08k/mqdefault.jpg
98e3a5838fec4a6caa936ae35485de23,7184,【活動】2022漫畫博覽會現場互動，水獺顧攤囉！🍻【露恰露恰．Vtuber】,2022-07-31T08:03:05Z,https://www.youtube.com/watch?v=TntVlhFuWpM,https://i.ytimg.com/vi/TntVlhFuWpM/mqdefault.jpg
be6c475c291d45a0a7349abdb70be20d,7154,【GTA5實況】剛更新當然多玩一下！犯罪企業 The Criminal Enterprises,2022-07-29T16:29:27Z,https://www.youtube.com/watch?v=yPbZkdbqpA0,https://i.ytimg.com/vi/yPbZkdbqpA0/mqdefault.jpg
ea4c1a67c2e445ad8028768616ceb659,7147,【FF後雜談&棉花糖！】各位辛苦辣還有我出去玩辣！來吃吃棉花糖&聊天！還有給會員的抽獎時間！【洛可洛斯特 / VTUBER】,2022-07-19T17:05:42Z,https://www.youtube.com/watch?v=cv1rmaq1Pq0,https://i.ytimg.com/vi/cv1rmaq1Pq0/mqdefault.jpg
dee8efe8990e458c915e4f6a6a16b49f,7117,【冠宇之聲 #1】 冠宇們 展現你們的長才的時間到了 來唱歌給大家聽吧,2022-07-15T20:17:40Z,https://www.youtube.com/watch?v=wrAXzE6mZSI,https://i.ytimg.com/vi/wrAXzE6mZSI/mqdefault.jpg
ea4c1a67c2e445ad8028768616ceb659,7111,【三萬訂閱紀念的！】地獄轉盤台詞回！轉盤我拜託你了！要玩的看概要欄喔！【洛可洛斯特 / VTUBER】,2022-07-30T18:26:47Z,https://www.youtube.com/watch?v=Hk3ETwI5fLM,https://i.ytimg.com/vi/Hk3ETwI5fLM/mqdefault.jpg
265a18972d244affae35711cfd1f9931,7083,🐙更新聊天室規則🐙我以為我的脾氣還不錯 no 我是ㄐㄅ章魚【MiroLive/塔芭絲可 】,2022-07-12T14:51:35Z,https://www.youtube.com/watch?v=FjfsaXyif6Q,https://i.ytimg.com/vi/FjfsaXyif6Q/mqdefault.jpg
494d2c5daf9f4a8a8e4538687e6be14c,7082,【雜談】K子那本真的很多汁好看 | 感謝6萬 | 片後有超渡環節【兔姬UsagiHime | 惡兔重工】,2022-07-06T16:21:33Z,https://www.youtube.com/watch?v=9AI5noDe9QI,https://i.ytimg.com/vi/9AI5noDe9QI/mqdefault.jpg
265a18972d244affae35711cfd1f9931,7072,🐙健身環🐙運動一下 應該沒有要自虐斂財!!我要認真運動 我才不是效果器章魚【MiroLive/塔芭絲可 】,2022-07-10T15:35:33Z,https://www.youtube.com/watch?v=vv-_Oaqf_i0,https://i.ytimg.com/vi/vv-_Oaqf_i0/mqdefault.jpg
ba562aad440d483e988d3ce7e7217c94,7068,[貓宮香草] 7/30  打鬼貓   又破喉嚨了   !DC,2022-07-30T05:09:14Z,https://www.twitch.tv/videos/1547016620,https://static-cdn.jtvnw.net/cf_vods/d3vd9lfkzbru3h/2bd269d72910852f5671_vanilla_shironeko_39528915095_1659157749//thumb/thumb0-%{width}x%{height}.jpg
7081557634db487fa467b0bd2f939f66,7058,【10K CELEBRATION!!!!】BUG EATING AND KARAOKE STREAM!【🥃Collin Palladio/柯林•派🦌】#58,2022-07-01T14:29:31Z,https://www.youtube.com/watch?v=9heh35Rtssw,https://i.ytimg.com/vi/9heh35Rtssw/mqdefault.jpg
f6a4e7aa8d0c4e5cb39d199845ec4d02,7031,【Stray浪貓】失業後的咪嚕開始流浪PART.2,2022-07-22T11:52:00Z,https://www.youtube.com/watch?v=zSNxoQqqxKc,https://i.ytimg.com/vi/zSNxoQqqxKc/mqdefault.jpg
01f26342ae4e419280bcfd6ec6e86db1,7022,【活動】2022漫畫博覽會現場互動【十五號．Vtuber】,2022-07-30T05:55:20Z,https://www.youtube.com/watch?v=7Wvr8fcf5Sc,https://i.ytimg.com/vi/7Wvr8fcf5Sc/mqdefault.jpg
8b027d3a3f374c9c8398b6dd751e5018,7001,【原神】今天吃了泡菜豬肉鍋ヘ| ´ω｀ |ﾉ｜!工商 x !初配信 x !光劍 x !決鬥 x !內褲｜掛台換周邊月卡,2022-07-18T12:00:51Z,https://www.twitch.tv/videos/1535314863,https://static-cdn.jtvnw.net/cf_vods/d3vd9lfkzbru3h/33e2e99d81620518d029_lisheng_tw_39498355143_1658145641//thumb/thumb0-%{width}x%{height}.jpg
f5ff982730f54cd4826ff0530a4288c2,6993,🍜 【廚房模擬器】有得吃就不錯了！我煮什麼你就吃什麼！【白湯】,2022-07-06T15:03:36Z,https://www.youtube.com/watch?v=M60MWY9SbFA,https://i.ytimg.com/vi/M60MWY9SbFA/mqdefault.jpg
d1dd83b6e8a24df4b61f766cff45113c,6939,【闇影詩章】牌組分享➤史上最低能的牌組，無腦焰龍吼一聲即使對面架盾20血照樣秒殺！我又贏啦~🤭➧指定T３ RoG〈shadowverse/シャドウバース〉【台V/台灣Vtuber】,2022-07-06T13:39:42Z,https://www.youtube.com/watch?v=oFpfInrEZKI,https://i.ytimg.com/vi/oFpfInrEZKI/mqdefault.jpg
7a88afc5eb644d76b35ed4ca968259bb,6936,"【APEX💛ASMR】舔舔耳 , Ear Licking ！",2022-07-08T05:35:55Z,https://www.youtube.com/watch?v=Tpa7OGWRy0Y,https://i.ytimg.com/vi/Tpa7OGWRy0Y/mqdefault.jpg
01f26342ae4e419280bcfd6ec6e86db1,6882,【遊戲實況】交界都市！你們的指揮使回來啦！想我嗎？（永遠的7日：無盡開端）【十五號．Vtuber】,2022-07-10T17:00:03Z,https://www.youtube.com/watch?v=voTZTI_ZlGc,https://i.ytimg.com/vi/voTZTI_ZlGc/mqdefault.jpg
8a4988902b5640e6ae1829285307c636,6882,【ARK】好耶！三人行！歐蝦良今日沒有菈！在奶哥的伺服器大鬧一場！【歐貝爾．Vtuber】feat.快死掉的鵰&亂改人家名子的蝦,2022-07-20T16:48:07Z,https://www.youtube.com/watch?v=e_qFlSjK2rY,https://i.ytimg.com/vi/e_qFlSjK2rY/mqdefault.jpg
f5ff982730f54cd4826ff0530a4288c2,6851,🍜 【棉花糖】會不會吃到一半血糖過高送拉麵急診室【白湯】,2022-07-02T14:57:25Z,https://www.youtube.com/watch?v=Tx1y2-rrLRY,https://i.ytimg.com/vi/Tx1y2-rrLRY/mqdefault.jpg
7a88afc5eb644d76b35ed4ca968259bb,6849,[ Asmr💛Apex ] - 睡睡班 舔耳 / Ear Licking .,2022-07-24T04:40:00Z,https://www.youtube.com/watch?v=tlKZH2mgAVg,https://i.ytimg.com/vi/tlKZH2mgAVg/mqdefault.jpg
04d2ff1dde6b4bb68503a734274f4b7e,6846,今晚來夜烏姊姊的房間....我有話要跟你說唷♡,2022-07-18T16:07:51Z,https://www.youtube.com/watch?v=yX2ZRomUWQU,https://i.ytimg.com/vi/yX2ZRomUWQU/mqdefault.jpg
a3ce195c0069494c99849d0b1a10a7fd,6830,【#樹模擬器】觀眾參加場！一起來當快樂樹朋友！｜ #悠白 #Ubye #TreeSimulator2023,2022-07-03T14:41:58Z,https://www.youtube.com/watch?v=R9t0-TT7PX8,https://i.ytimg.com/vi/R9t0-TT7PX8/mqdefault.jpg
e7fd5d01e57c42658be2bf1e3ad5d696,6823,【出道前問卷結果發表！】此時的我們還不知道這終將成為黑歷史【@NKshoujo一期生初次全員連動】,2022-07-09T13:37:30Z,https://www.youtube.com/watch?v=JjpQd7bdWlE,https://i.ytimg.com/vi/JjpQd7bdWlE/mqdefault.jpg
e113ace92bbe445385bcc4635a9ca570,6806,【同步觀賞】新手入坑⚡平板少女也想了解特攝片,2022-07-25T17:56:17Z,https://www.youtube.com/watch?v=oRmmFU1Cn7w,https://i.ytimg.com/vi/oRmmFU1Cn7w/mqdefault.jpg
95de1fe6727944e68404aec425d09170,6806,【Monster Hunter Rise】魔物獵人唧跟銀鈴學姐一起獵龍&農素材的約會時間💙 可是有股貓車的預感【海唧/惡獸時代】【海唧/惡獸時代】,2022-07-09T09:05:35Z,https://www.youtube.com/watch?v=tF93CZ6Lji8,https://i.ytimg.com/vi/tF93CZ6Lji8/mqdefault.jpg
e113ace92bbe445385bcc4635a9ca570,6800,【Stray】浪跡天下⚡貓貓子闖江湖,2022-07-22T19:52:27Z,https://www.youtube.com/watch?v=irVpITWigA8,https://i.ytimg.com/vi/irVpITWigA8/mqdefault.jpg
c66b9a1fe8bf44e388e9452285e5421e,6794,《God knows...》KSP and Harpy / Song Cover ☜( •̀ ∀ •́ ” )☞,2022-07-01T13:00:17Z,https://www.youtube.com/watch?v=87k0jTgrkLw,https://i.ytimg.com/vi/87k0jTgrkLw/mqdefault.jpg
f5ff982730f54cd4826ff0530a4288c2,6780,🍜 【海綿寶寶迷因測驗】我不知道還要考試！我又沒有唸書！【白湯】,2022-07-09T15:15:31Z,https://www.youtube.com/watch?v=F0Jz4IDqT94,https://i.ytimg.com/vi/F0Jz4IDqT94/mqdefault.jpg
6c88799c6f45407faf0f9ea007b0dcab,6763,【雜談】 FF39行前周邊分享雜談/賽馬娘杯賽預賽  童叟無欺 價格漂亮!!《鷲峰良》,2022-07-14T15:18:39Z,https://www.youtube.com/watch?v=QK84JVDXmKw,https://i.ytimg.com/vi/QK84JVDXmKw/mqdefault.jpg
a02bb0332f5942ec892c932d6a089014,6758,所以我是cos八神還是八重神子？【貝莉莓】,2022-07-26T09:00:10Z,https://www.youtube.com/watch?v=OCm3cZ2nbeI,https://i.ytimg.com/vi/OCm3cZ2nbeI/mqdefault.jpg
5535c9524eb046c38e172ebfa06b302f,6747,【賽馬娘】🐴0711速報啦▸3★美浦波旁、SSR雙渦輪、SR大德大樹該抽嗎? 抽卡方向與卡片簡評! ▹璐洛洛◃,2022-07-12T13:30:16Z,https://www.youtube.com/watch?v=KkaUjU0Pobo,https://i.ytimg.com/vi/KkaUjU0Pobo/mqdefault.jpg
95de1fe6727944e68404aec425d09170,6744,【飲酒雜談】來一杯酒，整晚當一個屬於我的人可以嗎？如果喝多想睡了海唧會在你身邊的～【海唧/惡獸時代】,2022-07-08T17:30:38Z,https://www.youtube.com/watch?v=88lrcGzCL-w,https://i.ytimg.com/vi/88lrcGzCL-w/mqdefault.jpg
ba562aad440d483e988d3ce7e7217c94,6716,[貓宮香草] 7/29 大膽貓   !DC,2022-07-29T01:07:03Z,https://www.twitch.tv/videos/1545842646,https://static-cdn.jtvnw.net/cf_vods/d3vd9lfkzbru3h/e9ef7c492b7241e2c58b_vanilla_shironeko_39525814983_1659056818//thumb/thumb0-%{width}x%{height}.jpg
98e3a5838fec4a6caa936ae35485de23,6712,【獺光園地】上課囉！教教我們吧甩阿老師🍻ft. 海唧、祈菈【露恰露恰．Vtuber】,2022-07-20T16:44:04Z,https://www.youtube.com/watch?v=qqtzIVr9fSY,https://i.ytimg.com/vi/qqtzIVr9fSY/mqdefault.jpg
a3ce195c0069494c99849d0b1a10a7fd,6678,你知道這是什麼嗎？悠姊姊ver.,2022-07-25T11:25:40Z,https://www.youtube.com/watch?v=m_Yr6hZ5iIE,https://i.ytimg.com/vi/m_Yr6hZ5iIE/mqdefault.jpg
f6a4e7aa8d0c4e5cb39d199845ec4d02,6675,跟咪嚕一起去拯救世界吧！現在預約送懶貓子造型耶《幻塔》,2022-07-29T07:00:14Z,https://www.youtube.com/watch?v=oqNi_Mqay7M,https://i.ytimg.com/vi/oqNi_Mqay7M/mqdefault.jpg
658e63bebdca421ca934b0bf6aa2bcd8,6657,【深夜棉花糖】人生近看是悲劇，遠觀就是喜劇【灰妲 】#台灣Vtuber​​​ #reliveproject,2022-07-12T19:51:46Z,https://www.youtube.com/watch?v=5R1qi03PUV4,https://i.ytimg.com/vi/5R1qi03PUV4/mqdefault.jpg
95de1fe6727944e68404aec425d09170,6650,【開拓動漫祭FF39宣傳】跟海唧一起搶先看看FF39有什麼香香的本本！搶先公開的商品我荷包準備好了～【海唧/惡獸時代】,2022-07-14T14:24:37Z,https://www.youtube.com/watch?v=cdBNntbS-qk,https://i.ytimg.com/vi/cdBNntbS-qk/mqdefault.jpg
9e64bba43928414884503de36f805c48,6623,7/24  |  6/19~7/24 生日加班台 !加班 !紋紋證交所 !股票 !YT,2022-07-24T09:25:20Z,https://www.twitch.tv/videos/1541212160,https://static-cdn.jtvnw.net/cf_vods/d3vd9lfkzbru3h/32f2d892b9ad9f5bb351_wen620_39513755687_1658654715//thumb/thumb0-%{width}x%{height}.jpg
00ff650864404d0c9ce155ff4a82d804,6601,【影評｜少年吔，安啦！ 】1992年台灣被遺忘的絕佳黑幫電影【Dust of Angels】抽獎電影票！,2022-07-02T10:41:48Z,https://www.youtube.com/watch?v=JZYHigIi6Gg,https://i.ytimg.com/vi/JZYHigIi6Gg/mqdefault.jpg
1c5619a4ece046dd8ba68ed343489ca3,6597,【李聽】吃雞辣個男人回來啦❗今天可以把小哥哥Gay哭嗎💟｜Vtuber｜PUBG,2022-07-07T17:16:38Z,https://www.youtube.com/watch?v=BAScQBVnf30,https://i.ytimg.com/vi/BAScQBVnf30/mqdefault.jpg
e113ace92bbe445385bcc4635a9ca570,6563,【心事收容所】宵夜棉花糖⚡平平子的療天時間,2022-07-11T18:15:01Z,https://www.youtube.com/watch?v=Vvz71AV14mw,https://i.ytimg.com/vi/Vvz71AV14mw/mqdefault.jpg
ea4c1a67c2e445ad8028768616ceb659,6559,【HOLO曲歌回再來！】唱歌時間！今天會有之前沒唱過的曲子！另外有金孫抽獎時間！【洛可洛斯特 / VTUBER】,2022-07-23T08:09:45Z,https://www.youtube.com/watch?v=tuVT9efK2lQ,https://i.ytimg.com/vi/tuVT9efK2lQ/mqdefault.jpg
658e63bebdca421ca934b0bf6aa2bcd8,6543,【企劃亂談】關於一些企劃的想法和閒聊【灰妲 】#台灣Vtuber​​​ #reliveproject,2022-07-08T19:22:30Z,https://www.youtube.com/watch?v=3J_FYfg_NZ8,https://i.ytimg.com/vi/3J_FYfg_NZ8/mqdefault.jpg
664e1b310cf343b78623f99b31e40fae,6521,[meme] 迪鹿︰「嘿~ARA~ARA~」#shorts,2022-07-28T10:30:10Z,https://www.youtube.com/watch?v=l1b0cQO72z0,https://i.ytimg.com/vi/l1b0cQO72z0/mqdefault.jpg
98e3a5838fec4a6caa936ae35485de23,6510,【白貓Project】飛行島的你各位，準備好開唱了嗎🍻【露恰露恰．Vtuber】,2022-07-27T16:30:47Z,https://www.youtube.com/watch?v=K7aLpmQNT70,https://i.ytimg.com/vi/K7aLpmQNT70/mqdefault.jpg
f5ff982730f54cd4826ff0530a4288c2,6509,🍜 【會員開通紀念歌枠】好吃好玩，最高CP值的平價拉麵這邊請！【白湯】,2022-07-23T14:29:12Z,https://www.youtube.com/watch?v=7RJ7vhVF1rI,https://i.ytimg.com/vi/7RJ7vhVF1rI/mqdefault.jpg
95de1fe6727944e68404aec425d09170,6495,【Outlast】絕命精神病院之阿嬤我怕，快把那個燈打開！！@洛可洛斯特Loco Lost 【海唧/惡獸時代】,2022-07-15T14:32:35Z,https://www.youtube.com/watch?v=j9S71JRFiEk,https://i.ytimg.com/vi/j9S71JRFiEk/mqdefault.jpg
be6c475c291d45a0a7349abdb70be20d,6469,【GTA5實況】不搶金毛都不好意思了！佩里克島搶劫,2022-07-24T16:43:24Z,https://www.youtube.com/watch?v=qny5hAX91DM,https://i.ytimg.com/vi/qny5hAX91DM/mqdefault.jpg
9e351b7cdabd45c49c64074bc7d947ce,6463,【#嗚夫沃夫3D 預告】 久等了、嗚夫沃夫3D化演唱會！,2022-07-10T12:00:08Z,https://www.youtube.com/watch?v=u9Tj045-rS4,https://i.ytimg.com/vi/u9Tj045-rS4/mqdefault.jpg
664e1b310cf343b78623f99b31e40fae,6420,🔴LIVE《APEX》高濃度觀眾搗亂版 (觀眾可至Twitch觸發畫面互動),2022-07-17T15:31:39Z,https://www.youtube.com/watch?v=XUlOgjDQxWc,https://i.ytimg.com/vi/XUlOgjDQxWc/mqdefault.jpg
6c88799c6f45407faf0f9ea007b0dcab,6419,【開箱】盜版假面騎士W腰帶?!奇怪的記憶體增加啦!! Eternal E哥永恆之刃、CSM都不給的台詞記憶體 Ft.FF39收到的各種禮物《鷲峰良》,2022-07-30T15:57:06Z,https://www.youtube.com/watch?v=ijnbWWHgdh8,https://i.ytimg.com/vi/ijnbWWHgdh8/mqdefault.jpg
46388caf23e34f09b145fff0fa25b897,6415,Rewrite the Stars /飴谷薄荷ミント & @愛德爾•白雪 Eder Ch. 【Cover】,2022-07-22T13:00:12Z,https://www.youtube.com/watch?v=SadMJKyiJhU,https://i.ytimg.com/vi/SadMJKyiJhU/mqdefault.jpg
494d2c5daf9f4a8a8e4538687e6be14c,6398,【棉花糖】我吃! 我吃就是了...【兔姬UsagiHime | 惡兔重工】,2022-07-24T10:21:27Z,https://www.youtube.com/watch?v=GpZrEApLx8o,https://i.ytimg.com/vi/GpZrEApLx8o/mqdefault.jpg
e113ace92bbe445385bcc4635a9ca570,6398,【糖豆人 Fall Guys】免費仔出乃玩⚡平平子和User的深夜運動會！,2022-07-01T17:17:25Z,https://www.youtube.com/watch?v=JO7XdYTLXoY,https://i.ytimg.com/vi/JO7XdYTLXoY/mqdefault.jpg
9d9c6477329245cbb2557895f4f15686,6396,7/8 晚上八點迷你世界！ (⁰▿⁰)♥,2022-07-08T09:45:55Z,https://www.twitch.tv/videos/1525772603,https://static-cdn.jtvnw.net/cf_vods/d3vd9lfkzbru3h/8f6052e85db7c9444c09_iitifox_39470811143_1657273548//thumb/thumb0-%{width}x%{height}.jpg
01f26342ae4e419280bcfd6ec6e86db1,6355,【雜談】前幾天的SuperChat感謝【十五號．Vtuber】,2022-07-13T16:13:10Z,https://www.youtube.com/watch?v=HsegePMFMdI,https://i.ytimg.com/vi/HsegePMFMdI/mqdefault.jpg
b63a5ee44acf4498827a3fd984ab23e0,6351,「萬古生香」洛天依｜Cover by 蘆棠布奈,2022-07-13T11:30:11Z,https://www.youtube.com/watch?v=gLMyJQcrHxg,https://i.ytimg.com/vi/gLMyJQcrHxg/mqdefault.jpg
ee0763f3339d45b493bf45488a8e7701,6346,【梓芊🐰】| 7/18 小開小聊  ฅ●ω●ฅ   | !梓芊 !2周年  | 3千訂閱目標進行中 |,2022-07-18T00:32:34Z,https://www.twitch.tv/videos/1534962513,https://static-cdn.jtvnw.net/cf_vods/d3vd9lfkzbru3h/a788043571ecc6356e4b_pandora0407_39496951751_1658104347//thumb/thumb0-%{width}x%{height}.jpg
e73551cd98ec47388899522353fc89e3,6342,【決戰金曜日】鬼月應景！各種恐怖遊戲經驗談！Feat.柴豆古琳、鴨鴨山、可洛莉【KITSUNEKON】,2022-07-29T14:31:22Z,https://www.youtube.com/watch?v=oP-3VpdbrDo,https://i.ytimg.com/vi/oP-3VpdbrDo/mqdefault.jpg
3f4650e05ceb41008bd16869780b7af1,6338,【加班台】是生還是死！5000訂閱回饋 來自地獄的加班台開始！！DAY2 PART2,2022-07-26T17:58:21Z,https://www.youtube.com/watch?v=cwzS5crF8sc,https://i.ytimg.com/vi/cwzS5crF8sc/mqdefault.jpg
658e63bebdca421ca934b0bf6aa2bcd8,6335,【同步視聽:咒】Netflix同步視聽中 !  爆笑吐槽完全沒恐怖感QQ【灰妲 🦜】,2022-07-22T18:49:14Z,https://www.youtube.com/watch?v=74iHCHtgviw,https://i.ytimg.com/vi/74iHCHtgviw/mqdefault.jpg
04d2ff1dde6b4bb68503a734274f4b7e,6314,【情境式ASMR 1】🎧星期一你累了嗎？讓姊姊舒緩你的疲勞,2022-07-11T14:32:26Z,https://www.youtube.com/watch?v=KiHzEANfCsE,https://i.ytimg.com/vi/KiHzEANfCsE/mqdefault.jpg
265a18972d244affae35711cfd1f9931,6313,🐙2.9萬慶祝🐙新形態披露+歌回 今天努力要多台有多台 努力當辣妹【MiroLive/塔芭絲可】,2022-07-02T17:13:18Z,https://www.youtube.com/watch?v=2sU0lX4ZxtE,https://i.ytimg.com/vi/2sU0lX4ZxtE/mqdefault.jpg
936b23e5e87144108c5d3f09f194c8b8,6309,【蔥鴨 7/16】Give me your flashlight 🔦🔦🔦  (σﾟ∀ﾟ)σﾟ∀ﾟ)σﾟ∀ﾟ)σ  |   !初配信  |   !剪影  |   !IG  |   !推特  |   !棉花糖,2022-07-16T06:08:29Z,https://www.twitch.tv/videos/1533289905,https://static-cdn.jtvnw.net/cf_vods/d3vd9lfkzbru3h/c9729657bf346c2f727a_kamonegi1230_39491834375_1657951702//thumb/thumb0-%{width}x%{height}.jpg
1c5619a4ece046dd8ba68ed343489ca3,6298,【如何用女聲，成功撩小哥哥❓】台灣Vtuber絕地求生PUBG #shorts #shortsTW,2022-07-07T04:39:43Z,https://www.youtube.com/watch?v=GMrMkKgcQNI,https://i.ytimg.com/vi/GMrMkKgcQNI/mqdefault.jpg
1c5619a4ece046dd8ba68ed343489ca3,6281,【李聽】身為一個紳士❗是不可以嬌喘的💟｜Vtuber｜糖豆人,2022-07-08T17:05:57Z,https://www.youtube.com/watch?v=nYXI1HXQ78c,https://i.ytimg.com/vi/nYXI1HXQ78c/mqdefault.jpg
d1dd83b6e8a24df4b61f766cff45113c,6274,【闇影詩章】牌組分享➤GW上全新空降T1牌組，曾有人達到40連勝！？姐弟準時進來毀天滅地！➧指定T2↓ RoG〈shadowverse/シャドウバース〉【台V/台灣Vtuber】,2022-07-03T15:08:06Z,https://www.youtube.com/watch?v=pkT70tUfqFM,https://i.ytimg.com/vi/pkT70tUfqFM/mqdefault.jpg
2741a90689f342548daad7f760b0a8f7,6261,【minecraft1.19】（村民交易所未發生）但失去了所有【希翁／Chion】,2022-07-20T19:45:41Z,https://www.youtube.com/watch?v=hoiInHlajKQ,https://i.ytimg.com/vi/hoiInHlajKQ/mqdefault.jpg
a3ce195c0069494c99849d0b1a10a7fd,6239,【#旅U去 EP4】實地走訪＋Google地圖探路！聖斯德望主教座堂！ ｜ #悠白 #Ubye,2022-07-20T16:40:06Z,https://www.youtube.com/watch?v=54I45W3M5Ic,https://i.ytimg.com/vi/54I45W3M5Ic/mqdefault.jpg
f110fd69b66941bab04de9ada563c6ac,6236,【歌枠】這是我出道以來，跨出最大的一步【AoiHinamori】,2022-07-29T14:18:10Z,https://www.youtube.com/watch?v=TGtGeJYMa1k,https://i.ytimg.com/vi/TGtGeJYMa1k/mqdefault.jpg
ea4c1a67c2e445ad8028768616ceb659,6235,【Gang Start：異世界極道傳說】「有病制作」新作！不用拚臉黑抽卡？！話說這故事好多想吐槽的地方。【洛可洛斯特 / VTUBER】,2022-07-03T15:12:25Z,https://www.youtube.com/watch?v=aiq44Yffyw0,https://i.ytimg.com/vi/aiq44Yffyw0/mqdefault.jpg
c41044006a014ed28107f33221a7de98,6231,【CHAT】關於參加了配音這件事【AsaIfrit】 #asalive,2022-07-05T13:29:15Z,https://www.youtube.com/watch?v=0AdeLV7BWhk,https://i.ytimg.com/vi/0AdeLV7BWhk/mqdefault.jpg
6fb8c6dea7404638a9d78d4b0d84f64c,6225,【雜談】用榴芒水金金PIZZA挑逗味蕾！大家的感想是如何……？ ft. @Obear Ch. 歐貝爾  @蝦拉拉 Shalala @鷲峰良 - Washimineryo 【祈菈．貝希毛絲】,2022-07-16T14:28:42Z,https://www.youtube.com/watch?v=5lMnU0yf6Ok,https://i.ytimg.com/vi/5lMnU0yf6Ok/mqdefault.jpg
7a88afc5eb644d76b35ed4ca968259bb,6201,[ Asmr💛] -每周三固定的睡睡班 舔耳 / Ear Licking .,2022-07-27T16:43:08Z,https://www.youtube.com/watch?v=Qj-6N8XusKk,https://i.ytimg.com/vi/Qj-6N8XusKk/mqdefault.jpg
9e64bba43928414884503de36f805c48,6194,7/28 | 6/19~7/28 生日加班台 !加班 !紋紋證交所 !股票 !YT,2022-07-28T05:30:01Z,https://www.twitch.tv/videos/1545055879,https://static-cdn.jtvnw.net/cf_vods/d3vd9lfkzbru3h/a99db79f2f0e6e68fdd2_wen620_39523594983_1658986195//thumb/thumb0-%{width}x%{height}.jpg
a51be890a1f443ea87bee45c9d8acf13,6192,【Na J】喵 |  ^ↀᴥↀ^,2022-07-27T02:53:55Z,https://www.twitch.tv/videos/1543961108,https://static-cdn.jtvnw.net/cf_vods/d3vd9lfkzbru3h/d2fd6ab3adae41a6ab94_kankona0616_39520741319_1658890430//thumb/thumb0-%{width}x%{height}.jpg
f928118054aa4e11aa4ec88504d8b886,6189,【工作陪伴】還有一天明天就周末！虛擬同事陪你上班🦋！【 #臺灣vtuber / #雲際線】,2022-07-01T09:13:26Z,https://www.youtube.com/watch?v=tdjWzbnQeH4,https://i.ytimg.com/vi/tdjWzbnQeH4/mqdefault.jpg
2be709cdd22f4a63a95504731ba79afd,6173,【歌回】2000大感謝！今晚我想來點古風唱唱呀！！【閻鈴YangLing・VTuber】,2022-07-06T13:42:45Z,https://www.youtube.com/watch?v=ubsYG_ZFTdI,https://i.ytimg.com/vi/ubsYG_ZFTdI/mqdefault.jpg
4d738ca0bdee40e3b620f06ccc2dc987,6128,牙牙學語 【天晴Haruru】,2022-07-28T04:41:08Z,https://www.twitch.tv/videos/1545030533,https://static-cdn.jtvnw.net/cf_vods/d3vd9lfkzbru3h/ea4f63f807703e3a333d_tcharuru_39523509415_1658983260//thumb/thumb0-%{width}x%{height}.jpg
7c06b9e316ce4ac18ce836cd72442bbe,6124,【官方歌回剪輯】Part of Your World / 浠Mizuki (Jodi Benson from 小美人魚The Little Mermaid),2022-07-17T11:30:14Z,https://www.youtube.com/watch?v=PfafEg5gj7M,https://i.ytimg.com/vi/PfafEg5gj7M/mqdefault.jpg
ce2a2c07a74640fc8d3b39d022b16dd9,6117,Be Crazy for me｜96猫｜Covered by 名雪薇薇 #Vtuber #Becrazyforme #名雪薇薇 #台灣Vtuber,2022-07-10T10:00:11Z,https://www.youtube.com/watch?v=u2SRl_pCNek,https://i.ytimg.com/vi/u2SRl_pCNek/mqdefault.jpg
d1dd83b6e8a24df4b61f766cff45113c,6111,【闇影詩章】牌組分享➤新版本最強虹卡奧契絲降臨，傀儡軸完美型態，最後的關鍵斬殺到齊，！➧指定T2 RoG〈shadowverse/シャドウバース〉【台V/台灣Vtuber】,2022-07-05T13:36:13Z,https://www.youtube.com/watch?v=uJHqrLMnBXU,https://i.ytimg.com/vi/uJHqrLMnBXU/mqdefault.jpg
95de1fe6727944e68404aec425d09170,6089,【2022漫畫博覽會】💙現場互動這樣太刺激比遊戲還刺激！各位人類快來陪我！！💙【海唧/惡獸時代】,2022-07-30T07:05:53Z,https://www.youtube.com/watch?v=KfFUWSNr5u0,https://i.ytimg.com/vi/KfFUWSNr5u0/mqdefault.jpg
98e3a5838fec4a6caa936ae35485de23,6087,【深夜談】稍稍微地聊聊天🍻【露恰露恰．Vtuber】,2022-07-11T17:02:51Z,https://www.youtube.com/watch?v=egZuY7ntaGw,https://i.ytimg.com/vi/egZuY7ntaGw/mqdefault.jpg
7081557634db487fa467b0bd2f939f66,6083,【FNAF】There Is a Godarn Reason I Never Wanted to Play This Game【🥃Collin Palladio/柯林•派🦌】#66,2022-07-19T16:28:32Z,https://www.youtube.com/watch?v=oTOIL-fKcyk,https://i.ytimg.com/vi/oTOIL-fKcyk/mqdefault.jpg
e113ace92bbe445385bcc4635a9ca570,6082,【Apex 英雄】睡前不練習⚡對不起自己！,2022-07-17T19:46:51Z,https://www.youtube.com/watch?v=atTQ6oYAs8Y,https://i.ytimg.com/vi/atTQ6oYAs8Y/mqdefault.jpg
9d9c6477329245cbb2557895f4f15686,6072,7/20 !乙T 聊聊天 晚點ARK (•ᴥ•)♡,2022-07-20T11:47:58Z,https://www.twitch.tv/videos/1537292637,https://static-cdn.jtvnw.net/cf_vods/d3vd9lfkzbru3h/8940c860439c33fa061b_iitifox_39503602823_1658317671//thumb/thumb0-%{width}x%{height}.jpg
658e63bebdca421ca934b0bf6aa2bcd8,6061,【黑暗詭計 /恐遊】恐怖3D版小精靈 ! 驚聲尖叫不斷【灰妲】#台灣Vtuber​​​ #ReliveProject,2022-07-30T16:59:12Z,https://www.youtube.com/watch?v=64FSjJjeycw,https://i.ytimg.com/vi/64FSjJjeycw/mqdefault.jpg
01f26342ae4e419280bcfd6ec6e86db1,6044,【遊戲實況】糞Game試玩（Kuso Game Jam 2022）【十五號．Vtuber】,2022-07-02T15:58:03Z,https://www.youtube.com/watch?v=it_PBI9iVDA,https://i.ytimg.com/vi/it_PBI9iVDA/mqdefault.jpg
9e351b7cdabd45c49c64074bc7d947ce,6025,不請自來的訪客 The Uninvited │Call of Cthulhu TRPG│PL：悠白／兔姬／洛可‧洛斯特／貓祭　KP：嗚夫沃夫,2022-07-24T18:51:20Z,https://www.youtube.com/watch?v=HCZ13qtt2XU,https://i.ytimg.com/vi/HCZ13qtt2XU/mqdefault.jpg
423dd7da92be47f4af7273c5f74efb27,6019,Fei. 想一下要玩啥 ( ˙-˙ ) | !YT !VPN | 7/28,2022-07-28T04:28:25Z,https://www.twitch.tv/videos/1545023241,https://static-cdn.jtvnw.net/cf_vods/d3vd9lfkzbru3h/4261f81132c89218c2e4_fei_z_39523487815_1658982498//thumb/thumb0-%{width}x%{height}.jpg
d1dd83b6e8a24df4b61f766cff45113c,6004,【闇影詩章】牌組分享➤對上超越100%勝率✨快還要更快幫我撐過四個回合就帶你勝利！➧無限制 T3 RoG〈shadowverse/シャドウバース〉【台V/台灣Vtuber】,2022-07-20T14:55:23Z,https://www.youtube.com/watch?v=suhrTG6AdiU,https://i.ytimg.com/vi/suhrTG6AdiU/mqdefault.jpg
590a2bca0051444fb98915e5d761d47c,5994,【AirLife】solo 太久沒玩遊戲了 受不鳥了｜!精華 !六等星 ｜ #Vtype #小森未央,2022-07-19T04:02:56Z,https://www.twitch.tv/videos/1536082889,https://static-cdn.jtvnw.net/cf_vods/d3vd9lfkzbru3h/e68bed9e3ffc5d78fffa_komorimio_39499893927_1658203369//thumb/thumb0-%{width}x%{height}.jpg
658e63bebdca421ca934b0bf6aa2bcd8,5985,【怪談朗讀 / 鬼月企劃】鬼門開 是時候聽一些怪談了嗎...?【灰妲】#台灣Vtuber​​​ #ReliveProject,2022-07-29T18:41:47Z,https://www.youtube.com/watch?v=Ox2P__QbFYE,https://i.ytimg.com/vi/Ox2P__QbFYE/mqdefault.jpg
ba562aad440d483e988d3ce7e7217c94,5983,[貓宮香草] 7/5 人多來玩娛樂賽  抽送活動NP  !DC,2022-07-05T04:27:07Z,https://www.twitch.tv/videos/1522796831,https://static-cdn.jtvnw.net/cf_vods/d3vd9lfkzbru3h/f09f0aad63a25a38b23e_vanilla_shironeko_39462630103_1656995222//thumb/thumb0-%{width}x%{height}.jpg
265a18972d244affae35711cfd1f9931,5979,🐙How to 減肥🐙讓瘦了20公斤的成年章魚教教你 第一就是....【MiroLive/塔芭絲可 】,2022-07-11T15:25:27Z,https://www.youtube.com/watch?v=4x94YQd_5u0,https://i.ytimg.com/vi/4x94YQd_5u0/mqdefault.jpg
1c5619a4ece046dd8ba68ed343489ca3,5971,【糖豆人】跟尾巴一起吃雞💟兩受可以攜手過關嗎😊｜Vtuber｜,2022-07-14T15:45:03Z,https://www.youtube.com/watch?v=J9N-imqCC9Q,https://i.ytimg.com/vi/J9N-imqCC9Q/mqdefault.jpg
3be86a2a9cb447f393d235132e157789,5957,【Vtuber】晚安，讓我陪你入睡吧【深夜雜談 | 晚安台】#ACGlive #蕾兒,2022-07-27T23:31:06Z,https://www.youtube.com/watch?v=zU0UQUyj1Jo,https://i.ytimg.com/vi/zU0UQUyj1Jo/mqdefault.jpg
7081557634db487fa467b0bd2f939f66,5924,【REVIEW】Why They So Expensive!【🥃Collin Palladio/柯林•派🦌】#60,2022-07-05T14:49:59Z,https://www.youtube.com/watch?v=EjzXqrwcFcs,https://i.ytimg.com/vi/EjzXqrwcFcs/mqdefault.jpg
658e63bebdca421ca934b0bf6aa2bcd8,5918,【快問快答 / 企劃】快速回答大家的問題 否則就!?【灰妲 】#台灣Vtuber​​​ #ReliveProject,2022-07-01T16:36:01Z,https://www.youtube.com/watch?v=RT7G8RMKFy4,https://i.ytimg.com/vi/RT7G8RMKFy4/mqdefault.jpg
e113ace92bbe445385bcc4635a9ca570,5915,【現場見面會】2022漫畫博覽會⚡User讓平平子看看你們的臉吧！,2022-07-30T08:05:21Z,https://www.youtube.com/watch?v=0J-oIlbMdR4,https://i.ytimg.com/vi/0J-oIlbMdR4/mqdefault.jpg
c41044006a014ed28107f33221a7de98,5908,【VLOG】台灣Vtuber彰化兩日遊【AsaIfrit】#shorts #short,2022-07-17T04:30:14Z,https://www.youtube.com/watch?v=_ON3P2YTVds,https://i.ytimg.com/vi/_ON3P2YTVds/mqdefault.jpg
2741a90689f342548daad7f760b0a8f7,5905,【夜勤病棟】喝酒！！聊聊醫院ㄉ秘密【希翁／Chion】,2022-07-09T18:26:43Z,https://www.youtube.com/watch?v=mxh8jK5tUik,https://i.ytimg.com/vi/mxh8jK5tUik/mqdefault.jpg
ea4c1a67c2e445ad8028768616ceb659,5900,【與社長KUMA開WS HOLO卡！】SUPER EXPO 2022！30盒開箱！到底會抽到誰呢！？【洛可洛斯特 / VTUBER】FT. @社長Kuma,2022-07-09T13:33:29Z,https://www.youtube.com/watch?v=v6fDNUtcPgY,https://i.ytimg.com/vi/v6fDNUtcPgY/mqdefault.jpg
d1dd83b6e8a24df4b61f766cff45113c,5889,【闇影詩章】牌組分享➤狂亂吸血鬼榮耀回歸✨三倍的班比衣勾衣勾，淵厄統治者扛住了！！➧指定 T2 RoG〈shadowverse/シャドウバース〉【台V/台灣Vtuber】,2022-07-09T14:22:21Z,https://www.youtube.com/watch?v=WcvqYOfXFZE,https://i.ytimg.com/vi/WcvqYOfXFZE/mqdefault.jpg
f5ff982730f54cd4826ff0530a4288c2,5887,🍜 【開店安價】我當店長！一起打造麵屋母湯！【白湯】,2022-07-13T15:18:04Z,https://www.youtube.com/watch?v=J_V6YWd_FbM,https://i.ytimg.com/vi/J_V6YWd_FbM/mqdefault.jpg
01f26342ae4e419280bcfd6ec6e86db1,5873,【遊戲實況】七夕就是要貫徹愛與真實的邪惡！（現充滅絶吧！）【十五號．Vtuber】,2022-07-07T14:34:16Z,https://www.youtube.com/watch?v=BHFcV8KwoNQ,https://i.ytimg.com/vi/BHFcV8KwoNQ/mqdefault.jpg
ba562aad440d483e988d3ce7e7217c94,5862,[貓宮香草] 7/16  休閒假日     !DC,2022-07-16T05:06:21Z,https://www.twitch.tv/videos/1533257525,https://static-cdn.jtvnw.net/cf_vods/d3vd9lfkzbru3h/d9fda452a2a123fc1303_vanilla_shironeko_39491685639_1657947974//thumb/thumb0-%{width}x%{height}.jpg
01f26342ae4e419280bcfd6ec6e86db1,5836,【遊戲實況】外界者是一種邪惡外來種嗎？（Stray）【十五號．Vtuber】,2022-07-26T16:39:36Z,https://www.youtube.com/watch?v=1HSQSSlKc2w,https://i.ytimg.com/vi/1HSQSSlKc2w/mqdefault.jpg
575d15d21f7240e1ad72935bf7fa0465,5836,🍡【加班台#12】爆肝系回饋感謝｜8HR貼貼在一起 ♡ 剩餘八小時，加班加到底 ♡ 【夏羽由里/Vtuber】,2022-07-12T14:19:19Z,https://www.youtube.com/watch?v=KVn3f6embNE,https://i.ytimg.com/vi/KVn3f6embNE/mqdefault.jpg
3f4650e05ceb41008bd16869780b7af1,5818,【加班台】是生還是死！5000訂閱回饋 來自地獄的加班台開始！！DAY4 part2,2022-07-28T16:41:14Z,https://www.youtube.com/watch?v=k_ugZJSHCXQ,https://i.ytimg.com/vi/k_ugZJSHCXQ/mqdefault.jpg
a02bb0332f5942ec892c932d6a089014,5802,這到底是什麼心結大會！【貝莉莓】,2022-07-12T09:00:10Z,https://www.youtube.com/watch?v=DyfVsORvb3c,https://i.ytimg.com/vi/DyfVsORvb3c/mqdefault.jpg
e113ace92bbe445385bcc4635a9ca570,5767,【工商時間】工作時間到⚡User都去睡覺！,2022-07-15T20:13:03Z,https://www.youtube.com/watch?v=PgpHwSmc2bY,https://i.ytimg.com/vi/PgpHwSmc2bY/mqdefault.jpg
951dd0b605d04163b38de18262e9a438,5766,【Minecraft Building Game】誰是我們所有人之中的雷包呢:D   | YukiのSakura雪也櫻,2022-07-24T15:33:51Z,https://www.youtube.com/watch?v=l8GcmcPe0BI,https://i.ytimg.com/vi/l8GcmcPe0BI/mqdefault.jpg
423dd7da92be47f4af7273c5f74efb27,5764,Fei. .... Hi ( ˙-˙ ) | !YT !VPN | 7/25,2022-07-25T04:03:45Z,https://www.twitch.tv/videos/1542030547,https://static-cdn.jtvnw.net/cf_vods/d3vd9lfkzbru3h/9029352e25e66446f689_fei_z_39515712647_1658721818//thumb/thumb0-%{width}x%{height}.jpg
58abad4aa8de49efb785367503dfd92c,5748,【ASMR】喵娘零距離♡吸舔榨取疲勞感♡心音♡深入舔耳♡吐息| Deep Ear Licking |♡耳奥ぐりぐり耳舐め【桃野薔薇 | 香港Vtuber 台灣Vtuber】,2022-07-07T17:03:26Z,https://www.youtube.com/watch?v=4DAhMr6iBxE,https://i.ytimg.com/vi/4DAhMr6iBxE/mqdefault.jpg
1cfadb0d2e154a258c3177ff8264336f,5740,幹你娘塞爆,2022-07-25T12:00:12Z,https://www.youtube.com/watch?v=5EPed6aOjh8,https://i.ytimg.com/vi/5EPed6aOjh8/mqdefault.jpg
7081557634db487fa467b0bd2f939f66,5720,【PIEN】🥺🥺🥺🥺【🥃Collin Palladio/柯林•派🦌】#65,2022-07-17T15:14:05Z,https://www.youtube.com/watch?v=pjA55TcYSDY,https://i.ytimg.com/vi/pjA55TcYSDY/mqdefault.jpg
8a4988902b5640e6ae1829285307c636,5705,【雜談】有點沒睡飽的隊長來襲！！聊聊昨天的新衣裝發表，還有努力不睡著！【歐貝爾．Vtuber】,2022-07-14T10:04:43Z,https://www.youtube.com/watch?v=wXK-_gNqo9s,https://i.ytimg.com/vi/wXK-_gNqo9s/mqdefault.jpg
3f4650e05ceb41008bd16869780b7af1,5696,【加班台】是生還是死！5000訂閱回饋 來自地獄的加班台開始！！DAY3 PART2,2022-07-27T16:02:26Z,https://www.youtube.com/watch?v=Owk04zXExzQ,https://i.ytimg.com/vi/Owk04zXExzQ/mqdefault.jpg
1b63d89e0b1a4b579de6d99e25eaff8f,5693,【貓祭】用觀眾的陽壽抽卡是否搞錯了什麼？※超級新手訓練師，可能會中風 #賽馬娘  #Vtuber #貓祭,2022-07-05T00:28:40Z,https://www.youtube.com/watch?v=wjngi48XiwI,https://i.ytimg.com/vi/wjngi48XiwI/mqdefault.jpg
7081557634db487fa467b0bd2f939f66,5680,【ASMR】Little Bit of Service and Some Heart to Heart Talk【🥃Collin Palladio/柯林•派🦌】#61,2022-07-08T14:20:45Z,https://www.youtube.com/watch?v=4zyYJZMCaO8,https://i.ytimg.com/vi/4zyYJZMCaO8/mqdefault.jpg
e113ace92bbe445385bcc4635a9ca570,5658,【籠中窺夢 Moncage】平平食夢貘⚡User快去作夢給平平子偷偷看一下！,2022-07-16T20:34:45Z,https://www.youtube.com/watch?v=HkqgAkeJbgM,https://i.ytimg.com/vi/HkqgAkeJbgM/mqdefault.jpg
be6c475c291d45a0a7349abdb70be20d,5658,【GTA5實況】獨立日！活動你領了沒？,2022-07-01T16:26:10Z,https://www.youtube.com/watch?v=zPWEwsNmZXU,https://i.ytimg.com/vi/zPWEwsNmZXU/mqdefault.jpg
b126053a1356460ebf85a874a6a55aca,5658,不給通堅除罪化，這鍋余正煌不背！｜柯建銘急瘋了，張口亂咬救愛徒！ 🍓20220727　#高雄林小姐 #Vtuber​​​​ #台灣Vtuber​​​ #台V​​,2022-07-27T13:07:20Z,https://www.youtube.com/watch?v=Mh8AKXEhbNQ,https://i.ytimg.com/vi/Mh8AKXEhbNQ/mqdefault.jpg
423dd7da92be47f4af7273c5f74efb27,5654,Fei. O...O | !YT !VPN | 7/5,2022-07-05T03:48:01Z,https://www.twitch.tv/videos/1522775043,https://static-cdn.jtvnw.net/cf_vods/d3vd9lfkzbru3h/5d5252fcd99a7730fb15_fei_z_39462571175_1656992871//thumb/thumb0-%{width}x%{height}.jpg
98e3a5838fec4a6caa936ae35485de23,5644,【深夜談】不講武德的開箱，水獺家新成員🍻【露恰露恰．Vtuber】,2022-07-02T19:49:20Z,https://www.youtube.com/watch?v=uTGu8k0zc5I,https://i.ytimg.com/vi/uTGu8k0zc5I/mqdefault.jpg
f110fd69b66941bab04de9ada563c6ac,5641,【午間雜談】開箱小莓周邊｜沒錯！簡稱迷妹開箱佐雜談！※尖叫聲注意‬【AoiHinamori​​​​】,2022-07-22T09:35:29Z,https://www.youtube.com/watch?v=H8AHSZq4i9k,https://i.ytimg.com/vi/H8AHSZq4i9k/mqdefault.jpg
95de1fe6727944e68404aec425d09170,5606,【台詞回】感情戲爆發海獸，會不會有怪怪的台詞出現呢！？海蘿、海姐、海哥~どち？【海唧/惡獸時代】,2022-07-18T13:57:29Z,https://www.youtube.com/watch?v=xgwxsUxd67A,https://i.ytimg.com/vi/xgwxsUxd67A/mqdefault.jpg
95de1fe6727944e68404aec425d09170,5602,【美食挑戰】麥當勞微牽絲起司排雙牛堡！看海哥咬一口可以拉多長？【海唧/惡獸時代】,2022-07-07T14:22:12Z,https://www.youtube.com/watch?v=lP-JoTGXmis,https://i.ytimg.com/vi/lP-JoTGXmis/mqdefault.jpg
265a18972d244affae35711cfd1f9931,5592,🐙哄睡工作台🐙HI 只是有點累了 但需要工作  可以跟我貼貼讓我充電嗎 【MiroLive/塔芭絲可】,2022-07-04T18:11:56Z,https://www.youtube.com/watch?v=wttv8STalis,https://i.ytimg.com/vi/wttv8STalis/mqdefault.jpg
9d9c6477329245cbb2557895f4f15686,5585,07/01 今晚八點 需要支援！(⁰▿⁰)♥,2022-07-01T11:07:26Z,https://www.twitch.tv/videos/1519294122,https://static-cdn.jtvnw.net/cf_vods/d3vd9lfkzbru3h/2ee0c8067bec09a865bc_iitifox_39452698999_1656673639//thumb/thumb0-%{width}x%{height}.jpg
e113ace92bbe445385bcc4635a9ca570,5580,【Nintendo Switch 運動】不健康的平板養養身⚡睡前運動是否搞錯了什麼？,2022-07-09T18:24:35Z,https://www.youtube.com/watch?v=Hjl2iX0a2Cs,https://i.ytimg.com/vi/Hjl2iX0a2Cs/mqdefault.jpg
4b6b055ada4d4f0ab63b7ad02a3fa3ef,5543,【#勇者鬥惡龍Ⅲ】#７ 新地開拓的路！！！｜Rumi/懶貓子,2022-07-05T13:29:33Z,https://www.youtube.com/watch?v=Z1ZUpD6EVNs,https://i.ytimg.com/vi/Z1ZUpD6EVNs/mqdefault.jpg
3809ec8a42634d11aa1b7b8f99755c6a,5540,【花花】7/13 晚點A ✤ !YT ✤ !委託 ✤ !月榜,2022-07-13T10:15:00Z,https://www.twitch.tv/videos/1530493277,https://static-cdn.jtvnw.net/cf_vods/d3vd9lfkzbru3h/cf1fe04b4747322ec4c3_mayberuu_39484025175_1657707294//thumb/thumb0-%{width}x%{height}.jpg
fd6a0236861940389e15ef85b16c6069,5539,【休息一會，晚上Twitch活動】744小時倒數減班挑戰 - ̗̀♡ ̖́- | !減班 !七月活動 | 7/7 | 烟花,2022-07-07T08:40:29Z,https://www.twitch.tv/videos/1524797797,https://static-cdn.jtvnw.net/cf_vods/d3vd9lfkzbru3h/d72ea939c165e914c6f2_hennie2001_39468178407_1657183221//thumb/thumb0-%{width}x%{height}.jpg
3f4650e05ceb41008bd16869780b7af1,5537,【加班台】是生還是死！5000訂閱回饋 來自地獄的加班台開始！！,2022-07-25T18:46:44Z,https://www.youtube.com/watch?v=4YdNkFw1gpI,https://i.ytimg.com/vi/4YdNkFw1gpI/mqdefault.jpg
d1dd83b6e8a24df4b61f766cff45113c,5533,【闇影詩章】牌組分享➤天曜盾甲拿劍轉世✨用減價拉出提前無敵，穩穩地用體質輾過！➧指定 T3 RoG〈shadowverse/シャドウバース〉【台V/台灣Vtuber】,2022-07-17T13:22:56Z,https://www.youtube.com/watch?v=yoas_GYYqHk,https://i.ytimg.com/vi/yoas_GYYqHk/mqdefault.jpg
ea4c1a67c2e445ad8028768616ceb659,5529,【期間限定洛克營業中！】四個月沒回來的辣個男人回來開店了！？【洛可洛斯特 / VTUBER】,2022-07-16T16:15:43Z,https://www.youtube.com/watch?v=8brk9he66YQ,https://i.ytimg.com/vi/8brk9he66YQ/mqdefault.jpg
e113ace92bbe445385bcc4635a9ca570,5521,【Animal Shelter】瀕臨絕種團的新家？⚡平平子想當動物好朋友,2022-07-06T19:25:51Z,https://www.youtube.com/watch?v=AlvF6A7EtV4,https://i.ytimg.com/vi/AlvF6A7EtV4/mqdefault.jpg
7a88afc5eb644d76b35ed4ca968259bb,5517,"【ASMR💛突發】哄睡 sleep ! 掏耳、梵天包覆、睡眠導入用 , Ear Cleaning.Ear Blowing .",2022-07-16T06:25:13Z,https://www.youtube.com/watch?v=5q6L1_q_A8M,https://i.ytimg.com/vi/5q6L1_q_A8M/mqdefault.jpg
3809ec8a42634d11aa1b7b8f99755c6a,5513,【花花】7/2 魔鬼畫圖班 不死不休 ✤ 訂閱就可申請 !VPN ✤ !YT ✤ !委託 ✤ !月榜,2022-07-02T04:45:45Z,https://www.twitch.tv/videos/1520082317,https://static-cdn.jtvnw.net/cf_vods/d3vd9lfkzbru3h/f966ac5f76a3ed3d9e07_mayberuu_39454677207_1656737140//thumb/thumb0-%{width}x%{height}.jpg
658e63bebdca421ca934b0bf6aa2bcd8,5508,【深夜棉花糖】若不會哭泣 我們與機器人有什麼兩樣?【灰妲 】#台灣Vtuber​​​ #reliveproject,2022-07-09T18:45:50Z,https://www.youtube.com/watch?v=jXVcgXX76c0,https://i.ytimg.com/vi/jXVcgXX76c0/mqdefault.jpg
ba59bb31bbcd4cf3a481c4cf72918fb0,5497,【初配信】只是普通的...熊貓飼養員～！【甘米】,2022-07-08T15:57:35Z,https://www.youtube.com/watch?v=-r5jtdmx_SY,https://i.ytimg.com/vi/-r5jtdmx_SY/mqdefault.jpg
ae4eaef845fc4daaa8106a51a590e145,5489,【貓咪大戰爭7週年】史黛菈 埃蕾諾亞 7/7初配信預告版,2022-07-04T10:00:35Z,https://www.youtube.com/watch?v=xbaydj9UJcA,https://i.ytimg.com/vi/xbaydj9UJcA/mqdefault.jpg
a02bb0332f5942ec892c932d6a089014,5477,牠的龍擊槍一點用都沒有啊！是不是想被我三杯！【貝莉莓】,2022-07-29T10:30:01Z,https://www.youtube.com/watch?v=46WqShpxs9I,https://i.ytimg.com/vi/46WqShpxs9I/mqdefault.jpg
494d2c5daf9f4a8a8e4538687e6be14c,5459,【兔姬精華】你的洗頭小兔已上線! 公道價可以吧【兔姬UsagiHime | 惡兔重工】,2022-07-07T04:00:12Z,https://www.youtube.com/watch?v=o_7HNP08Y98,https://i.ytimg.com/vi/o_7HNP08Y98/mqdefault.jpg
265a18972d244affae35711cfd1f9931,5444,🐙FF39+新家雜談🐙我回家了!!!!!快觸手們!!該過來了!!【MiroLive/塔芭絲可】,2022-07-21T13:32:43Z,https://www.youtube.com/watch?v=s_wtYTSH_NU,https://i.ytimg.com/vi/s_wtYTSH_NU/mqdefault.jpg
f5ff982730f54cd4826ff0530a4288c2,5432,🍜【官方好料】我沒有在工商!!迷因雜談笑到差點往生 丨直播精華【白湯】,2022-07-05T10:00:12Z,https://www.youtube.com/watch?v=OGI5xJI6U2s,https://i.ytimg.com/vi/OGI5xJI6U2s/mqdefault.jpg
95de1fe6727944e68404aec425d09170,5416,【美食挑戰】肯德基爆漿榴槤球！等我吃完看誰還敢要親親【海唧/惡獸時代】,2022-07-01T14:03:55Z,https://www.youtube.com/watch?v=r2lNDVBrNZs,https://i.ytimg.com/vi/r2lNDVBrNZs/mqdefault.jpg
e113ace92bbe445385bcc4635a9ca570,5396,【突擊檢查】不睡覺的User在想什麼？⚡輕聲細語的聊天時間,2022-07-20T19:27:02Z,https://www.youtube.com/watch?v=0BnjjZXnPMc,https://i.ytimg.com/vi/0BnjjZXnPMc/mqdefault.jpg
626750f4e7a745619c171c44fb1efcc0,5392,黃金船育成教學!配卡/配點/覺醒 賽馬娘Pretty Derby  #13【天使Vtuber小雪Yukichan】,2022-07-21T08:00:15Z,https://www.youtube.com/watch?v=CTI7Li5qlnE,https://i.ytimg.com/vi/CTI7Li5qlnE/mqdefault.jpg
494d2c5daf9f4a8a8e4538687e6be14c,5389,【兔姬精華】兔姬躺在床上，鳴人又出任務了，今天一個人在家...這什麼到底什麼棉花糖喔齁齁齁齁齁齁【兔姬UsagiHime | 惡兔重工】,2022-07-22T04:00:13Z,https://www.youtube.com/watch?v=eUuOR95VnEA,https://i.ytimg.com/vi/eUuOR95VnEA/mqdefault.jpg
f6a4e7aa8d0c4e5cb39d199845ec4d02,5380,適当てきとー,2022-07-24T06:39:19Z,https://www.twitch.tv/videos/1541146942,https://static-cdn.jtvnw.net/cf_vods/d3vd9lfkzbru3h/0d85137e2052b6f2fa5d_vtuber_amiru_39513360839_1658644752//thumb/thumb0-%{width}x%{height}.jpg
3197e5649c65405cbbe6e5f1a44cf8e1,5379,【歌回】5000訂❗耐久KTV❗❗唱到燒聲📢會唱什麼唱什麼🤍【白月心宿】,2022-07-27T17:40:27Z,https://www.youtube.com/watch?v=FssR36dj_4Q,https://i.ytimg.com/vi/FssR36dj_4Q/mqdefault.jpg
9d9c6477329245cbb2557895f4f15686,5375,7/10 唉呀睡鼠了 (⁰▿⁰)♥,2022-07-10T03:26:06Z,https://www.twitch.tv/videos/1527486148,https://static-cdn.jtvnw.net/cf_vods/d3vd9lfkzbru3h/f2529f90a0c1535a75d5_iitifox_39475527591_1657423558//thumb/thumb0-%{width}x%{height}.jpg
f110fd69b66941bab04de9ada563c6ac,5374,【６月份SC感謝簽名】這個月誠意滿滿！！！全新樣貌公開＋全新改版簽名【AoiHinamori】,2022-07-02T23:44:01Z,https://www.youtube.com/watch?v=UemxmgG5HE0,https://i.ytimg.com/vi/UemxmgG5HE0/mqdefault.jpg
423dd7da92be47f4af7273c5f74efb27,5370,Fei. 重大...告 !電腦 | !YT !VPN | 7/12,2022-07-15T06:04:44Z,https://www.twitch.tv/videos/1532317756,https://static-cdn.jtvnw.net/cf_vods/d3vd9lfkzbru3h/959584a2c238901fc180_fei_z_39488882343_1657865077//thumb/thumb0-%{width}x%{height}.jpg
265a18972d244affae35711cfd1f9931,5367,🐙知育菓子手作🐙讓女僕Tako來 做神奇的料理給各位吧!!【MiroLive/塔芭絲可 】,2022-07-09T12:38:23Z,https://www.youtube.com/watch?v=v5gUjZBfx2I,https://i.ytimg.com/vi/v5gUjZBfx2I/mqdefault.jpg
658e63bebdca421ca934b0bf6aa2bcd8,5310,【即興企劃】你有free style 嗎? 來看看後輩的即興能力 !【灰妲 FT. @ReLive_安提·萊特 AntiLight 】#PLANET9白夏電玩節,2022-07-21T18:59:27Z,https://www.youtube.com/watch?v=FQ8HfYKJzhE,https://i.ytimg.com/vi/FQ8HfYKJzhE/mqdefault.jpg
67d6807619064938a78832b4106de5c0,5303,【恐鬼症】異界冒險團與阿神一起勇闖鬼屋！我們可以成功抓到鬼嗎？（橙米）ft.阿神、予樂樂、白海キキ,2022-07-02T13:39:08Z,https://www.youtube.com/watch?v=E8kE8DE5xWc,https://i.ytimg.com/vi/E8kE8DE5xWc/mqdefault.jpg
b42416c629e64c948f75aff4ff5c9a8a,5303,【minecraft1.19】耶！閒聊＋整修三日月湖畔！｜伊甸飲酒,2022-07-16T14:10:04Z,https://www.youtube.com/watch?v=QNLWmNa-e8s,https://i.ytimg.com/vi/QNLWmNa-e8s/mqdefault.jpg
9d9c6477329245cbb2557895f4f15686,5295,7/12 嗨嗨一要來點草莓嗎 (⁰▿⁰)♥,2022-07-12T14:25:54Z,https://www.twitch.tv/videos/1529660664,https://static-cdn.jtvnw.net/cf_vods/d3vd9lfkzbru3h/1dd9d477f5225e042f2c_iitifox_39482279351_1657635949//thumb/thumb0-%{width}x%{height}.jpg
575d15d21f7240e1ad72935bf7fa0465,5291,🍡【加班台#10】最後一集...應該？｜12HR貼貼在一起 ♡ 今天直接加班加到底的啦 ♡ 【夏羽由里/Vtuber】,2022-07-11T14:18:34Z,https://www.youtube.com/watch?v=vdNryUNVSj4,https://i.ytimg.com/vi/vdNryUNVSj4/mqdefault.jpg
6c88799c6f45407faf0f9ea007b0dcab,5272,【Ark: Survival Evolved】迷路模擬器!?欸幹是恐龍欸，這可以養嗎？｜方舟：生存進化《鷲峰良》,2022-07-20T16:46:28Z,https://www.youtube.com/watch?v=gGgUpQofMxE,https://i.ytimg.com/vi/gGgUpQofMxE/mqdefault.jpg
a02bb0332f5942ec892c932d6a089014,5253,我養你們這些米蟲幹什麼用的！學學機器人好嗎！【貝莉莓】,2022-07-02T09:00:15Z,https://www.youtube.com/watch?v=g_tq5mDyZtA,https://i.ytimg.com/vi/g_tq5mDyZtA/mqdefault.jpg
d1dd83b6e8a24df4b61f766cff45113c,5249,【闇影詩章】牌組分享➤有趣又有強度，來試試環境內最強大的鋪場，通通從墓地裡面誕生吧！！➧指定T3 RoG〈shadowverse/シャドウバース〉【台V/台灣Vtuber】,2022-07-13T13:33:59Z,https://www.youtube.com/watch?v=wty74zUqFTY,https://i.ytimg.com/vi/wty74zUqFTY/mqdefault.jpg
98e3a5838fec4a6caa936ae35485de23,5247,【深夜談】台灣限定CHOYA梅酒組合開箱！好香好香的梅子乾淨水🍻【露恰露恰．Vtuber】,2022-07-01T17:59:56Z,https://www.youtube.com/watch?v=bqOXjTL7jpE,https://i.ytimg.com/vi/bqOXjTL7jpE/mqdefault.jpg
d797701ab1564b62906f91a341134a9e,5244,【ASMR 劇情向】嗜虐警官的密室調教❤️耳舐め❤️マッサージ❤️囁き❤️シチュエーションボイス❤️ドM向け #ユメビエム #YumebiEmu #RPASMR,2022-07-10T03:28:00Z,https://www.youtube.com/watch?v=Tzi0sR3wSL4,https://i.ytimg.com/vi/Tzi0sR3wSL4/mqdefault.jpg
4b6b055ada4d4f0ab63b7ad02a3fa3ef,5238,こえだし 激安ギターとどいた｜Rumi/懶貓子,2022-07-26T17:48:32Z,https://www.twitch.tv/videos/1543452928,https://static-cdn.jtvnw.net/cf_vods/d3vd9lfkzbru3h/3accef58fd09e8213422_rumi0813_39520225447_1658857703//thumb/thumb0-%{width}x%{height}.jpg
98e3a5838fec4a6caa936ae35485de23,5230,【深夜談】雜談一下，工作很多下🍻【露恰露恰．Vtuber】,2022-07-18T17:31:10Z,https://www.youtube.com/watch?v=fma383A95fg,https://i.ytimg.com/vi/fma383A95fg/mqdefault.jpg
265a18972d244affae35711cfd1f9931,5229,🐙健身環🐙運動一下 沒有要自虐斂財!!我要認真運動 我才不是效果器章魚【MiroLive/塔芭絲可 】,2022-07-07T12:40:55Z,https://www.youtube.com/watch?v=yrYK7in27tc,https://i.ytimg.com/vi/yrYK7in27tc/mqdefault.jpg
7a88afc5eb644d76b35ed4ca968259bb,5221,"🔴【APEX💛ASMR】先舔一下 , Ear Licking 🥴",2022-07-10T21:39:38Z,https://www.youtube.com/watch?v=IMJnQLXJX_g,https://i.ytimg.com/vi/IMJnQLXJX_g/mqdefault.jpg
de0e98c9266449b7874a942cbbb63a0d,5191,【女王的音謀論】放鬆的下午音樂歌回【阿爾姿/惡獸時代】,2022-07-22T12:18:41Z,https://www.youtube.com/watch?v=3yAOWgvjYpI,https://i.ytimg.com/vi/3yAOWgvjYpI/mqdefault.jpg
5bbfc7c1b6584cef8c75f2f9044387d2,5188,"【4D化精華】3D與4D同步直播,自己跟自己貼貼【焰焰 Homura】",2022-07-06T13:17:33Z,https://www.youtube.com/watch?v=6d6KKwDtqFM,https://i.ytimg.com/vi/6d6KKwDtqFM/mqdefault.jpg
658e63bebdca421ca934b0bf6aa2bcd8,5180,【超級雞馬/聯動】初見 ! 超級心結結起來 !?【灰妲 FT. 櫻野露、靈香、緹娜】#台灣Vtuber​​​ #ReliveProject,2022-07-27T18:55:20Z,https://www.youtube.com/watch?v=M4nTb95zV2k,https://i.ytimg.com/vi/M4nTb95zV2k/mqdefault.jpg
af9cab022b2d4d1cb7e57246975842c4,5173,【地平線：西域禁地｜Horizon：Forbidden West】跳過一代直接玩二代！｜狸狸兒｜KitsuKitsuu,2022-07-10T18:04:41Z,https://www.youtube.com/watch?v=as8VbJhv4LI,https://i.ytimg.com/vi/as8VbJhv4LI/mqdefault.jpg
3f4650e05ceb41008bd16869780b7af1,5160,【加班台】是生還是死！5000訂閱回饋 來自地獄的加班台開始！！DAY5 PART2,2022-07-29T15:31:10Z,https://www.youtube.com/watch?v=R9kDF5gOL2w,https://i.ytimg.com/vi/R9kDF5gOL2w/mqdefault.jpg
d1dd83b6e8a24df4b61f766cff45113c,5160,【闇影詩章】牌組分享➤轉蛋死靈五費超大場比骸王還強，連超越都過不了的極致長城！➧無限制T2 RoG〈shadowverse/シャドウバース〉【台V/台灣Vtuber】,2022-07-25T15:45:55Z,https://www.youtube.com/watch?v=TXtDlZ_JUs8,https://i.ytimg.com/vi/TXtDlZ_JUs8/mqdefault.jpg
01f26342ae4e419280bcfd6ec6e86db1,5153,【遊戲實況】月底了，好想吃燒肉喔……（燒肉模擬器 Yakiniku Simulation）【十五號．Vtuber】,2022-07-27T14:54:52Z,https://www.youtube.com/watch?v=DFL4BjB7_Nk,https://i.ytimg.com/vi/DFL4BjB7_Nk/mqdefault.jpg
1cfadb0d2e154a258c3177ff8264336f,5144,【DE色色展💦】社死直播 睇自己的18禁圖 + 重大公告【標已紅】,2022-07-21T15:44:07Z,https://www.youtube.com/watch?v=0cCa191duNA,https://i.ytimg.com/vi/0cCa191duNA/mqdefault.jpg
a02bb0332f5942ec892c932d6a089014,5142,席德，你聽我解釋！我是被背刺的，不要跟我分手！【貝莉莓】,2022-07-09T09:00:26Z,https://www.youtube.com/watch?v=wkenSbVP7YE,https://i.ytimg.com/vi/wkenSbVP7YE/mqdefault.jpg
a02bb0332f5942ec892c932d6a089014,5136,大家跟我們一起瑞克搖吧！【貝莉莓】,2022-07-15T09:30:10Z,https://www.youtube.com/watch?v=YyJ_pJBCWzU,https://i.ytimg.com/vi/YyJ_pJBCWzU/mqdefault.jpg
1c5619a4ece046dd8ba68ed343489ca3,5120,【Rust】台灣人巧遇日本人，小哥哥聲音超可愛🥰『狂用羞恥的話Gay他，還偷暗示畫了⭕❗⭕』,2022-07-23T07:58:13Z,https://www.youtube.com/watch?v=U_wwq89Bfn8,https://i.ytimg.com/vi/U_wwq89Bfn8/mqdefault.jpg
ee0763f3339d45b493bf45488a8e7701,5101,【梓芊🐰】| 7/20 趕稿人 ฅ●ω●ฅ   | !梓芊 !2周年  | 3千訂閱目標進行中 |,2022-07-20T00:28:44Z,https://www.twitch.tv/videos/1536897470,https://static-cdn.jtvnw.net/cf_vods/d3vd9lfkzbru3h/0727c8aa259b7b18348a_pandora0407_39502254167_1658276917//thumb/thumb0-%{width}x%{height}.jpg
8a4988902b5640e6ae1829285307c636,5087,【雜談】做餅乾聊聊天，順便做下禮拜周表【歐貝爾．Vtuber】,2022-07-22T12:17:50Z,https://www.youtube.com/watch?v=7-5DEcsFFCw,https://i.ytimg.com/vi/7-5DEcsFFCw/mqdefault.jpg
5535c9524eb046c38e172ebfa06b302f,5085,🔴【哈利波特：魔法覺醒】💦全新夏日活動『水噴亂鬥』! 來和洛洛組隊挑戰拿好禮唷! ▹璐洛洛◃,2022-07-23T14:00:25Z,https://www.youtube.com/watch?v=XskK6n9ATVw,https://i.ytimg.com/vi/XskK6n9ATVw/mqdefault.jpg
4b6b055ada4d4f0ab63b7ad02a3fa3ef,5067,【#歌粹】Rumily五千名紀念感謝配信!!｜Rumi/懶貓子,2022-07-31T12:17:48Z,https://www.youtube.com/watch?v=DN_UIPuRQ2M,https://i.ytimg.com/vi/DN_UIPuRQ2M/mqdefault.jpg
8a4988902b5640e6ae1829285307c636,5064,【特別企劃】鬼門開第一天，來聽個鬼故事清涼一下吧？【歐貝爾．Vtuber】,2022-07-29T13:51:47Z,https://www.youtube.com/watch?v=ZvrNsTPYVO4,https://i.ytimg.com/vi/ZvrNsTPYVO4/mqdefault.jpg
fd6a0236861940389e15ef85b16c6069,5046,【:D】小聊，聊完八月｜7/18｜烟花,2022-07-18T11:55:25Z,https://www.twitch.tv/videos/1535311525,https://static-cdn.jtvnw.net/cf_vods/d3vd9lfkzbru3h/81150a583f8b90d46093_hennie2001_39498329239_1658145318//thumb/thumb0-%{width}x%{height}.jpg
ba562aad440d483e988d3ce7e7217c94,5045,[貓宮香草] 7/3 手酸  玩到累  !DC,2022-07-03T12:04:25Z,https://www.twitch.tv/videos/1521187406,https://static-cdn.jtvnw.net/cf_vods/d3vd9lfkzbru3h/16c9b7333e2603028d0d_vanilla_shironeko_39458567383_1656849860//thumb/thumb0-%{width}x%{height}.jpg
8a4988902b5640e6ae1829285307c636,5036,【公主連結】蘭法代抽中！趕在4點前來個加倍入魂！【歐貝爾．Vtuber】,2022-07-05T06:42:11Z,https://www.youtube.com/watch?v=K54CqcVkoQI,https://i.ytimg.com/vi/K54CqcVkoQI/mqdefault.jpg
1c5619a4ece046dd8ba68ed343489ca3,5036,我用生存遊戲，追到一個女朋友💕【Rust】,2022-07-24T05:37:14Z,https://www.youtube.com/watch?v=jFSqVfI4iDc,https://i.ytimg.com/vi/jFSqVfI4iDc/mqdefault.jpg
95de1fe6727944e68404aec425d09170,5023,【Holocure】初體驗不同版本的倖存者，今天讓DD王海哥來玩看看HololiveEN的角色吧！【海唧/惡獸時代】,2022-07-06T13:56:02Z,https://www.youtube.com/watch?v=1WfYcUfkYGA,https://i.ytimg.com/vi/1WfYcUfkYGA/mqdefault.jpg
2e266a71aa3d4a67bb8d9a2a0b573319,5017,０７１０(日)  AAAAA  | !YT !加班 !中秋活動 !七月活動 !魚幣比值,2022-07-10T09:29:55Z,https://www.twitch.tv/videos/1527662382,https://static-cdn.jtvnw.net/cf_vods/d3vd9lfkzbru3h/e0df75a4f37e70d69957_ziifish_39476299895_1657445385//thumb/thumb0-%{width}x%{height}.jpg
22fd5004e4a34134b6855525e01cda73,5016,【Gartic Phone】與人類畫NK的大家！拿出你們的實力【克蕾／Cray】,2022-07-17T01:02:48Z,https://www.youtube.com/watch?v=AF04maLtY9M,https://i.ytimg.com/vi/AF04maLtY9M/mqdefault.jpg
fd7a69505569429fb845ac056825f3a9,4985,【初配信】塊陶阿~這初配信可不是鬧著玩的｜Batkiz蓓祈思💜,2022-07-21T13:31:13Z,https://www.youtube.com/watch?v=DQ-15c2M3G8,https://i.ytimg.com/vi/DQ-15c2M3G8/mqdefault.jpg
9e351b7cdabd45c49c64074bc7d947ce,4976,【VTuber 中文精華】暴露自己惡劣性癖的男V【嗚夫沃夫】,2022-07-04T09:00:14Z,https://www.youtube.com/watch?v=-rNTGNMVNxY,https://i.ytimg.com/vi/-rNTGNMVNxY/mqdefault.jpg
b42416c629e64c948f75aff4ff5c9a8a,4975,【minecraft1.19】休假一邊挖挖一邊閒聊！不會扁掉｜伊甸飲酒,2022-07-09T10:37:16Z,https://www.youtube.com/watch?v=dXYwDVObKOU,https://i.ytimg.com/vi/dXYwDVObKOU/mqdefault.jpg
a3ce195c0069494c99849d0b1a10a7fd,4939,【#悠白七萬慶】#七萬大會考！我了解我自己嗎？你了解悠白嗎？Ｄr.白粉會是誰！？｜ #悠白 #Ubye,2022-07-16T14:41:56Z,https://www.youtube.com/watch?v=sVq-9LeEAs4,https://i.ytimg.com/vi/sVq-9LeEAs4/mqdefault.jpg
626750f4e7a745619c171c44fb1efcc0,4937,米浴育成教學!配卡/配點/覺醒 賽馬娘Pretty Derby  #11【天使Vtuber小雪Yukichan】,2022-07-19T08:02:18Z,https://www.youtube.com/watch?v=dGJBYdzptQY,https://i.ytimg.com/vi/dGJBYdzptQY/mqdefault.jpg
d6c4708f6eb94ac6ad7668363b132248,4927,【1萬訂閱特別直播】Cosplay女警👮‍♀️輕鬆雜談【人偶薩賓娜🧸】,2022-07-10T12:49:50Z,https://www.youtube.com/watch?v=Gq2NsbAD7q4,https://i.ytimg.com/vi/Gq2NsbAD7q4/mqdefault.jpg
d1dd83b6e8a24df4b61f766cff45113c,4921,【闇影詩章】牌組分享➤快樂小豬歡樂疊血量永遠殘血但打不死｜聖獅瘋狂複製無限聖輝而對面巴哈跳不出來！➧指定T3 RoG〈shadowverse/シャドウバース〉【台V/台灣Vtuber】,2022-07-07T12:54:22Z,https://www.youtube.com/watch?v=3W4XlNwhK1s,https://i.ytimg.com/vi/3W4XlNwhK1s/mqdefault.jpg
6c88799c6f45407faf0f9ea007b0dcab,4916,【誰來良家？】知名Youtuber來襲！他或許會遲到，但絕不缺席！｜來賓：洛可洛斯特、貓祭、迷之Youtuber ｜ #３ 《鷲峰良》,2022-07-02T14:02:27Z,https://www.youtube.com/watch?v=8_CrGBidOcA,https://i.ytimg.com/vi/8_CrGBidOcA/mqdefault.jpg
de0e98c9266449b7874a942cbbb63a0d,4908,【雜談】重現綜藝節目的天堂路！邊踩健康步道邊聊天，簡單啦？【阿爾姿/惡獸時代】,2022-07-26T11:52:15Z,https://www.youtube.com/watch?v=T3yl1SE1rjw,https://i.ytimg.com/vi/T3yl1SE1rjw/mqdefault.jpg
f5ff982730f54cd4826ff0530a4288c2,4897,🍜 模仿國瑜巴巴大俠發現超級像！？,2022-07-03T15:01:36Z,https://www.youtube.com/watch?v=X4thiW0Ocms,https://i.ytimg.com/vi/X4thiW0Ocms/mqdefault.jpg
1b63d89e0b1a4b579de6d99e25eaff8f,4893,【貓祭】 休息前最後的深夜雜談 | 哈 笑你們戒斷 #vtuber #貓祭,2022-07-10T17:18:19Z,https://www.youtube.com/watch?v=01YfJ4buMP4,https://i.ytimg.com/vi/01YfJ4buMP4/mqdefault.jpg
9d9c6477329245cbb2557895f4f15686,4891,07/05 晚點練習77實況節 DC有新圖！！ (⁰▿⁰)♥,2022-07-05T10:56:12Z,https://www.twitch.tv/videos/1522938865,https://static-cdn.jtvnw.net/cf_vods/d3vd9lfkzbru3h/62fc3f739ef93dd8ab22_iitifox_39463399255_1657018565//thumb/thumb0-%{width}x%{height}.jpg
98e3a5838fec4a6caa936ae35485de23,4868,【深夜談】這隻水獺吃太飽...🍻【露恰露恰．Vtuber】,2022-07-04T17:31:14Z,https://www.youtube.com/watch?v=CCZKmoUIFLE,https://i.ytimg.com/vi/CCZKmoUIFLE/mqdefault.jpg
265a18972d244affae35711cfd1f9931,4866,"🐙TA""BAR""SCO#7🐙我有酒 而你有故事 讓我聽聽 說出來一定比憋著好【MiroLive/塔芭絲可】",2022-07-07T17:29:20Z,https://www.youtube.com/watch?v=eVuLf9lSYCM,https://i.ytimg.com/vi/eVuLf9lSYCM/mqdefault.jpg
b126053a1356460ebf85a874a6a55aca,4862,"蘇貞昌硬誇陳時中, 國人睡午覺時他主持581場記者會｜南投行刑式槍決案駭人 , 何志偉:上網都可買到槍! 🍓20220715　#高雄林小姐 #Vtuber​​​​ #台灣Vtuber​​​ #台V​​",2022-07-15T12:47:02Z,https://www.youtube.com/watch?v=ruZd1CN0Xug,https://i.ytimg.com/vi/ruZd1CN0Xug/mqdefault.jpg
9e64bba43928414884503de36f805c48,4859,7/21  |  6/19~7/21 生日加班台 !加班 !紋紋證交所 !股票 | !風聲盃 !賽評 7/23當風聲盃主播 !YT,2022-07-21T07:30:49Z,https://www.twitch.tv/videos/1538197990,https://static-cdn.jtvnw.net/cf_vods/d3vd9lfkzbru3h/dab77e4400341c3d4a87_wen620_39505658167_1658388643//thumb/thumb0-%{width}x%{height}.jpg
658e63bebdca421ca934b0bf6aa2bcd8,4853,【#3 獵逃驚魂 / 恐怖懸疑遊戲】#留給柏睿事件【灰妲 】#台灣Vtuber​​​ #reliveproject,2022-07-19T18:08:57Z,https://www.youtube.com/watch?v=DC79UjBF0FI,https://i.ytimg.com/vi/DC79UjBF0FI/mqdefault.jpg
9d9c6477329245cbb2557895f4f15686,4839,我的錢！！！ 燒開了,2022-07-03T17:08:47Z,https://www.youtube.com/watch?v=g_FO6trxenM,https://i.ytimg.com/vi/g_FO6trxenM/mqdefault.jpg
01f26342ae4e419280bcfd6ec6e86db1,4837,【觀眾同樂】FULL GAYS！（糖豆人：終極淘汰賽 Fall Guys）【十五號．Vtuber】,2022-07-24T14:39:06Z,https://www.youtube.com/watch?v=6Yc9rZLHWsY,https://i.ytimg.com/vi/6Yc9rZLHWsY/mqdefault.jpg
265a18972d244affae35711cfd1f9931,4836,TAKOASMR:劇情向 3.2萬慶祝 與年上同事..難得的兩人相處時間【MiroLive/塔芭絲可】,2022-07-14T15:32:31Z,https://www.youtube.com/watch?v=saoqv_VR2Zc,https://i.ytimg.com/vi/saoqv_VR2Zc/mqdefault.jpg
42c4b7c9bf6340029530d3c8f47753ea,4834,【Minecraft】一年一度！老家最重要的日子～過夏祭啦！【 飛鳥唯世 】,2022-07-17T15:13:30Z,https://www.youtube.com/watch?v=x21rB2nVOuI,https://i.ytimg.com/vi/x21rB2nVOuI/mqdefault.jpg
de0e98c9266449b7874a942cbbb63a0d,4831,【飛輪/抽獎】幫A5肥牛減肥！一起騎自行車下班回家！鳥債牛償 ft. 歐妲【阿爾姿/惡獸時代】,2022-07-19T11:39:37Z,https://www.youtube.com/watch?v=6cPtiQ4pmb8,https://i.ytimg.com/vi/6cPtiQ4pmb8/mqdefault.jpg
494d2c5daf9f4a8a8e4538687e6be14c,4821,【兔姬精華】變態分等級? 自己O自己怎麼會有感覺不要騙我【兔姬UsagiHime | 惡兔重工】,2022-07-27T04:00:12Z,https://www.youtube.com/watch?v=_nCy6ekyOcQ,https://i.ytimg.com/vi/_nCy6ekyOcQ/mqdefault.jpg
d1dd83b6e8a24df4b61f766cff45113c,4811,【闇影詩章】牌組分享➤簡單輕鬆又強，到底誰還要燒腦玩造物？20共鳴神偉之始20點轟飛全場！➧無限制T1 RoG〈shadowverse/シャドウバース〉【台V/台灣Vtuber】,2022-07-21T12:22:13Z,https://www.youtube.com/watch?v=GTxNyOu1gZ0,https://i.ytimg.com/vi/GTxNyOu1gZ0/mqdefault.jpg
ba562aad440d483e988d3ce7e7217c94,4809,[貓宮香草] 7/22  大便掉寶 DROP    !DC,2022-07-22T07:13:14Z,https://www.twitch.tv/videos/1539185403,https://static-cdn.jtvnw.net/cf_vods/d3vd9lfkzbru3h/36065e337845d2903d1f_vanilla_shironeko_39508273543_1658473988//thumb/thumb0-%{width}x%{height}.jpg
a8ce4642418b4fe8ba1471a32097f4c4,4808,【Karaoke Stream 】唱一些Acoustic的歌 ! 一起度過愉快的下午吧 【歐妲/惡獸時代】,2022-07-13T07:27:34Z,https://www.youtube.com/watch?v=9nOxelZGPXI,https://i.ytimg.com/vi/9nOxelZGPXI/mqdefault.jpg
9e64bba43928414884503de36f805c48,4806,7/24  |  6/19~7/24 生日加班台 !加班 !紋紋證交所 !股票 | !風聲盃 !賽評 7/23當風聲盃主播 !YT,2022-07-23T17:58:14Z,https://www.twitch.tv/videos/1540555543,https://static-cdn.jtvnw.net/cf_vods/d3vd9lfkzbru3h/1cd8eb8254bd82db6998_wen620_39512299639_1658599089//thumb/thumb0-%{width}x%{height}.jpg
7c06b9e316ce4ac18ce836cd72442bbe,4805,給我化成灰燼並消失吧！【官方歌回精華】#shorts #オルターエゴ,2022-07-21T10:24:40Z,https://www.youtube.com/watch?v=7gtm7WsnAwo,https://i.ytimg.com/vi/7gtm7WsnAwo/mqdefault.jpg
b126053a1356460ebf85a874a6a55aca,4803,陳時中要「把事做好」像林智堅品質?｜林智堅 : 國民黨希望得分選手受傷下場 網譏害選手受傷的就是你呀🍓20220730　#高雄林小姐 #Vtuber​​​​ #台灣Vtuber​​​ #台V​​,2022-07-30T13:00:33Z,https://www.youtube.com/watch?v=4a7xcgUXQcg,https://i.ytimg.com/vi/4a7xcgUXQcg/mqdefault.jpg
265a18972d244affae35711cfd1f9931,4798,🐙隨意唱歌🐙寶貝 倦的時候有個我陪 檔案在我回家後轉會限,2022-07-18T11:00:13Z,https://www.youtube.com/watch?v=yZwvqi8WDDw,https://i.ytimg.com/vi/yZwvqi8WDDw/mqdefault.jpg
3809ec8a42634d11aa1b7b8f99755c6a,4797,【花花】7/9  恐龍真好玩 ✤ !YT ✤ !委託 ✤ !月榜,2022-07-09T09:33:02Z,https://www.twitch.tv/videos/1526726260,https://static-cdn.jtvnw.net/cf_vods/d3vd9lfkzbru3h/80966f07152438c1b0d0_mayberuu_39473556391_1657359177//thumb/thumb0-%{width}x%{height}.jpg
1c5619a4ece046dd8ba68ed343489ca3,4795,【兩岸吃雞】遇到三個中國小學生，竟聯合霸凌台灣人👿『被小學生威脅了嗚嗚嗚😭』〈PUBG〉,2022-07-26T11:49:50Z,https://www.youtube.com/watch?v=4tcr2HNOvG4,https://i.ytimg.com/vi/4tcr2HNOvG4/mqdefault.jpg
8a4988902b5640e6ae1829285307c636,4792,【節奏地牢】Crypt of the NecroDancer 音G熊再來挑戰音Game啦！【歐貝爾．Vtuber】,2022-07-15T12:37:12Z,https://www.youtube.com/watch?v=FrgMsI7z8RU,https://i.ytimg.com/vi/FrgMsI7z8RU/mqdefault.jpg
95de1fe6727944e68404aec425d09170,4790,【開箱雜談】濃❤醇❤香，看過噴水雞肉飯當然不能錯過噴水蜂巢蜜！！【海唧/惡獸時代】,2022-07-26T13:43:02Z,https://www.youtube.com/watch?v=wmbUJteOj4A,https://i.ytimg.com/vi/wmbUJteOj4A/mqdefault.jpg
ba562aad440d483e988d3ce7e7217c94,4778,[貓宮香草] 7/1  新環境D2 月初不騙訂閱  !DC,2022-07-01T05:39:57Z,https://www.twitch.tv/videos/1519174769,https://static-cdn.jtvnw.net/cf_vods/d3vd9lfkzbru3h/9f3a742f1673b809d9ce_vanilla_shironeko_39452000295_1656653992//thumb/thumb0-%{width}x%{height}.jpg
ea4c1a67c2e445ad8028768616ceb659,4769,【ASMR怪談中文朗讀】夏天到了，一夜好眠的鬼故事朗讀時間【洛可洛斯特 / VTUBER】,2022-07-23T16:04:17Z,https://www.youtube.com/watch?v=PTtpPzRKIwo,https://i.ytimg.com/vi/PTtpPzRKIwo/mqdefault.jpg
b126053a1356460ebf85a874a6a55aca,4768,安倍隕落，街講遭刺殺身亡｜佳龍軟了，含淚低頭選新北！ 🍓20220708　#高雄林小姐 #Vtuber​​​​ #台灣Vtuber​​​ #台V​​,2022-07-08T13:00:48Z,https://www.youtube.com/watch?v=wEjHQnMx0nw,https://i.ytimg.com/vi/wEjHQnMx0nw/mqdefault.jpg
42c4b7c9bf6340029530d3c8f47753ea,4764,【Minecraft】出發！伊甸飲酒 ~ — ft. 雪也櫻﹑伊甸飲酒小伙伴們【 飛鳥唯世 】,2022-07-12T16:28:40Z,https://www.youtube.com/watch?v=sjz1Mzkf_go,https://i.ytimg.com/vi/sjz1Mzkf_go/mqdefault.jpg
575d15d21f7240e1ad72935bf7fa0465,4742,🍡【加班台#14】爆肝系回饋感謝｜回歸馬上貼貼在一起 ♡ 最後億億億集洗個澡  工個作  加班加到底 ♡ 【夏羽由里/Vtuber】,2022-07-20T02:40:14Z,https://www.youtube.com/watch?v=HWyh687lY7s,https://i.ytimg.com/vi/HWyh687lY7s/mqdefault.jpg
9d9c6477329245cbb2557895f4f15686,4738,7/13 周邊！周邊！(⁰▿⁰)♥,2022-07-13T12:43:55Z,https://www.twitch.tv/videos/1530561220,https://static-cdn.jtvnw.net/cf_vods/d3vd9lfkzbru3h/9a4b96e3919edf364b72_iitifox_39484530871_1657716228//thumb/thumb0-%{width}x%{height}.jpg
a3ce195c0069494c99849d0b1a10a7fd,4732,悠白也在電線桿下 ｜悠白Ubye,2022-07-29T09:00:10Z,https://www.youtube.com/watch?v=DWF9r5HvVWE,https://i.ytimg.com/vi/DWF9r5HvVWE/mqdefault.jpg
be6c475c291d45a0a7349abdb70be20d,4731,【GTA5實況】金毛雖龍舌蘭吾往矣！,2022-07-17T19:08:12Z,https://www.youtube.com/watch?v=br5r8fLjSu4,https://i.ytimg.com/vi/br5r8fLjSu4/mqdefault.jpg
0bfd032de03c48a4bd7d1f4505335a7d,4731,初配信 | 以為NKshoujo是偶像團體結果到了初配信前才發現是不是搞錯了什麼？要目指斜咖了嗎～眼鏡と蝴蝶結と橘色～,2022-07-06T14:28:49Z,https://www.youtube.com/watch?v=YJ5bcqxLxe8,https://i.ytimg.com/vi/YJ5bcqxLxe8/mqdefault.jpg
4d738ca0bdee40e3b620f06ccc2dc987,4730,野蛛騎士來囉！上點分，累了狀況不好就休息【天晴Haruru】,2022-07-20T00:33:51Z,https://www.twitch.tv/videos/1536902928,https://static-cdn.jtvnw.net/cf_vods/d3vd9lfkzbru3h/87979038fb4fc7cb8aeb_tcharuru_39502259703_1658277224//thumb/thumb0-%{width}x%{height}.jpg
3809ec8a42634d11aa1b7b8f99755c6a,4711,【花花】7/26  做啥好呢 (・∀・)つ ✤ !YT ✤ !委託 ✤ !月榜 ✤ !VPN,2022-07-26T14:47:26Z,https://www.twitch.tv/videos/1543314332,https://static-cdn.jtvnw.net/cf_vods/d3vd9lfkzbru3h/c493f3ef2c581dbd3bc5_mayberuu_39519887175_1658846839//thumb/thumb0-%{width}x%{height}.jpg
494d2c5daf9f4a8a8e4538687e6be14c,4682,【FF39開箱2】是不是有人送了很亞敗的禮物? 繼續開箱姬友送兔姬的禮物!!!!!!  【兔姬UsagiHime | 惡兔重工】,2022-07-21T16:41:17Z,https://www.youtube.com/watch?v=GC8YNcCiBYk,https://i.ytimg.com/vi/GC8YNcCiBYk/mqdefault.jpg
664e1b310cf343b78623f99b31e40fae,4669,🔴LIVE《絕命異次元1代》#1 沒玩過的經典【迪鹿DeluCat】,2022-07-14T16:15:42Z,https://www.youtube.com/watch?v=MqTGwhclzRY,https://i.ytimg.com/vi/MqTGwhclzRY/mqdefault.jpg
95de1fe6727944e68404aec425d09170,4666,【Monster Hunter Rise】魔物獵人唧休閒獵龍&農素材的時間💙上面的龍們我來瞜～ 【海唧/惡獸時代】,2022-07-23T08:48:40Z,https://www.youtube.com/watch?v=5llc3BYnWgE,https://i.ytimg.com/vi/5llc3BYnWgE/mqdefault.jpg
ea4c1a67c2e445ad8028768616ceb659,4663,【七星傳SevenSphere】與可愛的妹子們一起約會也不會被說渣的遊戲！【洛可洛斯特 / VTUBER】,2022-07-13T15:03:31Z,https://www.youtube.com/watch?v=ZZrll5ftGsM,https://i.ytimg.com/vi/ZZrll5ftGsM/mqdefault.jpg
84a911e2b05f4919a32e0c1618e32a7d,4658,【雜談+棉花糖】棉花糖棉花糖棉花糖【光逸 幸 / Kouitu Sin】,2022-07-02T13:18:39Z,https://www.youtube.com/watch?v=ktdJUCtlAGA,https://i.ytimg.com/vi/ktdJUCtlAGA/mqdefault.jpg
0bf0ec441dc6489583f7218e02ab6a89,4656,被打了RRRR,2022-07-12T09:00:30Z,https://www.youtube.com/watch?v=fhz4umDfprM,https://i.ytimg.com/vi/fhz4umDfprM/mqdefault.jpg
b126053a1356460ebf85a874a6a55aca,4654,論文抄襲交代不清，新竹球場爛上加爛，林智堅說要扛那是要賠款嗎？ 🍓20220724　#高雄林小姐 #Vtuber​​​​ #台灣Vtuber​​​ #台V​​,2022-07-24T12:59:19Z,https://www.youtube.com/watch?v=XQF4LWjSMr8,https://i.ytimg.com/vi/XQF4LWjSMr8/mqdefault.jpg
be6c475c291d45a0a7349abdb70be20d,4648,【GTA5實況】所以我可以邀路人了嗎？,2022-07-19T16:19:43Z,https://www.youtube.com/watch?v=LceDcksYpbk,https://i.ytimg.com/vi/LceDcksYpbk/mqdefault.jpg
3809ec8a42634d11aa1b7b8f99755c6a,4647,【花花】7/18 訂閱告急 ✤ !YT ✤ !委託 ✤ !月榜 ✤ !VPN,2022-07-18T12:02:44Z,https://www.twitch.tv/videos/1535316116,https://static-cdn.jtvnw.net/cf_vods/d3vd9lfkzbru3h/e543bd456710b5d36433_mayberuu_39498365927_1658145757//thumb/thumb0-%{width}x%{height}.jpg
265a18972d244affae35711cfd1f9931,4640,過來我噴噴！,2022-07-20T14:10:18Z,https://www.youtube.com/watch?v=CO1i8XkhkPw,https://i.ytimg.com/vi/CO1i8XkhkPw/mqdefault.jpg
658e63bebdca421ca934b0bf6aa2bcd8,4635,【文言文嘗試翻譯 / 學力測試】很常有人說文言文難翻 今天就來翻翻看吧【灰妲 】#台灣Vtuber​​​ #ReliveProject,2022-07-03T16:09:16Z,https://www.youtube.com/watch?v=M7qLYFR8ZS8,https://i.ytimg.com/vi/M7qLYFR8ZS8/mqdefault.jpg
3809ec8a42634d11aa1b7b8f99755c6a,4634,【花花】7/6  歐富寶終於好了 ✤ 訂閱就可申請 !VPN ✤ !YT ✤ !委託 ✤ !月榜,2022-07-06T09:32:18Z,https://www.twitch.tv/videos/1523854585,https://static-cdn.jtvnw.net/cf_vods/d3vd9lfkzbru3h/e14ad6c011930c63cebe_mayberuu_39465727143_1657099930//thumb/thumb0-%{width}x%{height}.jpg
265a18972d244affae35711cfd1f9931,4610,🐙SC&哄睡工作台🐙我..我會努力 哄睡的..但我還是會罵你們盤子的 【MiroLive/塔芭絲可】,2022-07-25T17:19:11Z,https://www.youtube.com/watch?v=ks1hOScv7xo,https://i.ytimg.com/vi/ks1hOScv7xo/mqdefault.jpg
84a911e2b05f4919a32e0c1618e32a7d,4606,【Tick Tock: A Tale for Two】酷酷的雙人解謎遊戲【光逸 幸 & @繆・索緹絲 / Sotis Ch. 】,2022-07-23T15:17:27Z,https://www.youtube.com/watch?v=ht4QcW6Nzvc,https://i.ytimg.com/vi/ht4QcW6Nzvc/mqdefault.jpg
de0e98c9266449b7874a942cbbb63a0d,4592,【WWE 2K22】眾所期待的賽外賽！這次是誰3D化？重金聘請前冠軍當賽評 ft. 祈菈‧貝希毛絲【阿爾姿/惡獸時代】,2022-07-09T11:12:39Z,https://www.youtube.com/watch?v=qaTafHA6XKY,https://i.ytimg.com/vi/qaTafHA6XKY/mqdefault.jpg
6c88799c6f45407faf0f9ea007b0dcab,4562,JOJO MEMORY / JOJO記憶體,2022-07-05T10:30:11Z,https://www.youtube.com/watch?v=yPO0eaxq_mc,https://i.ytimg.com/vi/yPO0eaxq_mc/mqdefault.jpg
423dd7da92be47f4af7273c5f74efb27,4555,Fei. ARK ? | !YT !VPN | 7/20,2022-07-20T11:11:31Z,https://www.twitch.tv/videos/1537275749,https://static-cdn.jtvnw.net/cf_vods/d3vd9lfkzbru3h/fd2e8e1c906f398cf6fe_fei_z_39503480791_1658315484//thumb/thumb0-%{width}x%{height}.jpg
b126053a1356460ebf85a874a6a55aca,4550,什麼都能選舉操作，泡麵能印證為人？｜找無論文推台大，校友狠打臉林智堅 🍓20220729　#高雄林小姐 #Vtuber​​​​ #台灣Vtuber​​​ #台V​​,2022-07-29T13:11:06Z,https://www.youtube.com/watch?v=ynIrYqPvtIo,https://i.ytimg.com/vi/ynIrYqPvtIo/mqdefault.jpg
de0e98c9266449b7874a942cbbb63a0d,4538,【女王的音謀論】助眠歌回【阿爾姿/惡獸時代】,2022-07-09T19:00:49Z,https://www.youtube.com/watch?v=sTAP00MH-QM,https://i.ytimg.com/vi/sTAP00MH-QM/mqdefault.jpg
be6c475c291d45a0a7349abdb70be20d,4535,【GTA5實況】這次終於能搶鑽石了！,2022-07-16T19:03:11Z,https://www.youtube.com/watch?v=mHv7bx-HvjE,https://i.ytimg.com/vi/mHv7bx-HvjE/mqdefault.jpg
658e63bebdca421ca934b0bf6aa2bcd8,4535,【突然變成雜談】23800訂閱達成感謝 ! 稍微聊一下【灰妲】#台灣Vtuber​​​ #ReliveProject,2022-07-24T16:12:20Z,https://www.youtube.com/watch?v=qZkITGa8JRs,https://i.ytimg.com/vi/qZkITGa8JRs/mqdefault.jpg
6c88799c6f45407faf0f9ea007b0dcab,4528,【雜談】太陽大到都快變烤鵰了，及FF39場後通販上線啦!! 還有周邊抽獎活動唷~《鷲峰良》,2022-07-28T15:35:36Z,https://www.youtube.com/watch?v=Ek3PvvsQ_Rs,https://i.ytimg.com/vi/Ek3PvvsQ_Rs/mqdefault.jpg
b126053a1356460ebf85a874a6a55aca,4516,林智堅的抄跑門會是什麼結局？｜柯建銘為護智堅不小心打臉了蘇貞昌和李妍慧！ 🍓20220709　#高雄林小姐 #Vtuber​​​​ #台灣Vtuber​​​ #台V​​,2022-07-09T12:47:16Z,https://www.youtube.com/watch?v=XNkKdqk-T0c,https://i.ytimg.com/vi/XNkKdqk-T0c/mqdefault.jpg
a8ce4642418b4fe8ba1471a32097f4c4,4507,【現場互動】2022 ! 漫畫博覽會!準備好了嗎 ? 把你們的尊嚴都丟掉吧哇哈哈哈【歐妲/惡獸時代】,2022-07-31T06:01:22Z,https://www.youtube.com/watch?v=ioEqpQLMU_I,https://i.ytimg.com/vi/ioEqpQLMU_I/mqdefault.jpg
04d2ff1dde6b4bb68503a734274f4b7e,4507,【Thief Simulator】特務夜烏出擊 | 今晚是否順利完成任務？,2022-07-12T14:42:02Z,https://www.youtube.com/watch?v=QgqDgYcMUso,https://i.ytimg.com/vi/QgqDgYcMUso/mqdefault.jpg
423dd7da92be47f4af7273c5f74efb27,4495,Fei. 奇怪的台 #小開 | !YT !VPN | 7/19,2022-07-19T03:18:34Z,https://www.twitch.tv/videos/1536051366,https://static-cdn.jtvnw.net/cf_vods/d3vd9lfkzbru3h/ffe04a3bb6852c49327d_fei_z_39499828519_1658200709//thumb/thumb0-%{width}x%{height}.jpg
b42416c629e64c948f75aff4ff5c9a8a,4489,【語言學習】Apa kahbar！初次挑戰！雪也櫻帶渡渡進入馬來語小教室！,2022-07-18T14:32:33Z,https://www.youtube.com/watch?v=45l4knIutlY,https://i.ytimg.com/vi/45l4knIutlY/mqdefault.jpg
98e3a5838fec4a6caa936ae35485de23,4464,【深夜談】聊聊天動動手，不深夜的深夜小手作🍻【露恰露恰．Vtuber】,2022-07-14T14:53:52Z,https://www.youtube.com/watch?v=W3hBq0pCOoQ,https://i.ytimg.com/vi/W3hBq0pCOoQ/mqdefault.jpg
494d2c5daf9f4a8a8e4538687e6be14c,4464,【雜談30分】說一下今天明天【兔姬UsagiHime | 惡兔重工】,2022-07-16T15:28:04Z,https://www.youtube.com/watch?v=HIHBnWTtd5A,https://i.ytimg.com/vi/HIHBnWTtd5A/mqdefault.jpg
ce2a2c07a74640fc8d3b39d022b16dd9,4451,【FF39開拓動漫祭】名雪組豹崽子出征啦!! Day2,2022-07-17T13:17:23Z,https://www.youtube.com/watch?v=-uv8eJK9fjA,https://i.ytimg.com/vi/-uv8eJK9fjA/mqdefault.jpg
f5ff982730f54cd4826ff0530a4288c2,4446,🍜 【酒雜】補唸SC！順便測試自己酒量在哪【白湯】#PLANET9白夏電玩節,2022-07-27T14:53:47Z,https://www.youtube.com/watch?v=dHgbPXTA6RQ,https://i.ytimg.com/vi/dHgbPXTA6RQ/mqdefault.jpg
95de1fe6727944e68404aec425d09170,4444,【官方精華】本性爆發的海唧！ 海唧：選妃時間到囉 整個陪玩都是我的後宮啦~ 【海唧/惡獸時代】,2022-07-12T04:00:01Z,https://www.youtube.com/watch?v=aGGbpKmfUhQ,https://i.ytimg.com/vi/aGGbpKmfUhQ/mqdefault.jpg
b126053a1356460ebf85a874a6a55aca,4436,又一抄？！抄跑門越捲越大，林智堅無法面對？｜高雄驚爆「超商內」隨機性侵！ 🍓20220706　#高雄林小姐 #Vtuber​​​​ #台灣Vtuber​​​ #台V​​,2022-07-06T12:53:46Z,https://www.youtube.com/watch?v=CsnDOQZnnMo,https://i.ytimg.com/vi/CsnDOQZnnMo/mqdefault.jpg
de0e98c9266449b7874a942cbbb63a0d,4427,【深夜禽話 Club A.】半週年快樂！今天來個Q&A吧 ft. 鳥朋友【阿爾姿/惡獸時代】,2022-07-16T18:35:43Z,https://www.youtube.com/watch?v=c7jSP4-_ttA,https://i.ytimg.com/vi/c7jSP4-_ttA/mqdefault.jpg
d1dd83b6e8a24df4b61f766cff45113c,4417,【闇影詩章】牌組分享➤什麼這張超舊時代的特殊勝利居然還可以玩？天胡6費就可以提前看煙火囉！➧無限制T4 RoG〈shadowverse/シャドウバース〉【台V/台灣Vtuber】,2022-07-28T12:20:54Z,https://www.youtube.com/watch?v=GMIpkVRQGp4,https://i.ytimg.com/vi/GMIpkVRQGp4/mqdefault.jpg
423dd7da92be47f4af7273c5f74efb27,4413,Fei. 再... | !YT !VPN | 7/8,2022-07-08T04:15:06Z,https://www.twitch.tv/videos/1525640171,https://static-cdn.jtvnw.net/cf_vods/d3vd9lfkzbru3h/c9e8256000e08d124a1e_fei_z_39470235255_1657253697//thumb/thumb0-%{width}x%{height}.jpg
575d15d21f7240e1ad72935bf7fa0465,4405,🍡【加班台#9】爆肝系回饋感謝｜12HR貼貼在一起 ♡ 下班在那裡？論小天使的加班人生 ♡ 【夏羽由里/Vtuber】,2022-07-06T12:05:42Z,https://www.youtube.com/watch?v=dg6vcwaWxPM,https://i.ytimg.com/vi/dg6vcwaWxPM/mqdefault.jpg
e17f42aa104040deae2ee3f3b1e85ed8,4404,【肉肉薔蒔】 0721 美好ㄉ一天由飲料開啟>< 才怪,2022-07-21T13:08:07Z,https://www.twitch.tv/videos/1538342917,https://static-cdn.jtvnw.net/cf_vods/d3vd9lfkzbru3h/3300165701d683e289ab_aishakumo_39506624103_1658408882//thumb/thumb0-%{width}x%{height}.jpg
f110fd69b66941bab04de9ada563c6ac,4399,【還願】首次請經紀人登場居然是玩恐怖遊戲！？※尖叫聲注意‬【AoiHinamori​​​​】,2022-07-23T15:01:17Z,https://www.youtube.com/watch?v=fxjEVhYrI0g,https://i.ytimg.com/vi/fxjEVhYrI0g/mqdefault.jpg
b42416c629e64c948f75aff4ff5c9a8a,4394,【台灣閩南語】基礎為0的渡渡要怎麼說台語呢？ I-SikTōo an-tsuánn kóng Tâi-oân Bân-lâm-gí？,2022-07-07T15:49:25Z,https://www.youtube.com/watch?v=OYc19RBt9JE,https://i.ytimg.com/vi/OYc19RBt9JE/mqdefault.jpg
f110fd69b66941bab04de9ada563c6ac,4390,【回歸雜談】剛回歸就要無情工商！！錯過就不會再販啦！【AoiHinamori】,2022-07-11T15:30:19Z,https://www.youtube.com/watch?v=O8fuP7kxSPM,https://i.ytimg.com/vi/O8fuP7kxSPM/mqdefault.jpg
58abad4aa8de49efb785367503dfd92c,4388,【ASMR助眠】8000訂閱感謝♡耐久陪伴♡享受心靈寧靜| Ear massage cleaning |耳掃除とマッサージで眠りを誘う【桃野薔薇 | 香港Vtuber 台灣Vtuber】,2022-07-04T21:02:28Z,https://www.youtube.com/watch?v=SMlDHgFuffY,https://i.ytimg.com/vi/SMlDHgFuffY/mqdefault.jpg
ba562aad440d483e988d3ce7e7217c94,4388,[貓宮香草] 7/14 早安貓貓 !DC,2022-07-14T01:58:04Z,https://www.twitch.tv/videos/1531202692,https://static-cdn.jtvnw.net/cf_vods/d3vd9lfkzbru3h/b7283923da5004abd45f_vanilla_shironeko_39485777831_1657763879//thumb/thumb0-%{width}x%{height}.jpg
4fc5a770272a43f1bb0a1d12aa3a9b46,4386,Animal / アニマル - DECO*27 【Metal Cover w/ @Leonard E. Claire 】,2022-07-02T13:07:20Z,https://www.youtube.com/watch?v=XKcBTMDZuws,https://i.ytimg.com/vi/XKcBTMDZuws/mqdefault.jpg
b126053a1356460ebf85a874a6a55aca,4385,蔡英文紀念《乙未戰爭》竟不敢提「抗日」？昔日挺網友言論自由，蔡易餘卻要求實名PTT？ 🍓20220702　#高雄林小姐 #Vtuber​​​​ #台灣Vtuber​​​ #台V​​,2022-07-03T12:48:28Z,https://www.youtube.com/watch?v=svz8ApAobPQ,https://i.ytimg.com/vi/svz8ApAobPQ/mqdefault.jpg
d1dd83b6e8a24df4b61f766cff45113c,4373,【闇影詩章】六週年➤登場角色跟主戰者票選活動最終公佈，加上我的想法！〈shadowverse〉,2022-07-01T13:30:46Z,https://www.youtube.com/watch?v=rwp628fDMLk,https://i.ytimg.com/vi/rwp628fDMLk/mqdefault.jpg
70a7428607b845fc959fb7d4859d018b,4372,7/11 ◆ 今天健身環機率是0  | !YT !減班 !FF39,2022-07-11T02:49:58Z,https://www.twitch.tv/videos/1528401684,https://static-cdn.jtvnw.net/cf_vods/d3vd9lfkzbru3h/32488a37f9d75ebb35f7_zona181227_39478051063_1657507791//thumb/thumb0-%{width}x%{height}.jpg
658e63bebdca421ca934b0bf6aa2bcd8,4369,【#3 KEYWE / 雙人合作 】奇異鳥過勞打工 ! 蘿莉智商測驗襲來【灰妲 FT. @ReLive_諾櫻 Noe 🌸  】#台灣Vtuber​​​ #reliveproject,2022-07-14T15:47:16Z,https://www.youtube.com/watch?v=JbZLz3V13wc,https://i.ytimg.com/vi/JbZLz3V13wc/mqdefault.jpg
c65e7caaf81a43249d5132b9fe312b24,4366,【Gunpla】i build,2022-07-19T04:00:37Z,https://www.youtube.com/watch?v=UaUqmxq4t0A,https://i.ytimg.com/vi/UaUqmxq4t0A/mqdefault.jpg
1c5619a4ece046dd8ba68ed343489ca3,4365,【李聽】讀粉絲留言💟超貼心內容...說不出的感動❗｜Vtuber｜棉花糖,2022-07-10T14:42:55Z,https://www.youtube.com/watch?v=t5OFw1tBHCk,https://i.ytimg.com/vi/t5OFw1tBHCk/mqdefault.jpg
20f0e269ce554a00920de0444bc22aaf,4364,カサネテク 無敵聯誼連續技  ｜Cover by 舒芙Suki 【歌ってみた】舒芙的層層心機,2022-07-15T11:00:11Z,https://www.youtube.com/watch?v=nlZPD64Ykjo,https://i.ytimg.com/vi/nlZPD64Ykjo/mqdefault.jpg
b126053a1356460ebf85a874a6a55aca,4363,新竹棒球場未驗收先開打?! 拿民眾、球員、總統安全開玩笑？ 修國父遺像得花115萬，民進黨團建議不要修 🍓20220725　#高雄林小姐 #Vtuber​​​​ #台灣Vtuber​​​ #台V​​,2022-07-25T13:09:50Z,https://www.youtube.com/watch?v=BAZqq759a40,https://i.ytimg.com/vi/BAZqq759a40/mqdefault.jpg
3f4650e05ceb41008bd16869780b7af1,4361,【加班台】是生還是死！5000訂閱回饋 來自地獄的加班台開始！！DAY6 part1,2022-07-30T16:52:46Z,https://www.youtube.com/watch?v=f748xqfgj-E,https://i.ytimg.com/vi/f748xqfgj-E/mqdefault.jpg
e113ace92bbe445385bcc4635a9ca570,4358,【Apex 英雄】平平子的特訓時間⚡限時挑戰拚輸贏！,2022-07-03T16:59:13Z,https://www.youtube.com/watch?v=bN5fQw9YxuA,https://i.ytimg.com/vi/bN5fQw9YxuA/mqdefault.jpg
423dd7da92be47f4af7273c5f74efb27,4349,Fei. 直接睡昏 !活動 | !YT !VPN | 7/7,2022-07-07T08:24:04Z,https://www.twitch.tv/videos/1524792215,https://static-cdn.jtvnw.net/cf_vods/d3vd9lfkzbru3h/332b7b6164e5c6b94389_fei_z_39468147399_1657182234//thumb/thumb0-%{width}x%{height}.jpg
04d2ff1dde6b4bb68503a734274f4b7e,4346,今晚我想來點......啤酒加棉花糖♡,2022-07-16T15:50:38Z,https://www.youtube.com/watch?v=KBg3Ijm2MNQ,https://i.ytimg.com/vi/KBg3Ijm2MNQ/mqdefault.jpg
1c5619a4ece046dd8ba68ed343489ca3,4345,完蛋了...芭比Q了😭糖豆人不講武德〈Vtuber〉,2022-07-12T11:17:28Z,https://www.youtube.com/watch?v=91b9hYlXki0,https://i.ytimg.com/vi/91b9hYlXki0/mqdefault.jpg
a51be890a1f443ea87bee45c9d8acf13,4336,【Na J】來玩來玩 7點有活動唷 |  ^ↀᴥↀ^,2022-07-07T10:48:13Z,https://www.twitch.tv/videos/1524843654,https://static-cdn.jtvnw.net/cf_vods/d3vd9lfkzbru3h/d5711e7fcb243664bbc8_kankona0616_39468462007_1657190888//thumb/thumb0-%{width}x%{height}.jpg
265a18972d244affae35711cfd1f9931,4334,🐙FF39攤位宣傳🐙兩天都在E35.36 那一起看看有甚麼酷東西吧,2022-07-15T07:00:14Z,https://www.youtube.com/watch?v=yex-ZuT8s2s,https://i.ytimg.com/vi/yex-ZuT8s2s/mqdefault.jpg
ba562aad440d483e988d3ce7e7217c94,4317,[貓宮香草] 7/20 今天玩貓貓  明天有內定輪迴 大便平衡者的掉寶     !DC,2022-07-20T07:14:23Z,https://www.twitch.tv/videos/1537185122,https://static-cdn.jtvnw.net/cf_vods/d3vd9lfkzbru3h/f985e483ba0913bac1ba_vanilla_shironeko_39502911591_1658301256//thumb/thumb0-%{width}x%{height}.jpg
3809ec8a42634d11aa1b7b8f99755c6a,4311,【花花】7/10  恐龍真好玩 ✤ !YT ✤ !委託 ✤ !月榜,2022-07-10T10:36:30Z,https://www.twitch.tv/videos/1527688929,https://static-cdn.jtvnw.net/cf_vods/d3vd9lfkzbru3h/c1383781415dac252e40_mayberuu_39476453175_1657449385//thumb/thumb0-%{width}x%{height}.jpg
e113ace92bbe445385bcc4635a9ca570,4307,【圖中畫 Gorogoa】藝術鑑賞時間？！⚡憶起拼湊過往~,2022-07-24T17:22:37Z,https://www.youtube.com/watch?v=svjOGkUsWKc,https://i.ytimg.com/vi/svjOGkUsWKc/mqdefault.jpg
be6c475c291d45a0a7349abdb70be20d,4297,【GTA5實況】那麼哪裡才能買到朋友DLC呢？,2022-07-14T16:00:33Z,https://www.youtube.com/watch?v=z4A_LY5fnVQ,https://i.ytimg.com/vi/z4A_LY5fnVQ/mqdefault.jpg
95de1fe6727944e68404aec425d09170,4296,【Minecraft】改善周圍環境從你我做起，破壞狂唧的拆除行動，通通拿去做木板拉！！【海唧/惡獸時代】,2022-07-25T14:29:27Z,https://www.youtube.com/watch?v=Lxbkxmh6CGc,https://i.ytimg.com/vi/Lxbkxmh6CGc/mqdefault.jpg
658e63bebdca421ca934b0bf6aa2bcd8,4287,【#19 艾爾登法環 EldenRing】迎戰初始之王 ! 今天是否結局了呢?!【灰妲 】#台灣Vtuber​​​ #ReliveProject,2022-07-16T18:08:27Z,https://www.youtube.com/watch?v=T_EQ0RsdyC8,https://i.ytimg.com/vi/T_EQ0RsdyC8/mqdefault.jpg
01f26342ae4e419280bcfd6ec6e86db1,4277,【遊戲實況】探險剩下還沒看過的地方（Hollow Knight 空洞騎士）【十五號．Vtuber】,2022-07-04T16:56:46Z,https://www.youtube.com/watch?v=BXgPRrSF87U,https://i.ytimg.com/vi/BXgPRrSF87U/mqdefault.jpg
b126053a1356460ebf85a874a6a55aca,4269,陳時中新幹話連篇挑戰台灣人智商！｜號稱不缺電？政府查禁賣場冷氣太冷 🍓20220722　#高雄林小姐 #Vtuber​​​​ #台灣Vtuber​​​ #台V​​,2022-07-22T12:58:53Z,https://www.youtube.com/watch?v=UwCseq42LEA,https://i.ytimg.com/vi/UwCseq42LEA/mqdefault.jpg
95de1fe6727944e68404aec425d09170,4269,【健身環大冒險】拜託了～肌肉！脂肪消滅運動，海哥才不ㄆ！！！【海唧/惡獸時代】,2022-07-28T13:56:42Z,https://www.youtube.com/watch?v=YgaVzlIorfQ,https://i.ytimg.com/vi/YgaVzlIorfQ/mqdefault.jpg
f6a4e7aa8d0c4e5cb39d199845ec4d02,4264,summertime (cinnamons × evening cinema) - Cover by 杏仁ミルｘセイ★星文,2022-07-30T12:00:13Z,https://www.youtube.com/watch?v=SulmskKPkOw,https://i.ytimg.com/vi/SulmskKPkOw/mqdefault.jpg
be6c475c291d45a0a7349abdb70be20d,4263,【GTA5實況】這裡有批好鑽石當然搶！,2022-07-09T16:18:30Z,https://www.youtube.com/watch?v=cdlgwQZO_jY,https://i.ytimg.com/vi/cdlgwQZO_jY/mqdefault.jpg
f928118054aa4e11aa4ec88504d8b886,4260,【寫字靜心】很多感謝要寫🦋！來寫字靜心一邊聊聊天吧！【 #臺灣vtuber / #雲際線】,2022-07-13T10:41:38Z,https://www.youtube.com/watch?v=u5gnXnP83fE,https://i.ytimg.com/vi/u5gnXnP83fE/mqdefault.jpg
e7fd5d01e57c42658be2bf1e3ad5d696,4260,【歌回】唱點抒情歌或治癒的歌【繆・索緹絲 / Myo Sotis (NKshoujo)】,2022-07-06T15:45:04Z,https://www.youtube.com/watch?v=pdSwOGLd-uM,https://i.ytimg.com/vi/pdSwOGLd-uM/mqdefault.jpg
a51be890a1f443ea87bee45c9d8acf13,4259,【Na J】買早餐，今天可以完成FTK的吧 |  ^ↀᴥↀ^,2022-07-18T03:01:45Z,https://www.twitch.tv/videos/1535080408,https://static-cdn.jtvnw.net/cf_vods/d3vd9lfkzbru3h/6f2833f68f43b94248a1_kankona0616_39497152999_1658113299//thumb/thumb0-%{width}x%{height}.jpg
bed13deb3871443980e131a466519b54,4258,【銀鈴+海唧】海唧手把手教銀鈴打槍，Hand Simulator！【2022/7/15】,2022-07-15T05:06:55Z,https://www.youtube.com/watch?v=_UC_eOAsklQ,https://i.ytimg.com/vi/_UC_eOAsklQ/mqdefault.jpg
f928118054aa4e11aa4ec88504d8b886,4258,【您好悠默#1】地獄近了！嚇人的存在不該出現？這樣的殭屍你喜歡嗎？【雙人議題性雜談 feat. @悠白Ubye  #臺灣vtuber / #雲際線】,2022-07-28T14:13:57Z,https://www.youtube.com/watch?v=51uNDVPLN1o,https://i.ytimg.com/vi/51uNDVPLN1o/mqdefault.jpg
265a18972d244affae35711cfd1f9931,4255,🐙P9把拔白夏電玩節🐙各位 我的天 你知道這是甚麼嗎 (APEX髒話禁止繼續) #PLANET9商城 #PLANET9白夏電玩節 【MiroLive/塔芭絲可】,2022-07-25T14:17:40Z,https://www.youtube.com/watch?v=plG3YzDbteo,https://i.ytimg.com/vi/plG3YzDbteo/mqdefault.jpg
3be86a2a9cb447f393d235132e157789,4253,【Vtuber】逼逼逼— 請你跟我走一趟！蘿莉蕾出沒！？【特別企劃】#ACGlive #蕾兒,2022-07-09T15:45:27Z,https://www.youtube.com/watch?v=W1OySDYTRdk,https://i.ytimg.com/vi/W1OySDYTRdk/mqdefault.jpg
2741a90689f342548daad7f760b0a8f7,4253,【絕命精神病院】耳 膜 注 意！我們不要這間醫院了【希翁／Chion】,2022-07-05T15:50:58Z,https://www.youtube.com/watch?v=fuZpdMfej78,https://i.ytimg.com/vi/fuZpdMfej78/mqdefault.jpg
b126053a1356460ebf85a874a6a55aca,4252,要選舉了～醫護終於拿到獎金了!｜3+11大團結! 范雲和陳時中終於不演了! 🍓20220716　#高雄林小姐 #Vtuber​​​​ #台灣Vtuber​​​ #台V​​,2022-07-16T12:56:51Z,https://www.youtube.com/watch?v=So73BSDw5TQ,https://i.ytimg.com/vi/So73BSDw5TQ/mqdefault.jpg
8a4988902b5640e6ae1829285307c636,4245,【L4D2】吃我一技棒棒！小心野海熊！ ft.@Tabasuko Ch. 塔芭絲可 @祈菈‧貝希毛絲 ch.Narrator / STORIA @Hoonie friends 【歐貝爾．Vtuber】,2022-07-04T14:10:55Z,https://www.youtube.com/watch?v=8_9Yn_vk1oU,https://i.ytimg.com/vi/8_9Yn_vk1oU/mqdefault.jpg
d1dd83b6e8a24df4b61f766cff45113c,4245,【闇影詩章】牌組分享➤長城架起穩穩使用究極巴哈姆特轟炸你的牌堆，聖輝照樣滿天飛！➧指定T2 RoG〈shadowverse/シャドウバース〉【台V/台灣Vtuber】,2022-07-12T12:59:16Z,https://www.youtube.com/watch?v=Xnc8usqPJ2A,https://i.ytimg.com/vi/Xnc8usqPJ2A/mqdefault.jpg
590a2bca0051444fb98915e5d761d47c,4243,【AirLife】costco要買啥 訂閱告急 !新翻唱｜!精華 !六等星 ｜ #Vtype #小森未央,2022-07-27T21:22:52Z,https://www.twitch.tv/videos/1544652998,https://static-cdn.jtvnw.net/cf_vods/d3vd9lfkzbru3h/8bf80b08c42f3e6bbe9f_komorimio_39523009399_1658956963//thumb/thumb0-%{width}x%{height}.jpg
b126053a1356460ebf85a874a6a55aca,4236,大暑全台烤蕃薯！｜這種政客真丟臉！鄭文燦被阿罵嗆 🍓20220723　#高雄林小姐 #Vtuber​​​​ #台灣Vtuber​​​ #台V​​,2022-07-23T12:50:10Z,https://www.youtube.com/watch?v=89NRJ_HMCOk,https://i.ytimg.com/vi/89NRJ_HMCOk/mqdefault.jpg
95de1fe6727944e68404aec425d09170,4236,【Resident Evil 6】惡靈古堡６雙人模式聽說可以互相陷害，阿靈姐前面交給你坦了，我保護你背後！ft. @ASMR Healing 希靈 【海唧/惡獸時代】,2022-07-21T14:33:41Z,https://www.youtube.com/watch?v=YRXduQRINgY,https://i.ytimg.com/vi/YRXduQRINgY/mqdefault.jpg
e7fd5d01e57c42658be2bf1e3ad5d696,4230,【收益化紀念歌雜】封面圖是被鈔票砸得很開心的我【繆・索緹絲 / Myo Sotis (NKshoujo)】,2022-07-21T14:28:20Z,https://www.youtube.com/watch?v=pFPvehYBPuw,https://i.ytimg.com/vi/pFPvehYBPuw/mqdefault.jpg
265a18972d244affae35711cfd1f9931,4229,🐙BDSM小講座#2 Q&A篇🐙 也許你聽過SM 或是BDSM 但你真的懂嗎 讓我稍微帶你進入這個世界【MiroLive/塔芭絲可】,2022-07-01T14:33:31Z,https://www.youtube.com/watch?v=od5UdUAnQfA,https://i.ytimg.com/vi/od5UdUAnQfA/mqdefault.jpg
1c5619a4ece046dd8ba68ed343489ca3,4227,【糖豆觀眾場💕】李聽隊vs尾巴隊❗聽粉快來幫幫我🤣🤣｜Vtuber,2022-07-28T16:03:18Z,https://www.youtube.com/watch?v=p1X78oJ7f9I,https://i.ytimg.com/vi/p1X78oJ7f9I/mqdefault.jpg
d1dd83b6e8a24df4b61f766cff45113c,4223,【闇影詩章χ挑戰】➤只要打七張牌就能獲勝！用柒能術師打階級對戰首勝要花多久時間？遇到了神扯巴哈抽爛精靈...➧ RoG〈shadowverse/シャドウバース〉【台V/台灣Vtuber】,2022-07-08T13:22:51Z,https://www.youtube.com/watch?v=4i70ufu2hCk,https://i.ytimg.com/vi/4i70ufu2hCk/mqdefault.jpg
de0e98c9266449b7874a942cbbb63a0d,4218,【女王的音謀論】下午時光輕鬆歌回！社禽電台【阿爾姿/惡獸時代】,2022-07-04T08:39:55Z,https://www.youtube.com/watch?v=wlKKHoCO7iw,https://i.ytimg.com/vi/wlKKHoCO7iw/mqdefault.jpg
2e266a71aa3d4a67bb8d9a2a0b573319,4206,０７０６(三) 我起床了 | !YT !加班 !中秋活動 !七月活動 !魚幣比值,2022-07-05T22:10:53Z,https://www.twitch.tv/videos/1523428240,https://static-cdn.jtvnw.net/cf_vods/d3vd9lfkzbru3h/0099d691dd70369fecb2_ziifish_39464748919_1657059046//thumb/thumb0-%{width}x%{height}.jpg
265a18972d244affae35711cfd1f9931,4196,🐙麥塊廢章🐙相互陪伴 好好休息一下 順便來蓋新家【MiroLive/塔芭絲可 】,2022-07-05T18:06:12Z,https://www.youtube.com/watch?v=kUNICKowp7Q,https://i.ytimg.com/vi/kUNICKowp7Q/mqdefault.jpg
ba562aad440d483e988d3ce7e7217c94,4173,[貓宮香草] 7/23 撿垃圾囉  晚點觀眾娛樂賽    !DC,2022-07-23T07:26:26Z,https://www.twitch.tv/videos/1540192931,https://static-cdn.jtvnw.net/cf_vods/d3vd9lfkzbru3h/df1486bf3f8c5b4fc012_vanilla_shironeko_39510952695_1658561181//thumb/thumb0-%{width}x%{height}.jpg
bed13deb3871443980e131a466519b54,4172,【銀鈴雜談】人類不會煩惱離自己太遙遠的事物，例如房價【2022/7/22】,2022-07-22T04:57:15Z,https://www.youtube.com/watch?v=wH2zPfmNq0A,https://i.ytimg.com/vi/wH2zPfmNq0A/mqdefault.jpg
f928118054aa4e11aa4ec88504d8b886,4171,【工作陪伴】收假好不想上班......虛擬同事陪你上班🦋！【 #臺灣vtuber / #雲際線】,2022-07-15T10:15:14Z,https://www.youtube.com/watch?v=aFiwkBYVuzo,https://i.ytimg.com/vi/aFiwkBYVuzo/mqdefault.jpg
b126053a1356460ebf85a874a6a55aca,4168,球員工會賽前提27缺失被無視！是誰急開幕慘翻車？｜余正煌指林智堅連出席台大審定委員會都不敢 🍓20220728　#高雄林小姐 #Vtuber​​​​ #台灣Vtuber​​​ #台V​​,2022-07-28T13:04:04Z,https://www.youtube.com/watch?v=bwWh00BaaDY,https://i.ytimg.com/vi/bwWh00BaaDY/mqdefault.jpg
b126053a1356460ebf85a874a6a55aca,4167,陳時中林智堅負責到落跑＝承擔？｜記憶漏洞搶政績？民進黨收割無極限！ 🍓20220711　#高雄林小姐 #Vtuber​​​​ #台灣Vtuber​​​ #台V​​,2022-07-11T12:54:35Z,https://www.youtube.com/watch?v=K_TF9Ba1cb8,https://i.ytimg.com/vi/K_TF9Ba1cb8/mqdefault.jpg
8b027d3a3f374c9c8398b6dd751e5018,4157,【Beat Saber】就很突然 作息好像好了 訂閱限定桌布更新啦！ヘ| ´ω｀ |ﾉ｜ !初配信 x !光劍 ｜掛台換周邊月卡,2022-07-23T00:12:01Z,https://www.twitch.tv/videos/1539877982,https://static-cdn.jtvnw.net/cf_vods/d3vd9lfkzbru3h/7fbf8cad9c2aabf9f9e7_lisheng_tw_39510321863_1658535112//thumb/thumb0-%{width}x%{height}.jpg
626750f4e7a745619c171c44fb1efcc0,4156,挑戰全速智養馬?PT刷刷!培育馬娘! 賽馬娘Pretty Derby  #08【天使Vtuber小雪Yukichan】,2022-07-11T08:06:23Z,https://www.youtube.com/watch?v=8XC2kVYFL_Q,https://i.ytimg.com/vi/8XC2kVYFL_Q/mqdefault.jpg
626750f4e7a745619c171c44fb1efcc0,4155,神鷹育成教學!配卡/配點/覺醒 賽馬娘Pretty Derby  #14【天使Vtuber小雪Yukichan】,2022-07-27T09:35:12Z,https://www.youtube.com/watch?v=w-_cZImYdYM,https://i.ytimg.com/vi/w-_cZImYdYM/mqdefault.jpg
b126053a1356460ebf85a874a6a55aca,4152,政務官是自由業？陳時中幹話又來了｜時力：林智堅論文連表格都抄100%！ 🍓20220712　#高雄林小姐 #Vtuber​​​​ #台灣Vtuber​​​ #台V​​,2022-07-12T12:54:32Z,https://www.youtube.com/watch?v=4Vxv6Wjv6WE,https://i.ytimg.com/vi/4Vxv6Wjv6WE/mqdefault.jpg
f40b8e8debf14680b5cc88bae98918f7,4148,【一周年慶祝回】一年都過去了怎麼要直播前還是會緊張Q【燎漓Loli】#台灣Vtuber​​​ #ReliveProject,2022-07-17T20:22:41Z,https://www.youtube.com/watch?v=5jTKA9FoFdA,https://i.ytimg.com/vi/5jTKA9FoFdA/mqdefault.jpg
658e63bebdca421ca934b0bf6aa2bcd8,4144,【#2 獵逃驚魂 / 恐怖懸疑遊戲】食人族襲來 ! 現充們小心啦 !【灰妲 】#台灣Vtuber​​​ #reliveproject,2022-07-13T18:11:21Z,https://www.youtube.com/watch?v=GCvxOafysAY,https://i.ytimg.com/vi/GCvxOafysAY/mqdefault.jpg
575d15d21f7240e1ad72935bf7fa0465,4144,🍡【加班台#11】爆肝系回饋感謝｜12...24HR貼貼在一起 ♡ 最後億集真的真的要下班了...？【夏羽由里/Vtuber】,2022-07-12T02:34:38Z,https://www.youtube.com/watch?v=ZoEYC29SWH0,https://i.ytimg.com/vi/ZoEYC29SWH0/mqdefault.jpg
3f4650e05ceb41008bd16869780b7af1,4136,【加班台】是生還是死！5000訂閱回饋 來自地獄的加班台開始！！DAY2,2022-07-26T06:33:38Z,https://www.youtube.com/watch?v=S3yZXXp2KHQ,https://i.ytimg.com/vi/S3yZXXp2KHQ/mqdefault.jpg
265a18972d244affae35711cfd1f9931,4129,🐙3.1萬慶祝🐙來 一起討論寵物的美好!!讓我聽聽你跟你家寶貝的故事!【MiroLive/塔芭絲可】,2022-07-13T14:47:33Z,https://www.youtube.com/watch?v=BNR391qhOak,https://i.ytimg.com/vi/BNR391qhOak/mqdefault.jpg
b126053a1356460ebf85a874a6a55aca,4124,"基進為護祖黨自殘 , 連時代力量都不如｜日韓疫情爆發 , 台灣應超前部署！ 🍓20220718　#高雄林小姐 #Vtuber​​​​ #台灣Vtuber​​​ #台V​​",2022-07-18T12:57:35Z,https://www.youtube.com/watch?v=4yHPjkstbDQ,https://i.ytimg.com/vi/4yHPjkstbDQ/mqdefault.jpg
2741a90689f342548daad7f760b0a8f7,4124,【七星傳SevenSphere】NK歐洲人抽卡大對決！會由哪一組入住非洲呢？【NKshoujo】,2022-07-14T14:37:04Z,https://www.youtube.com/watch?v=aLHSvPc1ge0,https://i.ytimg.com/vi/aLHSvPc1ge0/mqdefault.jpg
7081557634db487fa467b0bd2f939f66,4121,【REVIEW】ITALIAN APARTMENTS!【🥃Collin Palladio/柯林•派🦌】#62 FEAT @TSMATCH火柴,2022-07-12T14:33:45Z,https://www.youtube.com/watch?v=r6IIgpwcyaM,https://i.ytimg.com/vi/r6IIgpwcyaM/mqdefault.jpg
1b63d89e0b1a4b579de6d99e25eaff8f,4112,【貓祭】 新模型披露目 | 七月鬼門開，新模型粗乃玩！！！#Vtuber #貓祭,2022-07-08T16:50:34Z,https://www.youtube.com/watch?v=QvxB432NEzs,https://i.ytimg.com/vi/QvxB432NEzs/mqdefault.jpg
b42416c629e64c948f75aff4ff5c9a8a,4111,【Minecraft Building Game】你蓋我猜！@伊索渡 AesopDu Ch.  視角｜伊甸飲酒,2022-07-24T15:59:42Z,https://www.youtube.com/watch?v=gMf7Edu2fA8,https://i.ytimg.com/vi/gMf7Edu2fA8/mqdefault.jpg
1254f176d93548aca5ac7f4b53313f71,4107,#minecraft 殭屍村民 #麥塊 #我的世界,2022-07-16T05:00:16Z,https://www.youtube.com/watch?v=j4x884W64JE,https://i.ytimg.com/vi/j4x884W64JE/mqdefault.jpg
f110fd69b66941bab04de9ada563c6ac,4106,【雜談】FF39展場照片分享 ＆ AOI夏日掛軸販售！｜戰爭還未結束啊各位！【AoiHinamori​​​​】,2022-07-16T16:34:01Z,https://www.youtube.com/watch?v=Hizl_HMdfmg,https://i.ytimg.com/vi/Hizl_HMdfmg/mqdefault.jpg
e113ace92bbe445385bcc4635a9ca570,4100,【Sucker for Love: First Date】與古神的約會⚡平平子的約會教戰守則,2022-07-29T19:22:25Z,https://www.youtube.com/watch?v=RvMKPT7ZTnY,https://i.ytimg.com/vi/RvMKPT7ZTnY/mqdefault.jpg
b126053a1356460ebf85a874a6a55aca,4099,未確診亡黑數倍增？衛福部否認超額死亡｜輸澳門芒果也被驗出新冠陽? 🍓20220701　#高雄林小姐 #Vtuber​​​​ #台灣Vtuber​​​ #台V​​,2022-07-01T12:55:28Z,https://www.youtube.com/watch?v=fntssee2F0E,https://i.ytimg.com/vi/fntssee2F0E/mqdefault.jpg
1c5619a4ece046dd8ba68ed343489ca3,4099,【Rust】遇到單獨の野生蘿莉，原本想搶妹子的裝備❗『但她突然說可以幫我吹ＯＯ😱』,2022-07-22T11:32:31Z,https://www.youtube.com/watch?v=hY--43542yg,https://i.ytimg.com/vi/hY--43542yg/mqdefault.jpg
3197e5649c65405cbbe6e5f1a44cf8e1,4098,【歌雜】清唱歌回!!隨點隨唱! 【白月心宿】,2022-07-06T20:11:13Z,https://www.youtube.com/watch?v=P6fXco6YeOI,https://i.ytimg.com/vi/P6fXco6YeOI/mqdefault.jpg
b0fa9fc53f99425db4cca93d2d48a91f,4085,【歌枠/歌回】真珠美人魚限定💗用閃亮的聲音開始現場演唱 ! 【RiRA 梨菈】,2022-07-22T14:06:05Z,https://www.youtube.com/watch?v=n7VVe4G3rz8,https://i.ytimg.com/vi/n7VVe4G3rz8/mqdefault.jpg
de0e98c9266449b7874a942cbbb63a0d,4082,【深夜禽話 Club A.】真人美女在線聊天？陪你說說枕邊情話【阿爾姿/惡獸時代】,2022-07-29T19:38:38Z,https://www.youtube.com/watch?v=NUTFKy8dDrI,https://i.ytimg.com/vi/NUTFKy8dDrI/mqdefault.jpg
da4a58b114b94469a0a93f6b8ee7512d,4072,【傳說對決】聽說每年一到暑假，打開傳說就會有奇異的事發生！【台灣Vtuber】#秋芽說 #RenewLive #傳說對決,2022-07-23T11:03:18Z,https://www.youtube.com/watch?v=f6Vb7Ywzmkc,https://i.ytimg.com/vi/f6Vb7Ywzmkc/mqdefault.jpg
6c88799c6f45407faf0f9ea007b0dcab,4071,【Minecraft/麥塊】沒有倚天的屠龍記，來去終界住一晚｜不是1.19《鷲峰良》,2022-07-13T16:09:19Z,https://www.youtube.com/watch?v=t3Umev5YPHA,https://i.ytimg.com/vi/t3Umev5YPHA/mqdefault.jpg
1c5619a4ece046dd8ba68ed343489ca3,4069,【李聽】Stray💕可愛浪浪貓闖天關😊｜Vtuber｜,2022-07-20T15:59:06Z,https://www.youtube.com/watch?v=DmlI42NgtoE,https://i.ytimg.com/vi/DmlI42NgtoE/mqdefault.jpg
2ce2f9977d4a4dc0844e518369e11e6b,4068,【企劃】能把聊天室BAN到10秒完全安靜就是Rumii的勝利！！【HKVTuber/如月瑠美】,2022-07-20T15:06:00Z,https://www.youtube.com/watch?v=U_S0Um7p-zE,https://i.ytimg.com/vi/U_S0Um7p-zE/mqdefault.jpg
ce2a2c07a74640fc8d3b39d022b16dd9,4067,【FF39開拓動漫祭】名雪組豹崽子出征啦!! Day1,2022-07-16T09:53:06Z,https://www.youtube.com/watch?v=zX9lO9FqIB4,https://i.ytimg.com/vi/zX9lO9FqIB4/mqdefault.jpg
8a4988902b5640e6ae1829285307c636,4064,【雜談】夜晚的熊熊聊天時間，這禮拜與你們的獨處時光！【歐貝爾．Vtuber】,2022-07-28T15:00:55Z,https://www.youtube.com/watch?v=_jyHbwoxUCE,https://i.ytimg.com/vi/_jyHbwoxUCE/mqdefault.jpg
f4cc8258f66e4276871f213aeaf93fbb,4060,@【雙聲類】小光 【理光日記#1】｜光妹做惡夢QQ睡不著怎麼辦? 【緋夏理光 hikariimouto】,2022-07-22T04:00:10Z,https://www.youtube.com/watch?v=E-GYirKZh6g,https://i.ytimg.com/vi/E-GYirKZh6g/mqdefault.jpg
1b63d89e0b1a4b579de6d99e25eaff8f,4059,【貓祭】包貨 雜談 假ASMR #Vtuber #貓祭,2022-07-06T11:35:48Z,https://www.youtube.com/watch?v=gomeJvn6cFs,https://i.ytimg.com/vi/gomeJvn6cFs/mqdefault.jpg
2741a90689f342548daad7f760b0a8f7,4057,【minecraft1.19】突發！初NKshoujo伺服器！！首先先活下來再說【希翁／Chion】,2022-07-07T16:53:21Z,https://www.youtube.com/watch?v=zNaypg4wuSY,https://i.ytimg.com/vi/zNaypg4wuSY/mqdefault.jpg
265a18972d244affae35711cfd1f9931,4056,🐙主題雜談🐙複製文?地獄梗?如果今天是個女生說:那個女孩子說胸不舒服 我摸摸 我覺得滿舒服的呀 是不是不同 一起討論吧【MiroLive/塔芭絲可 】,2022-07-05T12:56:30Z,https://www.youtube.com/watch?v=jJKkjEWz9Ns,https://i.ytimg.com/vi/jJKkjEWz9Ns/mqdefault.jpg
be6c475c291d45a0a7349abdb70be20d,4050,【GTA5實況】該來點鑽石了吧！,2022-07-11T16:20:34Z,https://www.youtube.com/watch?v=go0nX48Qdh8,https://i.ytimg.com/vi/go0nX48Qdh8/mqdefault.jpg
a02bb0332f5942ec892c932d6a089014,4047,Shake shake 「2 phut hon」#bery41 #drawberry #貝莉莓,2022-07-08T07:59:33Z,https://www.youtube.com/watch?v=_q3JpkausOw,https://i.ytimg.com/vi/_q3JpkausOw/mqdefault.jpg
de0e98c9266449b7874a942cbbb63a0d,4043,【女王的音謀論】清唱？下午的社禽電台！給你音樂【阿爾姿/惡獸時代】,2022-07-27T12:45:49Z,https://www.youtube.com/watch?v=_a5umn_yIX0,https://i.ytimg.com/vi/_a5umn_yIX0/mqdefault.jpg
658e63bebdca421ca934b0bf6aa2bcd8,4041,【FF39日後談 / 雜談】比想像中還多的人潮 與一堆雞腿【灰妲 】#台灣Vtuber​​​ #reliveproject,2022-07-17T16:08:17Z,https://www.youtube.com/watch?v=bXduZzuLfaU,https://i.ytimg.com/vi/bXduZzuLfaU/mqdefault.jpg
b126053a1356460ebf85a874a6a55aca,4038,農委會說不缺蛋是需求量大增？蛋價再漲2元！｜黨要你趴你敢只跪？基進小將全都軟了！ 🍓20220719　#高雄林小姐 #Vtuber​​​​ #台灣Vtuber​​​ #台V​​,2022-07-19T12:56:31Z,https://www.youtube.com/watch?v=K5WOceLCfKQ,https://i.ytimg.com/vi/K5WOceLCfKQ/mqdefault.jpg
04d2ff1dde6b4bb68503a734274f4b7e,4036,【中文CC字幕】Clover Wish ( covered by NKshoujo ),2022-07-30T14:15:13Z,https://www.youtube.com/watch?v=9PAYcNyG2nk,https://i.ytimg.com/vi/9PAYcNyG2nk/mqdefault.jpg
b126053a1356460ebf85a874a6a55aca,4035,真．小英男孩真抄襲？林智堅徽章又添兩枚？｜評論太魯閣號案土木技師遭行政院打壓工作權？法官挺他！ 🍓20220705　#高雄林小姐 #Vtuber​​​​ #台灣Vtuber​​​ #台V​​,2022-07-05T12:54:52Z,https://www.youtube.com/watch?v=Fbam-9B3uvU,https://i.ytimg.com/vi/Fbam-9B3uvU/mqdefault.jpg
3809ec8a42634d11aa1b7b8f99755c6a,4034,【花花】7/10  目標打王 ✤ !YT ✤ !委託 ✤ !月榜,2022-07-10T21:31:52Z,https://www.twitch.tv/videos/1528157174,https://static-cdn.jtvnw.net/cf_vods/d3vd9lfkzbru3h/2eac7f354e6482d71d48_mayberuu_39477744615_1657488705//thumb/thumb0-%{width}x%{height}.jpg
0bf0ec441dc6489583f7218e02ab6a89,4032,🔴【CALL IN】07/20 20:00 來聊聊天解憂，150元讓Nyoro陪你夜聊喔❤,2022-07-20T23:44:16Z,https://www.youtube.com/watch?v=9NGkljBD5Ko,https://i.ytimg.com/vi/9NGkljBD5Ko/mqdefault.jpg
e113ace92bbe445385bcc4635a9ca570,4025,【拍照時間】噓！User要安靜睡覺⚡平平子要偷偷把User畫醜醜！,2022-07-08T19:21:09Z,https://www.youtube.com/watch?v=n-qBSnjOfd4,https://i.ytimg.com/vi/n-qBSnjOfd4/mqdefault.jpg
dee8efe8990e458c915e4f6a6a16b49f,4021,【工商】擁有 2 kg的軟嫩屁屁，暑假在家的你值得擁有!!,2022-07-29T13:19:00Z,https://www.youtube.com/watch?v=BQ4TB2AGY9c,https://i.ytimg.com/vi/BQ4TB2AGY9c/mqdefault.jpg
b126053a1356460ebf85a874a6a55aca,4015,"糟蹋人?! 台鐵桃園站冷氣壞要修200天?｜好可惜! 蔻蔻震怒炮轟 , 焦糖被切割! 🍓20220714　#高雄林小姐 #Vtuber​​​​ #台灣Vtuber​​​ #台V​​",2022-07-14T12:54:03Z,https://www.youtube.com/watch?v=FlDu-moo1pw,https://i.ytimg.com/vi/FlDu-moo1pw/mqdefault.jpg
2741a90689f342548daad7f760b0a8f7,4008,【收益化特別企劃】國王遊戲！？轉盤決定希翁命運！【希翁／Chion】,2022-07-17T15:16:29Z,https://www.youtube.com/watch?v=GEcpAPX4VOE,https://i.ytimg.com/vi/GEcpAPX4VOE/mqdefault.jpg
265a18972d244affae35711cfd1f9931,4007,🐙APEX觀眾場🐙今天要多練練單點槍！！髒話繼續禁止ing(懲罰看資訊區) 直播結束轉不公開 今天的教練　@韾笙重工 【MiroLive/塔芭絲可 】,2022-07-03T21:13:05Z,https://www.youtube.com/watch?v=FTM2nT5PiQ4,https://i.ytimg.com/vi/FTM2nT5PiQ4/mqdefault.jpg
b126053a1356460ebf85a874a6a55aca,4007,1233211234567🍓20220717　#高雄林小姐 #Vtuber​​​​ #台灣Vtuber​​​ #台V​​,2022-07-17T13:06:23Z,https://www.youtube.com/watch?v=nDpojExnOuQ,https://i.ytimg.com/vi/nDpojExnOuQ/mqdefault.jpg
b126053a1356460ebf85a874a6a55aca,4003,日韓都有邪教問題，台灣有邪教嗎？｜拜登也是讀稿機？馬斯克補刀！ 🍓20220710　#高雄林小姐 #Vtuber​​​​ #台灣Vtuber​​​ #台V​​,2022-07-10T13:07:47Z,https://www.youtube.com/watch?v=1ksmiqSnESY,https://i.ytimg.com/vi/1ksmiqSnESY/mqdefault.jpg
8a4988902b5640e6ae1829285307c636,3997,【GangStart】異世界極道傳說，趕快轉生到異世界當大爺啦！有病製作【歐貝爾．Vtuber】,2022-07-01T11:00:51Z,https://www.youtube.com/watch?v=JuW7LtDqVnQ,https://i.ytimg.com/vi/JuW7LtDqVnQ/mqdefault.jpg
7081557634db487fa467b0bd2f939f66,3997,【ONE HAND CLAPPING】One Hand Clapping Them ******!【🥃Collin Palladio/柯林•派🦌】#63,2022-07-13T14:10:55Z,https://www.youtube.com/watch?v=9j3dV0nESH4,https://i.ytimg.com/vi/9j3dV0nESH4/mqdefault.jpg
1254f176d93548aca5ac7f4b53313f71,3994,#minecraft 沉屍（Drowned）#麥塊 #我的世界,2022-07-10T04:10:56Z,https://www.youtube.com/watch?v=ZsaSktsgWaA,https://i.ytimg.com/vi/ZsaSktsgWaA/mqdefault.jpg
de0e98c9266449b7874a942cbbb63a0d,3988,【活動】漫畫博覽會現場互動！既然來了就接好我的嚴刑拷問【阿爾姿/惡獸時代】,2022-07-31T09:28:04Z,https://www.youtube.com/watch?v=Z7cuQy3vhwg,https://i.ytimg.com/vi/Z7cuQy3vhwg/mqdefault.jpg
3be86a2a9cb447f393d235132e157789,3987,【Vtuber】早安，一起度過上班前的時光吧【早安茶館 | EP58 | 知育菓子 DIY】 #ACGlive #蕾兒,2022-07-12T04:06:49Z,https://www.youtube.com/watch?v=DXvY6FJJsGY,https://i.ytimg.com/vi/DXvY6FJJsGY/mqdefault.jpg
2e266a71aa3d4a67bb8d9a2a0b573319,3975,０７０７(四) 晚上7點圖奇pwnk比賽記得來OVO | !YT !加班 !中秋活動 !七月活動 !魚幣比值,2022-07-07T01:44:56Z,https://www.twitch.tv/videos/1524572983,https://static-cdn.jtvnw.net/cf_vods/d3vd9lfkzbru3h/33bdd2276d8d7b339853_ziifish_39467512823_1657158290//thumb/thumb0-%{width}x%{height}.jpg
d1dd83b6e8a24df4b61f766cff45113c,3972,【闇影詩章】牌組分享➤公務員皇家再次上線✨兩倍里歐德開蹲，魯米那斯騎士巧妙補傷！➧指定 T2↓ RoG〈shadowverse/シャドウバース〉【台V/台灣Vtuber】,2022-07-11T14:35:54Z,https://www.youtube.com/watch?v=671e7szjubY,https://i.ytimg.com/vi/671e7szjubY/mqdefault.jpg
626750f4e7a745619c171c44fb1efcc0,3966,草上飛育成教學!配卡/配點/覺醒 賽馬娘Pretty Derby  #13【天使Vtuber小雪Yukichan】,2022-07-26T08:10:04Z,https://www.youtube.com/watch?v=0TZvcicYihc,https://i.ytimg.com/vi/0TZvcicYihc/mqdefault.jpg
548f8fcaa1b24e878b97d572df450bcb,3963,#安倍晉三 #安倍槍案 #日本 #日本新聞,2022-07-08T07:52:48Z,https://www.youtube.com/watch?v=5Ns7ongj_4A,https://i.ytimg.com/vi/5Ns7ongj_4A/mqdefault.jpg
b08047f2566246ac995e03a5db727cfe,3957,【2022 台北漫畫博覽會】那位小哥哥小姊姊要不要跟我拍照呀【DAY 02】Chatting Stream｜#Renewlive #須多夜花,2022-07-29T06:10:54Z,https://www.youtube.com/watch?v=DKwbPtHpNNo,https://i.ytimg.com/vi/DKwbPtHpNNo/mqdefault.jpg
04d2ff1dde6b4bb68503a734274f4b7e,3954,【飲酒雜談】星期五了，來跟歐咖咪桑放鬆聊聊天吧♡,2022-07-29T16:27:04Z,https://www.youtube.com/watch?v=cZBrnKs4swM,https://i.ytimg.com/vi/cZBrnKs4swM/mqdefault.jpg
ee0763f3339d45b493bf45488a8e7701,3949,［梓芊 ]FF39 DAY1 Q16 歡迎找我玩 | !2周年 !ff | 3000訂閱開跑中,2022-07-16T01:48:51Z,https://www.twitch.tv/videos/1533103100,https://static-cdn.jtvnw.net/cf_vods/d3vd9lfkzbru3h/fc9c253e051034dc4c9a_pandora0407_39491313143_1657936123//thumb/thumb0-%{width}x%{height}.jpg
b126053a1356460ebf85a874a6a55aca,3943,林智堅球場出包，公園也蓋不好？｜為護航不擇手段，球員工會也被賴！ 🍓20220726　#高雄林小姐 #Vtuber​​​​ #台灣Vtuber​​​ #台V​​,2022-07-26T13:06:01Z,https://www.youtube.com/watch?v=BxcqlppJY_Y,https://i.ytimg.com/vi/BxcqlppJY_Y/mqdefault.jpg
70a7428607b845fc959fb7d4859d018b,3941,7/22  ◆ >< !YT !減班,2022-07-22T05:25:16Z,https://www.twitch.tv/videos/1539140601,https://static-cdn.jtvnw.net/cf_vods/d3vd9lfkzbru3h/a4206d06cba7f5718b8a_zona181227_39508074455_1658467511//thumb/thumb0-%{width}x%{height}.jpg
e113ace92bbe445385bcc4635a9ca570,3934,【感謝SC】輕聲細語說謝謝⚡輕輕談天說地,2022-07-27T17:55:48Z,https://www.youtube.com/watch?v=WEsHFJMw7qE,https://i.ytimg.com/vi/WEsHFJMw7qE/mqdefault.jpg
265a18972d244affae35711cfd1f9931,3930,🐙7月壽星慶生+4階會員抽獎🐙慶生了!!這次是 巴斯克焦糖牛奶重乳酪蛋糕 【MiroLive/塔芭絲可】,2022-07-26T12:27:47Z,https://www.youtube.com/watch?v=345bWbtOjrs,https://i.ytimg.com/vi/345bWbtOjrs/mqdefault.jpg
be6c475c291d45a0a7349abdb70be20d,3929,【GTA5實況】三場賭場都是現金啦！！,2022-07-13T16:58:53Z,https://www.youtube.com/watch?v=GR3lm7yyP-U,https://i.ytimg.com/vi/GR3lm7yyP-U/mqdefault.jpg
a51be890a1f443ea87bee45c9d8acf13,3929,【Na J】家庭代工 |  ^ↀᴥↀ^,2022-07-16T14:12:33Z,https://www.twitch.tv/videos/1533514100,https://static-cdn.jtvnw.net/cf_vods/d3vd9lfkzbru3h/2f11189692cc8031d1f3_kankona0616_39493239095_1657980748//thumb/thumb0-%{width}x%{height}.jpg
1254f176d93548aca5ac7f4b53313f71,3928,#minecraft 殭屍馬 #我的世界 #麥塊,2022-07-18T03:44:38Z,https://www.youtube.com/watch?v=dkhanngmYz0,https://i.ytimg.com/vi/dkhanngmYz0/mqdefault.jpg
b126053a1356460ebf85a874a6a55aca,3926,蔣萬安服務真認真，把我嚇到了...｜陳時中：責任來，我就扛！於是責任就被扛走了… 🍓20220721　#高雄林小姐 #Vtuber​​​​ #台灣Vtuber​​​ #台V​​,2022-07-21T13:01:29Z,https://www.youtube.com/watch?v=2WL5cg_1nuc,https://i.ytimg.com/vi/2WL5cg_1nuc/mqdefault.jpg
49bb221fc77f440cae0c007a73f99aab,3920,【麥塊 Minecraft】不夜皇的新兵訓練！ft. @不夜皇 Fuyasumeragi Ch.  【烏庫魯尼魯UkuruNiru・VTuber】,2022-07-19T19:14:43Z,https://www.youtube.com/watch?v=2Ye4A0xVpS8,https://i.ytimg.com/vi/2Ye4A0xVpS8/mqdefault.jpg
2741a90689f342548daad7f760b0a8f7,3914,【魔界觀察#01】台灣！日本！有哪些怪地方！？【希翁／Chion with@克蕾 / Cray Ch. 】,2022-07-10T15:28:23Z,https://www.youtube.com/watch?v=Z4IeezVVcEE,https://i.ytimg.com/vi/Z4IeezVVcEE/mqdefault.jpg
d1dd83b6e8a24df4b61f766cff45113c,3910,【闇影詩章】牌組分享➤豪風甲蟲全新型態，妖精裝上翅膀，這套竟是巴哈的剋星！？➧指定T4 RoG〈shadowverse/シャドウバース〉【台V/台灣Vtuber】,2022-07-19T13:36:32Z,https://www.youtube.com/watch?v=N0sPmjPwt1o,https://i.ytimg.com/vi/N0sPmjPwt1o/mqdefault.jpg
f5ff982730f54cd4826ff0530a4288c2,3908,🍜 白湯與母湯DD之歌,2022-07-24T04:00:11Z,https://www.youtube.com/watch?v=_9nguVAxMp4,https://i.ytimg.com/vi/_9nguVAxMp4/mqdefault.jpg
98e3a5838fec4a6caa936ae35485de23,3906,【Minecraft】開著麥塊聊聊天！時隔兩個月的復工🍻【露恰露恰．Vtuber】,2022-07-06T17:05:17Z,https://www.youtube.com/watch?v=gZguykGIFzA,https://i.ytimg.com/vi/gZguykGIFzA/mqdefault.jpg
3809ec8a42634d11aa1b7b8f99755c6a,3902,【花花】7/3 今天一定 六月月榜還沒給資料要記得喔 ✤ 訂閱就可申請 !VPN ✤ !YT ✤ !委託 ✤ !月榜,2022-07-03T08:12:25Z,https://www.twitch.tv/videos/1521090247,https://static-cdn.jtvnw.net/cf_vods/d3vd9lfkzbru3h/0a19236aeb15b16b8e17_mayberuu_39457981527_1656835940//thumb/thumb0-%{width}x%{height}.jpg
a8ce4642418b4fe8ba1471a32097f4c4,3894,【棉花糖】來當個問題兒童吧 ! 好久沒吃棉花糖啦~ 【歐妲/惡獸時代】,2022-07-27T08:05:09Z,https://www.youtube.com/watch?v=OlMdQUb-9rU,https://i.ytimg.com/vi/OlMdQUb-9rU/mqdefault.jpg
ae4eaef845fc4daaa8106a51a590e145,3889,【歌枠】初歌回：動漫神曲串燒 Anime Singing Stream【史黛菈埃蕾諾亞 / Stella Eleanor】,2022-07-08T11:17:44Z,https://www.youtube.com/watch?v=nx4NaVod5VU,https://i.ytimg.com/vi/nx4NaVod5VU/mqdefault.jpg
7081557634db487fa467b0bd2f939f66,3875,【OUTLAST】Just No.【🥃Collin Palladio/柯林•派🦌】#67,2022-07-21T16:07:58Z,https://www.youtube.com/watch?v=_0kHBiejCt8,https://i.ytimg.com/vi/_0kHBiejCt8/mqdefault.jpg
af9cab022b2d4d1cb7e57246975842c4,3870,【雜談】抽6/30的感謝拍立得、公佈小房間｜狸狸兒｜KitsuKitsuu,2022-07-05T18:32:39Z,https://www.youtube.com/watch?v=0rsPIbuSPMs,https://i.ytimg.com/vi/0rsPIbuSPMs/mqdefault.jpg
b126053a1356460ebf85a874a6a55aca,3869,竹科合約曝光！是「抄襲」還是「詐領公帑」？｜譴責香港驗包裝，政府認知不協調！ 🍓20220707　#高雄林小姐 #Vtuber​​​​ #台灣Vtuber​​​ #台V​​,2022-07-07T12:59:35Z,https://www.youtube.com/watch?v=QsQ1nAbeUjk,https://i.ytimg.com/vi/QsQ1nAbeUjk/mqdefault.jpg
01f26342ae4e419280bcfd6ec6e86db1,3865,【宵夜雜談】吃日本小七的宇治抹茶系列甜點！【十五號．Vtuber】,2022-07-05T14:35:57Z,https://www.youtube.com/watch?v=n3ci3-K3798,https://i.ytimg.com/vi/n3ci3-K3798/mqdefault.jpg
494d2c5daf9f4a8a8e4538687e6be14c,3857,【DD】要抓也不是你抓! 我抓!【兔姬UsagiHime | 惡兔重工】,2022-07-28T21:00:24Z,https://www.youtube.com/watch?v=M_3gIzjar3M,https://i.ytimg.com/vi/M_3gIzjar3M/mqdefault.jpg
626750f4e7a745619c171c44fb1efcc0,3856,愛麗速子育成教學!配卡/配點/覺醒 賽馬娘Pretty Derby  #15【天使Vtuber小雪Yukichan】,2022-07-28T10:25:55Z,https://www.youtube.com/watch?v=3GXvGCh51CQ,https://i.ytimg.com/vi/3GXvGCh51CQ/mqdefault.jpg
1434ae451f81469da327f32c387b9df0,3854,【NieR Re[in]carnation】日服玩家來感受台服【Cheshire Kyatto】,2022-07-14T17:27:27Z,https://www.youtube.com/watch?v=uxmtHREMRvw,https://i.ytimg.com/vi/uxmtHREMRvw/mqdefault.jpg
67d6807619064938a78832b4106de5c0,3850,【廢片】當屁孩米遇到在意年紀的鬼 #shorts,2022-07-10T10:00:07Z,https://www.youtube.com/watch?v=5ZlIrpTRwN8,https://i.ytimg.com/vi/5ZlIrpTRwN8/mqdefault.jpg
dee8efe8990e458c915e4f6a6a16b49f,3845,【出來玩】別問題這麼多 開一下而已,2022-07-09T16:03:12Z,https://www.youtube.com/watch?v=Gi6zUDeZjvk,https://i.ytimg.com/vi/Gi6zUDeZjvk/mqdefault.jpg
658e63bebdca421ca934b0bf6aa2bcd8,3840,【突發】諾櫻問我怎麼揪團 所以我開個台截圖給她看【灰妲 】#台灣Vtuber​​​ #reliveproject,2022-07-18T13:10:36Z,https://www.youtube.com/watch?v=_LrWYQap4Bw,https://i.ytimg.com/vi/_LrWYQap4Bw/mqdefault.jpg
9d9c6477329245cbb2557895f4f15686,3838,7/18  好興奮！尾巴吊飾確定能端上桌了 (•ᴥ•)♡,2022-07-18T15:31:21Z,https://www.twitch.tv/videos/1535439840,https://static-cdn.jtvnw.net/cf_vods/d3vd9lfkzbru3h/abae06771349a50edcd5_iitifox_39499071367_1658158276//thumb/thumb0-%{width}x%{height}.jpg
01f26342ae4e419280bcfd6ec6e86db1,3836,【韓語學習】腦袋撞到才在日本學韓文（처음으로 한국어공부하다）【十五號．Vtuber】,2022-07-01T17:14:44Z,https://www.youtube.com/watch?v=QJObcTKHHrQ,https://i.ytimg.com/vi/QJObcTKHHrQ/mqdefault.jpg
0bf0ec441dc6489583f7218e02ab6a89,3834,🔴【那欸架臭】07/03 20:00 喔～喔～喔～喔～那欸架臭！兔姬老師要不要吃一口阿！　@USAGIHIME CLUB.兔姬,2022-07-03T16:17:11Z,https://www.youtube.com/watch?v=92MNuoHs1NU,https://i.ytimg.com/vi/92MNuoHs1NU/mqdefault.jpg
bcbf00e1e98b4d5e8af20f29adbb0645,3833,【同步視聽】咒！連PEKO都認證的恐怖？！絕叫悲鳴注意！,2022-07-14T03:05:39Z,https://www.youtube.com/watch?v=YwYpvVeNv_4,https://i.ytimg.com/vi/YwYpvVeNv_4/mqdefault.jpg
3809ec8a42634d11aa1b7b8f99755c6a,3826,【花花】7/19 訂閱告急 ✤ !YT ✤ !委託 ✤ !月榜 ✤ !VPN,2022-07-19T12:52:47Z,https://www.twitch.tv/videos/1536311159,https://static-cdn.jtvnw.net/cf_vods/d3vd9lfkzbru3h/5a567b06377491714854_mayberuu_39501146871_1658235162//thumb/thumb0-%{width}x%{height}.jpg
49bb221fc77f440cae0c007a73f99aab,3825,【慶祝尼魯一周年】謝謝大家，尼魯竟然已經出道一周年了耶！【烏庫魯尼魯UkuruNiru・VTuber】,2022-07-16T04:21:21Z,https://www.youtube.com/watch?v=MbUSOvdVV54,https://i.ytimg.com/vi/MbUSOvdVV54/mqdefault.jpg
28a930938667442288010b333937e2ab,3825,我再也無法當Vtuber了《焦兒》,2022-07-19T11:40:10Z,https://www.youtube.com/watch?v=YuW0NsJ8qTo,https://i.ytimg.com/vi/YuW0NsJ8qTo/mqdefault.jpg
2741a90689f342548daad7f760b0a8f7,3822,【姐姐組反省會】在恐鬼症被制裁…那晚究竟發生了什麼【希翁／Chion ＆ @史黛菈 埃蕾諾亞 / Stella Eleanor Ch. ＆ @黑銀夜烏 / Karasu Ch. 】,2022-07-29T04:45:18Z,https://www.youtube.com/watch?v=uBojauOrCzY,https://i.ytimg.com/vi/uBojauOrCzY/mqdefault.jpg
3f4650e05ceb41008bd16869780b7af1,3813,【5100訂閱耐久】5100訂閱耐久！！沒達成目標不下播！【水羽焰】,2022-07-07T07:28:49Z,https://www.youtube.com/watch?v=tFITwOqSdCE,https://i.ytimg.com/vi/tFITwOqSdCE/mqdefault.jpg
de0e98c9266449b7874a942cbbb63a0d,3806,【女王的音謀論】英文鋼琴伴奏歌回【阿爾姿/惡獸時代】,2022-07-11T04:38:08Z,https://www.youtube.com/watch?v=AsxNWfUuT5U,https://i.ytimg.com/vi/AsxNWfUuT5U/mqdefault.jpg
e7fd5d01e57c42658be2bf1e3ad5d696,3805,【雜談 / Live2D展示】我的觀眾都有被虐傾向嗎？【繆・索緹絲 / Myo Sotis (NKshoujo)】,2022-07-11T14:38:28Z,https://www.youtube.com/watch?v=CyqbidpKNLE,https://i.ytimg.com/vi/CyqbidpKNLE/mqdefault.jpg
22ca620b93c94e5cb48175bbecf8d3af,3804,今日會好多廢話，先分享下依家說仔嘅狀況，說仔嘅studio迎嚟狗仔一隻，應該夜啲十一點先講男女問題 ：今晚直播夜唔夜Ep3.23 2022-7-8,2022-07-08T17:51:18Z,https://www.youtube.com/watch?v=y2SAfJAQLpo,https://i.ytimg.com/vi/y2SAfJAQLpo/mqdefault.jpg
265a18972d244affae35711cfd1f9931,3803,🐙麥塊廢章🐙今天工作超累..我覺得..累累陪我蓋新家!! 拜...拜託( ´•̥×•̥` )【MiroLive/塔芭絲可 】,2022-07-06T17:47:42Z,https://www.youtube.com/watch?v=74TlAli0AZE,https://i.ytimg.com/vi/74TlAli0AZE/mqdefault.jpg
1b63d89e0b1a4b579de6d99e25eaff8f,3800,【貓祭】雜談 |  你　媽　開　工　啦 ！#vtuber #貓祭,2022-07-19T17:53:27Z,https://www.youtube.com/watch?v=Hw2Rvr8k71U,https://i.ytimg.com/vi/Hw2Rvr8k71U/mqdefault.jpg
575d15d21f7240e1ad72935bf7fa0465,3794,🍡【加班台#7】爆肝系回饋感謝｜12HR貼貼在一起 ♡ 假日悠哉工作雜談ㄟ配養馬加班班 ♡ 【夏羽由里/Vtuber】,2022-07-03T12:05:00Z,https://www.youtube.com/watch?v=I56siwKLEKc,https://i.ytimg.com/vi/I56siwKLEKc/mqdefault.jpg
1c5619a4ece046dd8ba68ed343489ca3,3781,【李聽】可愛貼圖上架囉💕聽粉準備好~萌翻聊天室了嗎😊｜Vtuber｜,2022-07-16T14:35:54Z,https://www.youtube.com/watch?v=doyn0eMfdMQ,https://i.ytimg.com/vi/doyn0eMfdMQ/mqdefault.jpg
4b6655120fbd4431a8f7894cac4a4d49,3779,雜談｜重大告知說明會 Ft. @0Vanilla Nyoro 香草奈若 【Healing希靈/VTuber】,2022-07-25T14:26:17Z,https://www.youtube.com/watch?v=GJXGpCsA35g,https://i.ytimg.com/vi/GJXGpCsA35g/mqdefault.jpg
1b63d89e0b1a4b579de6d99e25eaff8f,3778,【早安貓祭】今天的我，是發薪的我 (早餐拿到才開台)#早安貓祭 #OHAMEOW,2022-07-25T04:52:56Z,https://www.youtube.com/watch?v=C_jiB_1u4WI,https://i.ytimg.com/vi/C_jiB_1u4WI/mqdefault.jpg
95de1fe6727944e68404aec425d09170,3778,【白夜極光試玩】祭品流抽卡行動，非洲唧拼了！給我那個好用的光靈！！ 【海唧/惡獸時代】,2022-07-22T14:13:15Z,https://www.youtube.com/watch?v=wl39Gc9YBFM,https://i.ytimg.com/vi/wl39Gc9YBFM/mqdefault.jpg
3005ff0c09064d7f924c506e1e9c18ba,3777,【Ark: Survival Evolved】ARK新生活！可以養恐龍耶！with很多人 | !PLANET9商城 !PLANET9白夏電玩節｜猫夜凜,2022-07-20T11:16:24Z,https://www.twitch.tv/videos/1537277952,https://static-cdn.jtvnw.net/cf_vods/d3vd9lfkzbru3h/72b69c7cf4c213fa3284_nekoyarin_39503496759_1658315777//thumb/thumb0-%{width}x%{height}.jpg
1edf4940878546569e52dd06c95b8581,3773,【MHRise:sunbreak】貓車大賽 - 雪莉·啵啵 ft. @莎皮塞維爾 魔物獵人崛起：破曉,2022-07-12T17:15:43Z,https://www.youtube.com/watch?v=NTge2LHe5gI,https://i.ytimg.com/vi/NTge2LHe5gI/mqdefault.jpg
98e3a5838fec4a6caa936ae35485de23,3770,【深夜談】競競測試！也把之前的ＳＣ補唸！！🍻【露恰露恰．Vtuber】,2022-07-07T17:56:25Z,https://www.youtube.com/watch?v=MrwA_jug6WY,https://i.ytimg.com/vi/MrwA_jug6WY/mqdefault.jpg
b126053a1356460ebf85a874a6a55aca,3769,護陳時中無極限？李稟穎稱仇恨值高表示有做事｜在上位者胡說八道，然後想箝制民眾言論自由？ 🍓20220704　#高雄林小姐 #Vtuber​​​​ #台灣Vtuber​​​ #台V​​,2022-07-04T12:56:41Z,https://www.youtube.com/watch?v=_vqj9_h21Vs,https://i.ytimg.com/vi/_vqj9_h21Vs/mqdefault.jpg
6dc75ab227e34c928598bde8f2d324bf,3767,【#官方精華】日本料理街：直擊人與人的連結現場？？？🔞,2022-07-06T11:00:18Z,https://www.youtube.com/watch?v=J-rFEDFNyQE,https://i.ytimg.com/vi/J-rFEDFNyQE/mqdefault.jpg
2741a90689f342548daad7f760b0a8f7,3757,【GTAV】觀眾參加型｜咱ㄟ角頭！希翁大車隊出發！【希翁／Chion】,2022-07-28T07:30:14Z,https://www.youtube.com/watch?v=YGBZhpsefcA,https://i.ytimg.com/vi/YGBZhpsefcA/mqdefault.jpg
98e3a5838fec4a6caa936ae35485de23,3755,【深夜談】週一的夜晚就用例行的工作談結束吧🍻【露恰露恰．Vtuber】,2022-07-25T17:31:13Z,https://www.youtube.com/watch?v=Prw6DYPLYaw,https://i.ytimg.com/vi/Prw6DYPLYaw/mqdefault.jpg
7c06b9e316ce4ac18ce836cd72442bbe,3755,用最真誠的心倒數迎接生日吧【官方精華】#shorts #Hearts #niki,2022-07-23T10:23:23Z,https://www.youtube.com/watch?v=lQKc501Al80,https://i.ytimg.com/vi/lQKc501Al80/mqdefault.jpg
67d6807619064938a78832b4106de5c0,3751,【萬訂慶祝】24小時萬訂慶祝開跑，來陪米米過一整天吧～（橙米）,2022-07-23T14:52:29Z,https://www.youtube.com/watch?v=noO7lY8x-bM,https://i.ytimg.com/vi/noO7lY8x-bM/mqdefault.jpg
84a911e2b05f4919a32e0c1618e32a7d,3751,【Minecraft】辛酸挖礦畫面流出...【光逸 幸 / Kouitu Sin】,2022-07-30T14:32:34Z,https://www.youtube.com/watch?v=2PKXoLI3ZmM,https://i.ytimg.com/vi/2PKXoLI3ZmM/mqdefault.jpg
e113ace92bbe445385bcc4635a9ca570,3746,【工作時間】User晚上了⚡可以陪平平子加班嗎？,2022-07-04T17:35:48Z,https://www.youtube.com/watch?v=HMC6fwuO4kU,https://i.ytimg.com/vi/HMC6fwuO4kU/mqdefault.jpg
b126053a1356460ebf85a874a6a55aca,3740,"超夢幻! 時中配焦糖, 死忠的心頭肉!｜沒聽過的民調公司突然都冒出來囉! 🍓20220713　#高雄林小姐 #Vtuber​​​​ #台灣Vtuber​​​ #台V​​",2022-07-13T12:53:12Z,https://www.youtube.com/watch?v=TKL57HP0ueg,https://i.ytimg.com/vi/TKL57HP0ueg/mqdefault.jpg
be6c475c291d45a0a7349abdb70be20d,3736,【GTA5實況】今晚就要進鑽石賭場！,2022-07-10T16:14:08Z,https://www.youtube.com/watch?v=tU2S2I-Ekaw,https://i.ytimg.com/vi/tU2S2I-Ekaw/mqdefault.jpg
f110fd69b66941bab04de9ada563c6ac,3730,【SC感謝】歌回後的SC感謝雜談(〃ﾉωﾉ)｜不好意思剛剛太緊張LA【AoiHinamori】,2022-07-29T16:59:17Z,https://www.youtube.com/watch?v=I_9Q8XJ7quk,https://i.ytimg.com/vi/I_9Q8XJ7quk/mqdefault.jpg
cd88de8b4bc84a71975df9afb42192b8,3729,【棉花糖Kumma Bar EP.4】吃吃棉花糖【庫麻/台V】,2022-07-27T18:12:26Z,https://www.youtube.com/watch?v=-gDG0gZK5Ss,https://i.ytimg.com/vi/-gDG0gZK5Ss/mqdefault.jpg
f110fd69b66941bab04de9ada563c6ac,3727,【一般雜談】啊就真的很一般！｜昨天才不叫工商！這才叫工商！#PLANET9商城 #PLANET9白夏電玩展【AoiHinamori​​​​】,2022-07-25T15:14:59Z,https://www.youtube.com/watch?v=Ae_tif6YXJo,https://i.ytimg.com/vi/Ae_tif6YXJo/mqdefault.jpg
cd88de8b4bc84a71975df9afb42192b8,3727,【歌回】【歌枠】FF累了嗎？起來HIGH！！陪我玩～【庫麻/台V】,2022-07-16T20:15:11Z,https://www.youtube.com/watch?v=_MinuY-khZI,https://i.ytimg.com/vi/_MinuY-khZI/mqdefault.jpg
2ce2f9977d4a4dc0844e518369e11e6b,3723,【天使歌回】⁺‪.°ʚ 雖然不太會唱歌..但你們會來的吧( ´｡•༝•｡` ) ɞ°.【HKVTuber/如月瑠美】,2022-07-27T14:34:13Z,https://www.youtube.com/watch?v=VxOq6hrCpfg,https://i.ytimg.com/vi/VxOq6hrCpfg/mqdefault.jpg
70a7428607b845fc959fb7d4859d018b,3722,7/30  ◆ 捶桌娛樂歡迎喜歡捶桌的美女們加入.. :D | !YT !減班,2022-07-30T03:54:36Z,https://www.twitch.tv/videos/1546967025,https://static-cdn.jtvnw.net/cf_vods/d3vd9lfkzbru3h/2ebd7eb9b241d40c8b9d_zona181227_39528764375_1659153270//thumb/thumb0-%{width}x%{height}.jpg
f5ff982730f54cd4826ff0530a4288c2,3711,🍜 【官方好料】悪魔の子丨會員開通歌回精華【白湯】回來吧艾主席,2022-07-25T10:30:07Z,https://www.youtube.com/watch?v=gmaM-SgEX-o,https://i.ytimg.com/vi/gmaM-SgEX-o/mqdefault.jpg
8b027d3a3f374c9c8398b6dd751e5018,3710,07/13｜萬葉PYPY ヘ| ´ω｀ |ﾉ｜!周邊 x !初配信 x !光劍 x !決鬥 x !內褲｜掛台換周邊月卡,2022-07-13T10:38:08Z,https://www.twitch.tv/videos/1530501674,https://static-cdn.jtvnw.net/cf_vods/d3vd9lfkzbru3h/4e5bbe9ed7d06f073f8f_lisheng_tw_39484083575_1657708678//thumb/thumb0-%{width}x%{height}.jpg
658e63bebdca421ca934b0bf6aa2bcd8,3709,【突發】這是一個夏特尾聲的突發【灰妲 】#台灣Vtuber​​​ #reliveproject,2022-07-07T19:07:57Z,https://www.youtube.com/watch?v=9nSUH-l8n5E,https://i.ytimg.com/vi/9nSUH-l8n5E/mqdefault.jpg
f110fd69b66941bab04de9ada563c6ac,3688,【雜談】終於要來開箱我的擺設了！貞尼激推的走走家具！【AoiHinamori​​​​】,2022-07-24T15:21:14Z,https://www.youtube.com/watch?v=dFghG3LErh4,https://i.ytimg.com/vi/dFghG3LErh4/mqdefault.jpg
626750f4e7a745619c171c44fb1efcc0,3688,婚炮育成教學!配卡/配點/覺醒 賽馬娘Pretty Derby  #12【天使Vtuber小雪Yukichan】,2022-07-20T07:22:22Z,https://www.youtube.com/watch?v=GsSbVo7e1qI,https://i.ytimg.com/vi/GsSbVo7e1qI/mqdefault.jpg
b08047f2566246ac995e03a5db727cfe,3674,【2022 台北漫畫博覽會】第一次漫博！跟夜花一起度過吧【DAY 01】Chatting Stream｜#Renewlive #須多夜花,2022-07-28T16:39:47Z,https://www.youtube.com/watch?v=b2P-97xI3VY,https://i.ytimg.com/vi/b2P-97xI3VY/mqdefault.jpg
ec1dec0e956c41ea97dfcebe96bc41b4,3671,🔵♪  ▏噗天毛 ▏ !贊助商,2022-07-16T04:13:39Z,https://www.twitch.tv/videos/1533223953,https://static-cdn.jtvnw.net/cf_vods/d3vd9lfkzbru3h/9abc441a91164955f9bc_tian_0301_39491571831_1657944813//thumb/thumb0-%{width}x%{height}.jpg
423dd7da92be47f4af7273c5f74efb27,3668,Fei. 直接睡昏 !活動 | !YT !VPN | 7/7,2022-07-07T03:58:03Z,https://www.twitch.tv/videos/1524677472,https://static-cdn.jtvnw.net/cf_vods/d3vd9lfkzbru3h/fea4f1d16d8dd8cbdc31_fei_z_39467689911_1657166274//thumb/thumb0-%{width}x%{height}.jpg
70a7428607b845fc959fb7d4859d018b,3667,7/6 ◆ 明天七點有活動記得來玩! | !YT !減班,2022-07-06T08:25:54Z,https://www.twitch.tv/videos/1523832213,https://static-cdn.jtvnw.net/cf_vods/d3vd9lfkzbru3h/0b204f11f7a0ba169b34_zona181227_39465589351_1657095949//thumb/thumb0-%{width}x%{height}.jpg
d1dd83b6e8a24df4b61f766cff45113c,3666,【闇影詩章】牌組分享➤可怕的煉金術士諾諾直接把人體練成土片，0費土做出前所未見的操作！➧指定T1 RoG〈shadowverse/シャドウバース〉【台V/台灣Vtuber】,2022-07-02T11:15:10Z,https://www.youtube.com/watch?v=u-w-CJJ5wqs,https://i.ytimg.com/vi/u-w-CJJ5wqs/mqdefault.jpg
8a4988902b5640e6ae1829285307c636,3665,【方舟 ARK】歐菈峰拉冒險團！一群新手菜鳥要來打恐龍啦！【歐貝爾．Vtuber】,2022-07-08T16:29:31Z,https://www.youtube.com/watch?v=Dnnt2d8w1Po,https://i.ytimg.com/vi/Dnnt2d8w1Po/mqdefault.jpg
b165ca888a7d4f61b754ac53ca374f11,3662,《請解開故事謎底》宣傳PV配音版 feat.@Asa Ifrit Ch. @Balaen Leviathan Ch. 巴蘭利維坦,2022-07-05T14:00:12Z,https://www.youtube.com/watch?v=HWr_OjoMlfM,https://i.ytimg.com/vi/HWr_OjoMlfM/mqdefault.jpg
0bf0ec441dc6489583f7218e02ab6a89,3658,==,2022-07-05T09:00:31Z,https://www.youtube.com/watch?v=ihHnJNxTSsk,https://i.ytimg.com/vi/ihHnJNxTSsk/mqdefault.jpg
de0e98c9266449b7874a942cbbb63a0d,3656,【開箱/手作】組裝Pokemon模型！好大的一隻肥滋滋春魚！就決定是你了鯉魚王【阿爾姿/惡獸時代】,2022-07-02T13:05:48Z,https://www.youtube.com/watch?v=NTHOJhpYzQs,https://i.ytimg.com/vi/NTHOJhpYzQs/mqdefault.jpg
0bf0ec441dc6489583f7218e02ab6a89,3650,【英雄聯盟】07/18 20:00 上次把菁英導師打爛！？75元挑戰只會單挑的女人！【YT/TWITCH】,2022-07-18T21:48:04Z,https://www.youtube.com/watch?v=s66XrGbKmvE,https://i.ytimg.com/vi/s66XrGbKmvE/mqdefault.jpg
6559d42f66684b8f80b4cd4589addd85,3645,【 吃播LIVE 】夜市特輯 EP1！外國人吃評～ 台灣的夜市到底有多厲害？ ～ASMR咀嚼音〖鴨鴨伊比．AhiruIbi 〗,2022-07-16T16:15:54Z,https://www.youtube.com/watch?v=L0syaKQvd-Q,https://i.ytimg.com/vi/L0syaKQvd-Q/mqdefault.jpg
e150e350532b4327b26989dd43cd3bad,3643,【 麥塊連動 】掉進伊甸飲酒啦!! 到大佬世界會發生甚麼事呢!? ft.雪也櫻丨艾比 . Post Rabi,2022-07-20T14:57:05Z,https://www.youtube.com/watch?v=DjNy6COXo3k,https://i.ytimg.com/vi/DjNy6COXo3k/mqdefault.jpg
6fb8c6dea7404638a9d78d4b0d84f64c,3636,【ARK】恐龍？nono！我要先落地生根！找個能夠好好生存的地方再養寵物！【祈菈．貝希毛絲】,2022-07-21T19:45:56Z,https://www.youtube.com/watch?v=L-XrC5zQLG4,https://i.ytimg.com/vi/L-XrC5zQLG4/mqdefault.jpg
b126053a1356460ebf85a874a6a55aca,3636,陳時中為選舉才道歉?! 萬華終於不是破口了！｜統一收購家樂福，台灣之福或禍？ 🍓20220720　#高雄林小姐 #Vtuber​​​​ #台灣Vtuber​​​ #台V​​,2022-07-20T12:54:35Z,https://www.youtube.com/watch?v=EQ2dTOodTWI,https://i.ytimg.com/vi/EQ2dTOodTWI/mqdefault.jpg
d1dd83b6e8a24df4b61f766cff45113c,3632,【闇影詩章】極天龍鳴∷冷不防的平衡更新，共鳴仇、造物仇指定無限制一同下去｜六年來最歐洲的一次抽卡，愛紗代抽神力！〈shadowverse/シャドウバース〉【台V/台灣Vtuber】,2022-07-04T16:45:12Z,https://www.youtube.com/watch?v=3ZwmXx5ZcVg,https://i.ytimg.com/vi/3ZwmXx5ZcVg/mqdefault.jpg
42c4b7c9bf6340029530d3c8f47753ea,3626,【Minecraft】大媽寶時代！有哥哥照的超爽開局～「伊甸飲酒」【 飛鳥唯世 】,2022-07-20T15:49:02Z,https://www.youtube.com/watch?v=4Ar-a2iuoUM,https://i.ytimg.com/vi/4Ar-a2iuoUM/mqdefault.jpg
590a2bca0051444fb98915e5d761d47c,3626,【AirLife】solo day  !新翻唱｜!精華 !六等星 ｜ #Vtype #小森未央,2022-07-26T21:54:20Z,https://www.twitch.tv/videos/1543678078,https://static-cdn.jtvnw.net/cf_vods/d3vd9lfkzbru3h/9130606567812efc56ba_komorimio_39520424727_1658872453//thumb/thumb0-%{width}x%{height}.jpg
1254f176d93548aca5ac7f4b53313f71,3618,#minecraft 寶箱豬 #麥塊地下城 #麥塊地城 #麥塊 #我的世界,2022-07-20T01:39:21Z,https://www.youtube.com/watch?v=7oYCzcBvw_U,https://i.ytimg.com/vi/7oYCzcBvw_U/mqdefault.jpg
5b62816b7dee4c13856f3c21629be3c4,3605,【2022/7/24】今天我有水果吐司! !加班 !蝦皮 !衣服,2022-07-24T02:01:35Z,https://www.twitch.tv/videos/1540966867,https://static-cdn.jtvnw.net/cf_vods/d3vd9lfkzbru3h/47993718c3bc1398d897_mica1130_39512797607_1658628086//thumb/thumb0-%{width}x%{height}.jpg
656455380d524045b9f75d6082563f94,3601,【EDM中文原創曲】相伴前行【朵璃安DorianX @琳琪玥雪《 Kumaluki 》。Channel 】獻給所有為了夢想，彼此相伴、一同前行的人們,2022-07-23T11:00:12Z,https://www.youtube.com/watch?v=tpXmwAiYFaI,https://i.ytimg.com/vi/tpXmwAiYFaI/mqdefault.jpg
70a7428607b845fc959fb7d4859d018b,3600,7/29  ◆ 工作台(?)開到出門吃飯 | 今天是廷挺回來的好日子 | !YT !減班,2022-07-29T01:38:48Z,https://www.twitch.tv/videos/1545872718,https://static-cdn.jtvnw.net/cf_vods/d3vd9lfkzbru3h/4f0176600dd7fd5b346b_zona181227_39525850967_1659058723//thumb/thumb0-%{width}x%{height}.jpg
de0e98c9266449b7874a942cbbb63a0d,3596,【只只大冒險 Biped】交往前的契合度大考驗？默契 START ft. 平平子【阿爾姿/惡獸時代】,2022-07-07T17:13:39Z,https://www.youtube.com/watch?v=-97cblCA2M4,https://i.ytimg.com/vi/-97cblCA2M4/mqdefault.jpg
58abad4aa8de49efb785367503dfd92c,3579,【ASMR】陪伴失眠的你♡耳朵清潔♡按摩♡吐息| Ear massage Ear cleaning|耳掃除とマッサージ 【桃野薔薇 | 香港Vtuber 台灣Vtuber】,2022-07-06T19:01:26Z,https://www.youtube.com/watch?v=s0OIKiOPiDs,https://i.ytimg.com/vi/s0OIKiOPiDs/mqdefault.jpg
265a18972d244affae35711cfd1f9931,3575,🐙L4D2初見🐙恐懼源自火力不足 @Hoonie friends @Obear Ch. 歐貝爾 @祈菈‧貝希毛絲 ch.Narrator / STORIA 【MiroLive/塔芭絲可 】,2022-07-04T13:59:54Z,https://www.youtube.com/watch?v=u0_R1k_qMjk,https://i.ytimg.com/vi/u0_R1k_qMjk/mqdefault.jpg
b126053a1356460ebf85a874a6a55aca,3572,黑心工廠雨天偷排廢油！高雄居民扮柯南蒐證｜NCC納管臉書、YouTube，台灣淪共產國家？ 🍓20220702　#高雄林小姐 #Vtuber​​​​ #台灣Vtuber​​​ #台V​​,2022-07-02T12:53:39Z,https://www.youtube.com/watch?v=weTv_ikuBQg,https://i.ytimg.com/vi/weTv_ikuBQg/mqdefault.jpg
2741a90689f342548daad7f760b0a8f7,3567,【魔界料理】香菜珍珠奇異果披薩！！必O客請注意，你們的最佳合夥人來了【希翁／Chion】,2022-07-01T13:57:16Z,https://www.youtube.com/watch?v=2pmyxUPEoUg,https://i.ytimg.com/vi/2pmyxUPEoUg/mqdefault.jpg
3197e5649c65405cbbe6e5f1a44cf8e1,3559,【歌回】會員通過啦!!謝謝YT拔拔!! 【白月心宿】,2022-07-02T19:21:10Z,https://www.youtube.com/watch?v=vxEbixIMN9c,https://i.ytimg.com/vi/vxEbixIMN9c/mqdefault.jpg
a51be890a1f443ea87bee45c9d8acf13,3559,【Na J】找早餐Time、晚點FTK |  ^ↀᴥↀ^,2022-07-11T02:59:28Z,https://www.twitch.tv/videos/1528408128,https://static-cdn.jtvnw.net/cf_vods/d3vd9lfkzbru3h/b7eced8a945d5caf66e1_kankona0616_39478063527_1657508363//thumb/thumb0-%{width}x%{height}.jpg
0bf0ec441dc6489583f7218e02ab6a89,3556,辱華了！？如何讓中國人說出不能說的字！,2022-07-26T09:00:16Z,https://www.youtube.com/watch?v=X35CXB2hzhY,https://i.ytimg.com/vi/X35CXB2hzhY/mqdefault.jpg
9e64bba43928414884503de36f805c48,3556,7/8  |  6/19~7/8 生日加班台 !加班 !紋紋證交所 !股票 | !YT 不定時更新新片,2022-07-08T15:39:46Z,https://www.twitch.tv/videos/1525958812,https://static-cdn.jtvnw.net/cf_vods/d3vd9lfkzbru3h/b2a79dd20000e3dbb7d4_wen620_39471958775_1657294781//thumb/thumb0-%{width}x%{height}.jpg
c65e7caaf81a43249d5132b9fe312b24,3550,"【OFFCOLLAB】Bear, AI, deer, and snow leopard meet 👀",2022-07-06T22:10:14Z,https://www.youtube.com/watch?v=afnaAQzr0lA,https://i.ytimg.com/vi/afnaAQzr0lA/mqdefault.jpg
a51be890a1f443ea87bee45c9d8acf13,3548,【Na J】紫兔島keep going | ^ↀᴥↀ^  !私廚漲價歡迎多多施魔法,2022-07-01T13:59:57Z,https://www.twitch.tv/videos/1519387178,https://static-cdn.jtvnw.net/cf_vods/d3vd9lfkzbru3h/8a6e226b4e16905d1c1c_kankona0616_39453339847_1656683992//thumb/thumb0-%{width}x%{height}.jpg
a3ce195c0069494c99849d0b1a10a7fd,3540,【SC】七月SC唸唸聊聊！｜ #悠白 #Ubye,2022-07-27T15:09:15Z,https://www.youtube.com/watch?v=UFG7FvJhsr0,https://i.ytimg.com/vi/UFG7FvJhsr0/mqdefault.jpg
4c34c44a98974b709f7dbc7618847fd6,3539,朝朝(=´ω´=)早點玩應該就不會怕了吧!!｜!YT 更新  !DC !抽尾巴｜明天不開 (四),2022-07-06T09:04:20Z,https://www.twitch.tv/videos/1523844872,https://static-cdn.jtvnw.net/cf_vods/d3vd9lfkzbru3h/fc4d6d63382250ef5d1d_5l5l3_39465667927_1657098255//thumb/thumb0-%{width}x%{height}.jpg
bed13deb3871443980e131a466519b54,3531,【銀鈴雜談】網路不會告訴你的黑暗內幕！斗內的收益戶頭不在狗勾手上。【2022/7/6】,2022-07-06T05:13:23Z,https://www.youtube.com/watch?v=HF8n1X3V54c,https://i.ytimg.com/vi/HF8n1X3V54c/mqdefault.jpg
22ca620b93c94e5cb48175bbecf8d3af,3526,你想要AI老婆嗎？AI生下孩子如何處理？ 《銀翼殺手2049》：電影說故事,2022-07-02T12:00:11Z,https://www.youtube.com/watch?v=9XgA3LUAwKU,https://i.ytimg.com/vi/9XgA3LUAwKU/mqdefault.jpg
d2b1ba87da034210bbe54bfa1c01bc41,3524,【絨絨鼠】陪我聊天，整理房間ing【Vtuber】,2022-07-06T11:22:40Z,https://www.twitch.tv/videos/1523898524,https://static-cdn.jtvnw.net/cf_vods/d3vd9lfkzbru3h/37df06063ad9b8efc127_mz_fuwafuwa_39466023447_1657106553//thumb/thumb0-%{width}x%{height}.jpg
e02e777312df43b986f089339652402e,3519,臺中伴手禮 元宇宙伴隨你 ft.犂記阿犂伯｜啾4這個味｜【LanCee 】,2022-07-27T06:00:12Z,https://www.youtube.com/watch?v=o3oIdsPnen0,https://i.ytimg.com/vi/o3oIdsPnen0/mqdefault.jpg
6c88799c6f45407faf0f9ea007b0dcab,3515,【Ark: Survival Evolved】沒時間了!!夥伴!!!打副本啦｜肝，是沉默的器官《鷲峰良》,2022-07-30T21:24:49Z,https://www.youtube.com/watch?v=y2pVqjTfThA,https://i.ytimg.com/vi/y2pVqjTfThA/mqdefault.jpg
f110fd69b66941bab04de9ada563c6ac,3512,【Kalimba患者睡睡#27】今日曲目：《千与千寻》Always With Me｜舒眠卡林巴琴｜讓我用音樂來治癒你【AoiHinamori​​​​】,2022-07-21T15:31:03Z,https://www.youtube.com/watch?v=nutRANAo_Do,https://i.ytimg.com/vi/nutRANAo_Do/mqdefault.jpg
1254f176d93548aca5ac7f4b53313f71,3501,#minecraft 殭屍化豬布林 #我的世界  #麥塊,2022-07-16T05:04:32Z,https://www.youtube.com/watch?v=rmwroTLh5Fw,https://i.ytimg.com/vi/rmwroTLh5Fw/mqdefault.jpg
1c5619a4ece046dd8ba68ed343489ca3,3490,李聽翻唱「我愛的人💕」直播最認真唱得一首歌，送給大家。｜台灣男性Vtuber｜官方歌回｜受｜,2022-07-16T09:56:29Z,https://www.youtube.com/watch?v=ZIH_nnFKJ48,https://i.ytimg.com/vi/ZIH_nnFKJ48/mqdefault.jpg
d1dd83b6e8a24df4b61f766cff45113c,3487,【闇影詩章】極天龍鳴∷22年7月的底的平衡更新，男女下去伊昂成為最大贏家｜附上雲出來的無限制Tier Rank表！〈shadowverse/シャドウバース〉【台V/台灣Vtuber】,2022-07-23T10:15:43Z,https://www.youtube.com/watch?v=a_iv6YNFoQM,https://i.ytimg.com/vi/a_iv6YNFoQM/mqdefault.jpg
2be709cdd22f4a63a95504731ba79afd,3485,【歌回】3000大感謝！隨意唱唱加上一點點繫鈴人點歌！！【閻鈴YangLing・VTuber】,2022-07-14T13:51:34Z,https://www.youtube.com/watch?v=1WFoIIX6wi4,https://i.ytimg.com/vi/1WFoIIX6wi4/mqdefault.jpg
626750f4e7a745619c171c44fb1efcc0,3483,【官方精華】耳朵懷孕了嗎?【天使Vtuber小雪Yukichan】,2022-07-14T13:00:14Z,https://www.youtube.com/watch?v=e0MXNmbD684,https://i.ytimg.com/vi/e0MXNmbD684/mqdefault.jpg
6c88799c6f45407faf0f9ea007b0dcab,3477,【Ark: Survival Evolved】帶著人類的惡意進行生存初體驗!!到底會沉入海底還是可以騎恐龍?  方舟：生存進化《鷲峰良》,2022-07-08T16:38:16Z,https://www.youtube.com/watch?v=4TuV5paTq-Q,https://i.ytimg.com/vi/4TuV5paTq-Q/mqdefault.jpg
1310ffb60dcf40eaaf6a08890e632234,3469,【 #茄片 】天才理髮茄✂幫台Ｖ打造全新髮型,2022-07-02T13:00:12Z,https://www.youtube.com/watch?v=ogxwM5uU4f4,https://i.ytimg.com/vi/ogxwM5uU4f4/mqdefault.jpg
a8ce4642418b4fe8ba1471a32097f4c4,3469,【雜談】來聊天吧 ! 讓調皮鬼來告訴你鬼月的禁忌吧 ! 那就是...不准碰我的馬卡龍 ! 【歐妲/惡獸時代】,2022-07-30T15:03:28Z,https://www.youtube.com/watch?v=mVlIEzVx_b4,https://i.ytimg.com/vi/mVlIEzVx_b4/mqdefault.jpg
3809ec8a42634d11aa1b7b8f99755c6a,3468,【花花】7/20 歡迎進來聊天(・∀・)つ ✤ !YT ✤ !委託 ✤ !月榜 ✤ !VPN,2022-07-20T12:27:28Z,https://www.twitch.tv/videos/1537314755,https://static-cdn.jtvnw.net/cf_vods/d3vd9lfkzbru3h/6713593c8cff6736b5c1_mayberuu_39503765991_1658320041//thumb/thumb0-%{width}x%{height}.jpg
f5ff982730f54cd4826ff0530a4288c2,3464,🍜 【官方好料】うっせぇわ丨會員開通歌回精華【白湯】湯主播真的是吵死了,2022-07-24T09:23:50Z,https://www.youtube.com/watch?v=XrKBELD2qqE,https://i.ytimg.com/vi/XrKBELD2qqE/mqdefault.jpg
f5ff982730f54cd4826ff0530a4288c2,3460,🍜 【Super Bunny Man】這兔子到底怎麼操作啊！配合一點好不好【白湯ft.帝丹】,2022-07-16T14:47:33Z,https://www.youtube.com/watch?v=E_Lq-86D2Ug,https://i.ytimg.com/vi/E_Lq-86D2Ug/mqdefault.jpg
95de1fe6727944e68404aec425d09170,3456,【Resident Evil 6】今晚跟殭屍們肉體碰撞，惡靈古堡版武力格鬥，看我一個里昂迴旋踢！！ft. @ASMR Healing 希靈  【海唧/惡獸時代】,2022-07-27T15:39:10Z,https://www.youtube.com/watch?v=YniCCQhb7vw,https://i.ytimg.com/vi/YniCCQhb7vw/mqdefault.jpg
01f26342ae4e419280bcfd6ec6e86db1,3455,【官方精華】再怎麼輪迴，都在看他下面那一包【永遠的７日】,2022-07-20T09:15:03Z,https://www.youtube.com/watch?v=xTR-RJKu8_M,https://i.ytimg.com/vi/xTR-RJKu8_M/mqdefault.jpg
ce2a2c07a74640fc8d3b39d022b16dd9,3454,【歌枠】 自由歌回: 自由自在唱著歌🤍,2022-07-02T16:27:42Z,https://www.youtube.com/watch?v=bqmkbglr2cU,https://i.ytimg.com/vi/bqmkbglr2cU/mqdefault.jpg
be6c475c291d45a0a7349abdb70be20d,3448,【GTA5實況】為何你親嘴我清鍵盤？,2022-07-12T16:02:00Z,https://www.youtube.com/watch?v=-xH9nlr5EP0,https://i.ytimg.com/vi/-xH9nlr5EP0/mqdefault.jpg
dee8efe8990e458c915e4f6a6a16b49f,3436,【出去玩囉!!】Xpark & 竹圍漁港 雙人出遊剪輯精華!,2022-07-14T13:30:00Z,https://www.youtube.com/watch?v=-B-5HZOl7Ks,https://i.ytimg.com/vi/-B-5HZOl7Ks/mqdefault.jpg
ba59bb31bbcd4cf3a481c4cf72918fb0,3435,【歌回🎵】很久沒開純歌回了！來復健一下！【米亞／HKVtuber】,2022-07-16T15:31:12Z,https://www.youtube.com/watch?v=SJrOIbfgWLg,https://i.ytimg.com/vi/SJrOIbfgWLg/mqdefault.jpg
1c5619a4ece046dd8ba68ed343489ca3,3434,【李聽】Stray💕#3~今天有辦法完結？浪浪貓闖天關😊｜Vtuber｜,2022-07-22T16:41:38Z,https://www.youtube.com/watch?v=CqojtlQ7YJc,https://i.ytimg.com/vi/CqojtlQ7YJc/mqdefault.jpg
824c0c36956f4a73bb3ec479dd8e4da8,3430,"【遊戲】LATCraft參觀! 這個真的太肝了! 紗紗要被放進博物館了? ft. @阿睿 , @小柯  ✿ 中文/EN",2022-07-26T15:33:32Z,https://www.youtube.com/watch?v=D3Ox0lz68JI,https://i.ytimg.com/vi/D3Ox0lz68JI/mqdefault.jpg
1b63d89e0b1a4b579de6d99e25eaff8f,3428,【早安貓祭】姨媽拜訪的早晨 可能不會開太久 #早安貓祭 #OHAMEOW,2022-07-11T03:30:13Z,https://www.youtube.com/watch?v=hO9CcRvOa_g,https://i.ytimg.com/vi/hO9CcRvOa_g/mqdefault.jpg
b42416c629e64c948f75aff4ff5c9a8a,3428,【Fall Guys】觀眾場！渡渡扁豆人來襲！,2022-07-01T15:55:00Z,https://www.youtube.com/watch?v=hcnaf6muQGs,https://i.ytimg.com/vi/hcnaf6muQGs/mqdefault.jpg
8a4988902b5640e6ae1829285307c636,3420,【白夜極光】新版本試玩！我要抽乾這次合作卡池！！【歐貝爾．Vtuber】,2022-07-19T14:33:18Z,https://www.youtube.com/watch?v=pMMhz2_cCrk,https://i.ytimg.com/vi/pMMhz2_cCrk/mqdefault.jpg
b42416c629e64c948f75aff4ff5c9a8a,3420,【GOOGLE MAP】虛擬美食好香啊！還沒吃飯的不准看！,2022-07-14T15:42:14Z,https://www.youtube.com/watch?v=F-U9NhwlZhM,https://i.ytimg.com/vi/F-U9NhwlZhM/mqdefault.jpg
3be86a2a9cb447f393d235132e157789,3418,【Vtuber】早安，一起度過上班前的時光吧【早安茶館 | EP59 | 酪梨】 #ACGlive #蕾兒,2022-07-19T05:02:06Z,https://www.youtube.com/watch?v=Pgs2ZSVV84o,https://i.ytimg.com/vi/Pgs2ZSVV84o/mqdefault.jpg
d797701ab1564b62906f91a341134a9e,3407,【ASMR 劇情向】包容力滿點的姊姊竟然是我女友❗❓助眠❤️Ear Cleaning❤️掏耳朵❤️耳かき❤️耳掃除 #ユメビエム #YumebiEmu #RPASMR,2022-07-25T04:08:17Z,https://www.youtube.com/watch?v=etj-Co9UEAw,https://i.ytimg.com/vi/etj-Co9UEAw/mqdefault.jpg
01f26342ae4e419280bcfd6ec6e86db1,3403,【遊戲實況】抽卡跟打打合作關卡（白夜極光）【十五號．Vtuber】,2022-07-30T15:40:29Z,https://www.youtube.com/watch?v=0kPMvIp4zrk,https://i.ytimg.com/vi/0kPMvIp4zrk/mqdefault.jpg
d81d1032a43642eca36e82ba9a3c39c5,3402,早喵 🐱 ｜喵太 Neko Ta｜,2022-07-10T11:54:09Z,https://www.youtube.com/watch?v=3TiZLmlQOiI,https://i.ytimg.com/vi/3TiZLmlQOiI/mqdefault.jpg
2a28e77671ae43d7bccec54e7e956dd9,3392,【歌回 Sing】FF場次辛苦啦！💕結束之後來聽三歲歲金孫九啾唱動畫歌曲吧～✨【月城九曜🧡👼🏻 #226】【台V】,2022-07-17T12:31:11Z,https://www.youtube.com/watch?v=Wm1s_XhMOQE,https://i.ytimg.com/vi/Wm1s_XhMOQE/mqdefault.jpg
7081557634db487fa467b0bd2f939f66,3391,【STRAY】Mina Will Be The One Playing~【🥃Collin Palladio/柯林•派🦌】#69,2022-07-26T14:43:30Z,https://www.youtube.com/watch?v=78bUp25dtaE,https://i.ytimg.com/vi/78bUp25dtaE/mqdefault.jpg
9d9c6477329245cbb2557895f4f15686,3380,7/16 輸給了馬 இдஇ 8點迷你世界！,2022-07-16T09:22:42Z,https://www.twitch.tv/videos/1533366794,https://static-cdn.jtvnw.net/cf_vods/d3vd9lfkzbru3h/2daaf9fd795d3bed1183_iitifox_39492304999_1657963355//thumb/thumb0-%{width}x%{height}.jpg
1b63d89e0b1a4b579de6d99e25eaff8f,3369,【貓祭】七夕更新！徽章更新！表情更新！一起來整理表情吧！#Vtuber #貓祭,2022-07-07T17:45:04Z,https://www.youtube.com/watch?v=V94zepB0ngM,https://i.ytimg.com/vi/V94zepB0ngM/mqdefault.jpg
ba562aad440d483e988d3ce7e7217c94,3367,[貓宮香草] 7/27 豪無聊 有甚麼可以玩     !DC,2022-07-27T07:19:21Z,https://www.twitch.tv/videos/1544104637,https://static-cdn.jtvnw.net/cf_vods/d3vd9lfkzbru3h/201cb47d88b4d437cbb1_vanilla_shironeko_39521201095_1658906354//thumb/thumb0-%{width}x%{height}.jpg
c65e7caaf81a43249d5132b9fe312b24,3364,【Pokemon Cards】Living my childhood dream of opening fresh Pokemon cards,2022-07-26T03:07:26Z,https://www.youtube.com/watch?v=7cFFeCWjHO0,https://i.ytimg.com/vi/7cFFeCWjHO0/mqdefault.jpg
6fb8c6dea7404638a9d78d4b0d84f64c,3362,【唱歌聊天】一起在卡拉OK小房間約會！嗨起來！【祈菈．貝希毛絲】#PLANET9白夏電玩節 #PLANET9商城,2022-07-23T14:43:53Z,https://www.youtube.com/watch?v=JvGw0aUXJII,https://i.ytimg.com/vi/JvGw0aUXJII/mqdefault.jpg
28a930938667442288010b333937e2ab,3361,吃ㄐㄐ洗腦廣告歌《焦兒》,2022-07-05T10:53:57Z,https://www.youtube.com/watch?v=gbOYBS5ImoA,https://i.ytimg.com/vi/gbOYBS5ImoA/mqdefault.jpg
d407b30c72a841bd82af1f5cc8ec0667,3359,我叫顧採，是個DD。你聽過這些好聲音嗎？ 台V好聲音#27【韭點早餐｜第一百三十五回】#王顧採,2022-07-19T00:59:12Z,https://www.twitch.tv/videos/1535926615,https://static-cdn.jtvnw.net/cf_vods/d3vd9lfkzbru3h/ea73889f5eab2e21c34d_chiveswang_llt5_39499642311_1658192345//thumb/thumb0-%{width}x%{height}.jpg
a51be890a1f443ea87bee45c9d8acf13,3359,【Na J】吃早餐~晚點玩遊戲 | ^ↀᴥↀ^,2022-07-04T03:00:33Z,https://www.twitch.tv/videos/1521839135,https://static-cdn.jtvnw.net/cf_vods/d3vd9lfkzbru3h/9b49216f63ef18f1d44c_kankona0616_39459959543_1656903628//thumb/thumb0-%{width}x%{height}.jpg
5c7beefaa54444e3b0443d7abd93c1f7,3355,開車台,2022-07-23T13:41:19Z,https://www.youtube.com/watch?v=RrtGb3FK23c,https://i.ytimg.com/vi/RrtGb3FK23c/mqdefault.jpg
70a7428607b845fc959fb7d4859d018b,3355,7/27 ◆ 請了兩個保鑣 早晨塔:D | !YT !減班,2022-07-27T01:43:36Z,https://www.twitch.tv/videos/1543898436,https://static-cdn.jtvnw.net/cf_vods/d3vd9lfkzbru3h/867cf7b2f05ae617092a_zona181227_39520647287_1658886209//thumb/thumb0-%{width}x%{height}.jpg
1b63d89e0b1a4b579de6d99e25eaff8f,3352,【貓祭】假ASMR | 陪伴向？寫字／勞作／輕聲／讓你睡 | 不專業向 #vtuber #貓祭,2022-07-26T17:49:07Z,https://www.youtube.com/watch?v=yBzMeMA-8Zg,https://i.ytimg.com/vi/yBzMeMA-8Zg/mqdefault.jpg
951dd0b605d04163b38de18262e9a438,3352,【生日凸待】 愉快的來陪我一起過生日吧 Part 1  | 雪也櫻YukiのSakura,2022-07-13T10:43:26Z,https://www.youtube.com/watch?v=_mlPoMIDp6Y,https://i.ytimg.com/vi/_mlPoMIDp6Y/mqdefault.jpg
590a2bca0051444fb98915e5d761d47c,3351,【AirLife】造謠bad 流量good !新翻唱｜!精華 !六等星 ｜ #Vtype #小森未央,2022-07-20T18:20:40Z,https://www.twitch.tv/videos/1537571597,https://static-cdn.jtvnw.net/cf_vods/d3vd9lfkzbru3h/886ed5b83affed979f53_komorimio_39504677623_1658341235//thumb/thumb0-%{width}x%{height}.jpg
951dd0b605d04163b38de18262e9a438,3349,【Minecraft伊甸飲酒】伺服器主機本人竟然進入伺服器了?!  @野生肉醬    | YukiのSakura雪也櫻,2022-07-12T16:30:41Z,https://www.youtube.com/watch?v=CTn72Sv0Sc0,https://i.ytimg.com/vi/CTn72Sv0Sc0/mqdefault.jpg
1254f176d93548aca5ac7f4b53313f71,3348,#minecraft 附魔羊 #麥塊地下城  #我的世界  #麥塊,2022-07-20T01:52:36Z,https://www.youtube.com/watch?v=4REFN0fjzkg,https://i.ytimg.com/vi/4REFN0fjzkg/mqdefault.jpg
6fb8c6dea7404638a9d78d4b0d84f64c,3343,【SC感謝】祈菈下不了班還不完債！？超久沒出現的SC感謝祭！ 【祈菈．貝希毛絲】,2022-07-10T16:33:56Z,https://www.youtube.com/watch?v=uysrL23y2qo,https://i.ytimg.com/vi/uysrL23y2qo/mqdefault.jpg
d1dd83b6e8a24df4b61f766cff45113c,3340,【闇影詩章】AS2P決賽➤第五次拿優勝！具現化拿起來優勝靠賽就有，這就是巫師的噁心之處！➧EoP〈shadowverse/シャドウバース〉【台V/台灣Vtuber】,2022-07-10T14:09:54Z,https://www.youtube.com/watch?v=VmKJMlmRtaY,https://i.ytimg.com/vi/VmKJMlmRtaY/mqdefault.jpg
590a2bca0051444fb98915e5d761d47c,3335,【AirLife】早上十點手術  !新翻唱｜!精華 !六等星 ｜ #Vtype #小森未央,2022-07-24T18:22:25Z,https://www.twitch.tv/videos/1541551954,https://static-cdn.jtvnw.net/cf_vods/d3vd9lfkzbru3h/354210fb5f53dcae69fd_komorimio_39515124455_1658686937//thumb/thumb0-%{width}x%{height}.jpg
de0e98c9266449b7874a942cbbb63a0d,3333,【深夜禽話 Club A.】你應該睡了吧？那我要來開喝！唱歌放鬆時間【阿爾姿/惡獸時代】,2022-07-02T18:23:01Z,https://www.youtube.com/watch?v=srC0AKiuCNw,https://i.ytimg.com/vi/srC0AKiuCNw/mqdefault.jpg
f928118054aa4e11aa4ec88504d8b886,3329,【旅遊雜談】默默去哪裡🦋？日本自助行宅宅行程大公開！【 #臺灣vtuber / #雲際線】,2022-07-27T10:11:57Z,https://www.youtube.com/watch?v=v879L808JvE,https://i.ytimg.com/vi/v879L808JvE/mqdefault.jpg
c65e7caaf81a43249d5132b9fe312b24,3324,【Just Chatting】something will happen,2022-07-23T07:23:08Z,https://www.youtube.com/watch?v=s_56Y0wdJwE,https://i.ytimg.com/vi/s_56Y0wdJwE/mqdefault.jpg
bed13deb3871443980e131a466519b54,3319,【銀鈴雜談】女兒跟媽交換秘密，驚吐「我幫爸爸吸出史萊姆」【2022/7/14】,2022-07-14T04:41:50Z,https://www.youtube.com/watch?v=u-US9aytho4,https://i.ytimg.com/vi/u-US9aytho4/mqdefault.jpg
1310ffb60dcf40eaaf6a08890e632234,3319,紅茶？咖啡？還是威士忌？,2022-07-09T13:00:17Z,https://www.youtube.com/watch?v=Ecw3dbod0F4,https://i.ytimg.com/vi/Ecw3dbod0F4/mqdefault.jpg
9d9c6477329245cbb2557895f4f15686,3316,嘟嘟嚕都大大大,2022-07-24T03:34:52Z,https://www.youtube.com/watch?v=Txfn0KnL45Q,https://i.ytimg.com/vi/Txfn0KnL45Q/mqdefault.jpg
1756e5a7f5a04ff6a7b5f482201b5cfc,3309,【愛愛】7/18｜辣喉嚨 !問題箱,2022-07-17T23:35:06Z,https://www.twitch.tv/videos/1534915671,https://static-cdn.jtvnw.net/cf_vods/d3vd9lfkzbru3h/e274d1477f116cc8b371_aaaaalice425_39496893783_1658100899//thumb/thumb0-%{width}x%{height}.jpg
1b63d89e0b1a4b579de6d99e25eaff8f,3306,【貓祭】鬼故事？ | 鬼門開了，我最害怕的東西也來了 #貓祭  #Vtuber #雜談,2022-07-28T17:06:01Z,https://www.youtube.com/watch?v=_XoOGd5whK8,https://i.ytimg.com/vi/_XoOGd5whK8/mqdefault.jpg
951dd0b605d04163b38de18262e9a438,3306,【直播精華0713】勾引 @三尾木木犬就是這麼簡單 :D | YukiのSakura 雪也櫻,2022-07-22T04:00:25Z,https://www.youtube.com/watch?v=SOSwKRHFlSY,https://i.ytimg.com/vi/SOSwKRHFlSY/mqdefault.jpg
a8ce4642418b4fe8ba1471a32097f4c4,3304,【皇家音樂盒】寫譜時間到啦~這次要把哪首改成自彈自唱呢【歐妲/惡獸時代】,2022-07-06T07:52:41Z,https://www.youtube.com/watch?v=UNklY_x-VuM,https://i.ytimg.com/vi/UNklY_x-VuM/mqdefault.jpg
9e351b7cdabd45c49c64074bc7d947ce,3303,【VTuber 中文精華】可愛但本質還是臭男生【嗚夫沃夫】,2022-07-11T12:00:12Z,https://www.youtube.com/watch?v=ajSQoQvUbkM,https://i.ytimg.com/vi/ajSQoQvUbkM/mqdefault.jpg
6c88799c6f45407faf0f9ea007b0dcab,3303,【Minecraft/麥塊】睽違已久的鷲峰建設又回來了!!從0開始收集材料~｜沒有1.19《鷲峰良》,2022-07-26T16:21:32Z,https://www.youtube.com/watch?v=pI15CUy707c,https://i.ytimg.com/vi/pI15CUy707c/mqdefault.jpg
3f4650e05ceb41008bd16869780b7af1,3303,【貓咪大戰爭】從零開始的貓戰生活EP48 又是尋寶記 爆氣預定！不要再給我通勤尖峰！！！,2022-07-17T10:10:59Z,https://www.youtube.com/watch?v=Enb8PPz3H-k,https://i.ytimg.com/vi/Enb8PPz3H-k/mqdefault.jpg
d1dd83b6e8a24df4b61f766cff45113c,3301,【闇影詩章χ合輯】➤不是說好給傳奇指揮官一把劍就無敵了嗎！這到底怎麼回事？➧ RoG〈shadowverse/シャドウバース〉【台V/台灣Vtuber】,2022-07-24T09:00:13Z,https://www.youtube.com/watch?v=HCvO6zBmCtQ,https://i.ytimg.com/vi/HCvO6zBmCtQ/mqdefault.jpg
1b63d89e0b1a4b579de6d99e25eaff8f,3294,【午休貓祭】沒有午休，繼續工作，哭阿  #午休貓祭 #LUNCHMEOW,2022-07-04T05:29:36Z,https://www.youtube.com/watch?v=w3QWRPDA1xg,https://i.ytimg.com/vi/w3QWRPDA1xg/mqdefault.jpg
3be86a2a9cb447f393d235132e157789,3283,【Vtuber】早安，一起度過上班前的時光吧【早安茶館 | EP60 | 鍋燒意麵 | 蒜香蝦】 #ACGlive #蕾兒,2022-07-26T04:28:29Z,https://www.youtube.com/watch?v=suAbO3GjDqE,https://i.ytimg.com/vi/suAbO3GjDqE/mqdefault.jpg
d1dd83b6e8a24df4b61f766cff45113c,3282,《語風薯薯》我花了四萬元利用安價委託了闇影詩章的香圖💕結果超驚人的滿意！(內有下一波安價活動說明)【台V/台灣Vtuber】,2022-07-16T09:00:13Z,https://www.youtube.com/watch?v=jcTNA7Rs_Gk,https://i.ytimg.com/vi/jcTNA7Rs_Gk/mqdefault.jpg
a8ce4642418b4fe8ba1471a32097f4c4,3280,【雜談】快樂的禮拜過啦~ 想知道雞與牛的同居秘辛嗎 ? 通通告訴你【歐妲/惡獸時代】,2022-07-24T05:55:48Z,https://www.youtube.com/watch?v=Jxg0vseASMI,https://i.ytimg.com/vi/Jxg0vseASMI/mqdefault.jpg
a51be890a1f443ea87bee45c9d8acf13,3280,【Na J】今天玩遊戲 with 百川 |  ^ↀᴥↀ^,2022-07-25T02:17:19Z,https://www.twitch.tv/videos/1541958561,https://static-cdn.jtvnw.net/cf_vods/d3vd9lfkzbru3h/f2b54581440487c11c0c_kankona0616_39515559719_1658715432//thumb/thumb0-%{width}x%{height}.jpg
a51be890a1f443ea87bee45c9d8acf13,3276,【Na J】累累，來喝奶茶聊天 |  ^ↀᴥↀ^,2022-07-19T14:23:22Z,https://www.twitch.tv/videos/1536366873,https://static-cdn.jtvnw.net/cf_vods/d3vd9lfkzbru3h/0e5b166edeeba8e833d2_kankona0616_39501489287_1658240595//thumb/thumb0-%{width}x%{height}.jpg
bed13deb3871443980e131a466519b54,3274,【銀鈴雜談】社入搶先買？攤主表示：「這有人預訂了喔！」【2022/7/19】,2022-07-19T05:21:02Z,https://www.youtube.com/watch?v=7EzzbFPYgyg,https://i.ytimg.com/vi/7EzzbFPYgyg/mqdefault.jpg
5ba11a0bf35147d499259ad5608a7de1,3271,【原神】終於有時間玩玩原神！2.8版本有啥米新東西咧？【蝦拉拉】,2022-07-17T16:11:41Z,https://www.youtube.com/watch?v=zdztL-JDoZo,https://i.ytimg.com/vi/zdztL-JDoZo/mqdefault.jpg
951dd0b605d04163b38de18262e9a438,3269,【Minecraft伊甸飲酒】伺服器要迎來了第二隻兔兔了嗎?   | YukiのSakura雪也櫻,2022-07-20T14:07:46Z,https://www.youtube.com/watch?v=HoNZsovS5Oc,https://i.ytimg.com/vi/HoNZsovS5Oc/mqdefault.jpg
5c7beefaa54444e3b0443d7abd93c1f7,3268,今天太熱了辣！所以找了一群朋友(一堆人)一起來吃冰 ft. 駱師傅法式冰淇淋之家,2022-07-16T14:45:43Z,https://www.youtube.com/watch?v=zr4V4QkTGMU,https://i.ytimg.com/vi/zr4V4QkTGMU/mqdefault.jpg
f4cc8258f66e4276871f213aeaf93fbb,3262,【Minecraft 】想打贏哥哥的我~所以偷偷來練看看跑酷了!｜【緋夏理光 hikariimouto】,2022-07-02T13:49:12Z,https://www.youtube.com/watch?v=3OkwXsYEDLI,https://i.ytimg.com/vi/3OkwXsYEDLI/mqdefault.jpg
4d738ca0bdee40e3b620f06ccc2dc987,3262,累累，1201->???? 【天晴Haruru】,2022-07-29T09:06:54Z,https://www.twitch.tv/videos/1546121080,https://static-cdn.jtvnw.net/cf_vods/d3vd9lfkzbru3h/e14fad6b3ad73a7dd872_tcharuru_39526619255_1659085607//thumb/thumb0-%{width}x%{height}.jpg
3f4650e05ceb41008bd16869780b7af1,3258,【加班台】是生還是死！5000訂閱回饋 來自地獄的加班台開始！！DAY3,2022-07-27T05:24:54Z,https://www.youtube.com/watch?v=6ePJYNk8Isg,https://i.ytimg.com/vi/6ePJYNk8Isg/mqdefault.jpg
1c5619a4ece046dd8ba68ed343489ca3,3257,【李聽】Stray💕#2~繼續超Q浪浪貓闖天關😊｜Vtuber｜,2022-07-21T15:47:20Z,https://www.youtube.com/watch?v=IzrtxKm7TdU,https://i.ytimg.com/vi/IzrtxKm7TdU/mqdefault.jpg
ea4c1a67c2e445ad8028768616ceb659,3256,【官方烤肉精華】成為歐洲人就是那麼的簡單！吸爆貓祭就對了！【洛可洛斯特 / VTUBER】,2022-07-27T16:19:42Z,https://www.youtube.com/watch?v=MZ2VPPbYfBM,https://i.ytimg.com/vi/MZ2VPPbYfBM/mqdefault.jpg
1254f176d93548aca5ac7f4b53313f71,3255,#minecraft 豬 #麥塊 #我的世界,2022-07-05T03:41:34Z,https://www.youtube.com/watch?v=d6-akZuU0fs,https://i.ytimg.com/vi/d6-akZuU0fs/mqdefault.jpg
3197e5649c65405cbbe6e5f1a44cf8e1,3251,【同步視聽】 『咒』   Netflix同步視聽!聽說超級恐怖...【白月心宿】,2022-07-10T21:08:10Z,https://www.youtube.com/watch?v=ichEhj-1xN8,https://i.ytimg.com/vi/ichEhj-1xN8/mqdefault.jpg
6fb8c6dea7404638a9d78d4b0d84f64c,3250,【生日派對２！】祈菈被禮物塞得滿滿！繼續開箱看有沒有酷東西！【祈菈．貝希毛絲】,2022-07-07T17:13:23Z,https://www.youtube.com/watch?v=poB_IFmwjWY,https://i.ytimg.com/vi/poB_IFmwjWY/mqdefault.jpg
d1dd83b6e8a24df4b61f766cff45113c,3248,【闇影詩章】牌組分享➤班比奠定狂亂鬼全新強度，花式解場蝙蝠進進出出🦇五費就可以收頭！➧無限制T2↓ RoG〈shadowverse/シャドウバース〉【台V/台灣Vtuber】,2022-07-27T14:26:37Z,https://www.youtube.com/watch?v=wLYZ2-owbVk,https://i.ytimg.com/vi/wLYZ2-owbVk/mqdefault.jpg
3809ec8a42634d11aa1b7b8f99755c6a,3237,【花花】7/25  (・∀・)つ ✤ !YT ✤ !委託 ✤ !月榜 ✤ !VPN,2022-07-25T13:53:57Z,https://www.twitch.tv/videos/1542289108,https://static-cdn.jtvnw.net/cf_vods/d3vd9lfkzbru3h/5441de1f7c772775fbae_mayberuu_39517149431_1658757231//thumb/thumb0-%{width}x%{height}.jpg
5c7beefaa54444e3b0443d7abd93c1f7,3235,APEX超帥新造型！主播竟兩抽就把它抱回家？！,2022-07-21T17:45:56Z,https://www.youtube.com/watch?v=CsVGLWYGIEU,https://i.ytimg.com/vi/CsVGLWYGIEU/mqdefault.jpg
bed13deb3871443980e131a466519b54,3229,【銀鈴雜談】銀鈴就只是個Vtuber，她懂個屁Youtube。【2022/7/4】,2022-07-04T04:55:49Z,https://www.youtube.com/watch?v=LvjvXwai0hI,https://i.ytimg.com/vi/LvjvXwai0hI/mqdefault.jpg
2be709cdd22f4a63a95504731ba79afd,3226,【歌回】4000大感謝！不深夜的深夜憂鬱歌回！！【閻鈴YangLing・VTuber】,2022-07-21T14:27:15Z,https://www.youtube.com/watch?v=CglJXGQoOjk,https://i.ytimg.com/vi/CglJXGQoOjk/mqdefault.jpg
72a83f60773546dba886008320809d70,3226,7/27【18禁聊天台/唱歌復健台】繳了房租才發現自己是資產主義的地下囚，但起碼我胸前還有兩顆球！  指令：!委託  !歌單  !匿名提問 ❤❤❤,2022-07-27T10:00:22Z,https://www.twitch.tv/videos/1544161261,https://static-cdn.jtvnw.net/cf_vods/d3vd9lfkzbru3h/e4822aac92c734258e5c_yedda970_39521518263_1658916013//thumb/thumb0-%{width}x%{height}.jpg
423dd7da92be47f4af7273c5f74efb27,3224,Fei. 再玩一下 ( ˙-˙ ) | !YT !VPN | 7/25,2022-07-26T07:34:29Z,https://www.twitch.tv/videos/1543107875,https://static-cdn.jtvnw.net/cf_vods/d3vd9lfkzbru3h/924b8b3a71e1e62eadae_fei_z_39518628983_1658820862//thumb/thumb0-%{width}x%{height}.jpg
6fb8c6dea7404638a9d78d4b0d84f64c,3223,【起司團的夢】祈菈大師來啦！在我面前這些夢能有多怪？【祈菈．貝希毛絲】,2022-07-03T12:37:07Z,https://www.youtube.com/watch?v=VqG3vCR4ubE,https://i.ytimg.com/vi/VqG3vCR4ubE/mqdefault.jpg
3f4650e05ceb41008bd16869780b7af1,3210,【加班台】是生還是死！5000訂閱回饋 來自地獄的加班台開始！！DAY5 PART3,2022-07-30T05:49:52Z,https://www.youtube.com/watch?v=QsVQRBtAuRc,https://i.ytimg.com/vi/QsVQRBtAuRc/mqdefault.jpg
f5ff982730f54cd4826ff0530a4288c2,3208,🍜 【國師唐揚雞】預告片丨 7/30晚間九點 【白湯 ft.佐藍、日向夜一】,2022-07-23T15:29:02Z,https://www.youtube.com/watch?v=hft_-uzjsUs,https://i.ytimg.com/vi/hft_-uzjsUs/mqdefault.jpg
dee8efe8990e458c915e4f6a6a16b49f,3202,【假腸談】那個出差ㄉ毛寶我不要了,2022-07-24T16:11:14Z,https://www.youtube.com/watch?v=rMmA39UyUaI,https://i.ytimg.com/vi/rMmA39UyUaI/mqdefault.jpg
d1dd83b6e8a24df4b61f766cff45113c,3199,🔴【闇影詩章】一費盃➤7/28 ∷只能用一費來玩的比賽！唯一信仰PLANET9！好康在這裡 #PLANET9商城〈shadowverse/シャドウバース〉【台V/台灣Vtuber】,2022-07-28T17:17:02Z,https://www.youtube.com/watch?v=eZ10WintgXc,https://i.ytimg.com/vi/eZ10WintgXc/mqdefault.jpg
ba59bb31bbcd4cf3a481c4cf72918fb0,3199,【自彈自唱🎵】哇～【米亞／HKVtuber】,2022-07-06T15:10:05Z,https://www.youtube.com/watch?v=ePG9arp1VNU,https://i.ytimg.com/vi/ePG9arp1VNU/mqdefault.jpg
9265e640081f4625bd36cd1235c75bc7,3194,【特企】彩虹頻道🌈讓大家看看我最喜歡的...【紫藤堇Yukari】,2022-07-17T18:28:05Z,https://www.youtube.com/watch?v=gsvNyi5VmcI,https://i.ytimg.com/vi/gsvNyi5VmcI/mqdefault.jpg
2be709cdd22f4a63a95504731ba79afd,3184,【人間知識學習中#1】死後世界台灣篇！！送肉粽、冥婚、觀落陰，這都什麼跟什麼呀？【閻鈴YangLing・VTuber】,2022-07-16T14:06:29Z,https://www.youtube.com/watch?v=RQwV-79jvFg,https://i.ytimg.com/vi/RQwV-79jvFg/mqdefault.jpg
8a4988902b5640e6ae1829285307c636,3173,【i'm on observation duty 5】恐怖版超級比一比？身為監視器觀察員的我，遇到變態該怎麼辦？【歐貝爾．Vtuber】,2022-07-03T14:24:07Z,https://www.youtube.com/watch?v=4UbC8DHLkBk,https://i.ytimg.com/vi/4UbC8DHLkBk/mqdefault.jpg
95de1fe6727944e68404aec425d09170,3173,【APEX】積分描邊大師訓練時間，今天能有雞之力嗎？就讓我吃一口就好．．．！【海唧/惡獸時代】,2022-07-10T13:26:54Z,https://www.youtube.com/watch?v=C4m-W9mSKtg,https://i.ytimg.com/vi/C4m-W9mSKtg/mqdefault.jpg
3197e5649c65405cbbe6e5f1a44cf8e1,3173,【雜談】會員感謝!!我們來聊一聊吧🤍【白月心宿】,2022-07-04T21:03:48Z,https://www.youtube.com/watch?v=FE_UlvMTK4s,https://i.ytimg.com/vi/FE_UlvMTK4s/mqdefault.jpg
9d9c6477329245cbb2557895f4f15686,3173,緹寶 最人性化的智能語音,2022-07-11T15:12:25Z,https://www.youtube.com/watch?v=rY2WOmSYD3U,https://i.ytimg.com/vi/rY2WOmSYD3U/mqdefault.jpg
f110fd69b66941bab04de9ada563c6ac,3170,【Stray】Nya～I'm a sexy cat (ฅ•ω•ฅ)🐾,2022-07-26T08:33:33Z,https://www.youtube.com/watch?v=QFfZcfub7ic,https://i.ytimg.com/vi/QFfZcfub7ic/mqdefault.jpg
626750f4e7a745619c171c44fb1efcc0,3169,平民小特登場!培育刷刷馬娘! 吃播雜談 賽馬娘Pretty Derby  #05【天使Vtuber小雪Yukichan】,2022-07-05T08:54:09Z,https://www.youtube.com/watch?v=zNrFQ7sAVEY,https://i.ytimg.com/vi/zNrFQ7sAVEY/mqdefault.jpg
58abad4aa8de49efb785367503dfd92c,3169,【重大告知相關】沒有PTSD我撐過來了，但有心事交待為什麼差點畢業，和會員調整相關細節【桃野薔薇 | 香港Vtuber 台灣Vtuber】,2022-07-03T13:51:12Z,https://www.youtube.com/watch?v=rNKATLmQ12c,https://i.ytimg.com/vi/rNKATLmQ12c/mqdefault.jpg
a51be890a1f443ea87bee45c9d8acf13,3164,【Na J】來烤一個月前的棉花糖啦 |  ^ↀᴥↀ^,2022-07-29T14:02:58Z,https://www.twitch.tv/videos/1546265876,https://static-cdn.jtvnw.net/cf_vods/d3vd9lfkzbru3h/96e449d6dcb5bf2404f7_kankona0616_39527554823_1659103371//thumb/thumb0-%{width}x%{height}.jpg
ec1dec0e956c41ea97dfcebe96bc41b4,3160,🔵【天天】姨媽來( ×ω× )  ▏噗天毛 ▏ !贊助商,2022-07-28T05:33:58Z,https://www.twitch.tv/videos/1545057689,https://static-cdn.jtvnw.net/cf_vods/d3vd9lfkzbru3h/67cf8893505140f87328_tian_0301_39523602007_1658986430//thumb/thumb0-%{width}x%{height}.jpg
22c8ee785f7446e5978bab336fda92cb,3159,【FOBIA 恐怖酒店-聖丁菲娜】part.1 又是菜鳥記者去調查神秘失蹤事件【迷子羽根】,2022-07-02T20:01:15Z,https://www.youtube.com/watch?v=X_qNQhf04-g,https://i.ytimg.com/vi/X_qNQhf04-g/mqdefault.jpg
c65e7caaf81a43249d5132b9fe312b24,3157,【Guerrilla Just Chatting】Sleepy bear talks,2022-07-16T12:35:33Z,https://www.youtube.com/watch?v=i-XZJY_c2H0,https://i.ytimg.com/vi/i-XZJY_c2H0/mqdefault.jpg
d797701ab1564b62906f91a341134a9e,3156,【ASMR 録画】試聽✨愛姆姐姐的溫柔哄睡❤心音❤囁き❤Relax Sleep❤梵天❤耳かき❤Talking❤Ear cleaning❤音フェチ❤RP ASMR  #ユメビエム #YumebiEmu,2022-07-17T14:00:12Z,https://www.youtube.com/watch?v=Wg6oqKJwAWo,https://i.ytimg.com/vi/Wg6oqKJwAWo/mqdefault.jpg
ee0763f3339d45b493bf45488a8e7701,3155,【梓芊🐰】| 7/12 小開一下ฅ●ω●ฅ   | !梓芊 !ff  | 3千訂閱神秘目標進行中2周年公開內容,2022-07-12T06:59:42Z,https://www.twitch.tv/videos/1529464628,https://static-cdn.jtvnw.net/cf_vods/d3vd9lfkzbru3h/16c69e5b92f323ecb2c2_pandora0407_39481013191_1657609175//thumb/thumb0-%{width}x%{height}.jpg
dee8efe8990e458c915e4f6a6a16b49f,3154,【雜談】回來ㄌ,2022-07-11T15:12:06Z,https://www.youtube.com/watch?v=dCLyg5frmRs,https://i.ytimg.com/vi/dCLyg5frmRs/mqdefault.jpg
22ca620b93c94e5cb48175bbecf8d3af,3154,今日唔多廢話，直接講美國推翻羅訴韋德案同墮胎問題 ：今晚直播夜唔夜Ep3.22 2022-7-1,2022-07-01T18:21:01Z,https://www.youtube.com/watch?v=n5gaXKVWcLY,https://i.ytimg.com/vi/n5gaXKVWcLY/mqdefault.jpg
be6c475c291d45a0a7349abdb70be20d,3151,【GTA5實況】我就想拿那個啤酒帽！,2022-07-02T16:41:24Z,https://www.youtube.com/watch?v=W7oqVlItRdc,https://i.ytimg.com/vi/W7oqVlItRdc/mqdefault.jpg
d6c4708f6eb94ac6ad7668363b132248,3150,ASMR 台灣VTuber｜心音+呼吸聲💕讓薩琪陪主人一起睡💕【人偶薩賓娜🧸】,2022-07-18T00:22:54Z,https://www.youtube.com/watch?v=oxUaSDIUSfQ,https://i.ytimg.com/vi/oxUaSDIUSfQ/mqdefault.jpg
c41044006a014ed28107f33221a7de98,3147,【PS5】玩貓貓！！【AsaIfrit】 #asalive,2022-07-24T17:45:13Z,https://www.youtube.com/watch?v=SkyGUeje1-Q,https://i.ytimg.com/vi/SkyGUeje1-Q/mqdefault.jpg
bed13deb3871443980e131a466519b54,3146,【銀鈴雜談】農委會表示「台灣沒有缺蛋，只是需求量大增，所以漲價。」這下電漲價說得通了！台灣不缺ㄉ一ㄢˋ【2022/7/20】,2022-07-20T05:34:50Z,https://www.youtube.com/watch?v=dXyrSg_DuG0,https://i.ytimg.com/vi/dXyrSg_DuG0/mqdefault.jpg
8a4988902b5640e6ae1829285307c636,3145,【i'm on observation duty 5】恐怖版大家來找碴！這次也是預計玩兩張地圖【歐貝爾．Vtuber】,2022-07-10T15:59:17Z,https://www.youtube.com/watch?v=XDSvB3uMSuM,https://i.ytimg.com/vi/XDSvB3uMSuM/mqdefault.jpg
dee8efe8990e458c915e4f6a6a16b49f,3140,【週日腸談】三毛心累到跑去睡覺了 請給他多一點心靈上的安撫，他就像是沒有wifi的小朋友一樣,2022-07-03T15:38:22Z,https://www.youtube.com/watch?v=7GwJn8qeo1o,https://i.ytimg.com/vi/7GwJn8qeo1o/mqdefault.jpg